book;chapter;verse;text
matthew;1;1;βιβλος γενεσεως ιησου χριστου υιου δαβιδ υιου αβρααμ
matthew;1;2;αβρααμ εγεννησεν τον ισαακ ισαακ δε εγεννησεν τον ιακωβ ιακωβ δε εγεννησεν τον ιουδαν και τους αδελφους αυτου
matthew;1;3;ιουδας δε εγεννησεν τον φαρες και τον ζαρα εκ της θαμαρ φαρες δε εγεννησεν τον εσρωμ εσρωμ δε εγεννησεν τον αραμ
matthew;1;4;αραμ δε εγεννησεν τον αμιναδαβ αμιναδαβ δε εγεννησεν τον ναασσων ναασσων δε εγεννησεν τον σαλμων
matthew;1;5;σαλμων δε εγεννησεν τον βοοζ εκ της ραχαβ βοοζ δε εγεννησεν τον ωβηδ εκ της ρουθ ωβηδ δε εγεννησεν τον ιεσσαι
matthew;1;6;ιεσσαι δε εγεννησεν τον δαβιδ τον βασιλεα δαβιδ δε ο βασιλευς εγεννησεν τον σολομωντα εκ της του ουριου
matthew;1;7;σολομων δε εγεννησεν τον ροβοαμ ροβοαμ δε εγεννησεν τον αβια αβια δε εγεννησεν τον ασα
matthew;1;8;ασα δε εγεννησεν τον ιωσαφατ ιωσαφατ δε εγεννησεν τον ιωραμ ιωραμ δε εγεννησεν τον οζιαν
matthew;1;9;οζιας δε εγεννησεν τον ιωαθαμ ιωαθαμ δε εγεννησεν τον αχαζ αχαζ δε εγεννησεν τον εζεκιαν
matthew;1;10;εζεκιας δε εγεννησεν τον μανασση μανασσης δε εγεννησεν τον αμων αμων δε εγεννησεν τον ιωσιαν
matthew;1;11;ιωσιας δε εγεννησεν τον ιεχονιαν και τους αδελφους αυτου επι της μετοικεσιας βαβυλωνος
matthew;1;12;μετα δε την μετοικεσιαν βαβυλωνος ιεχονιας εγεννησεν τον σαλαθιηλ σαλαθιηλ δε εγεννησεν τον ζοροβαβελ
matthew;1;13;ζοροβαβελ δε εγεννησεν τον αβιουδ αβιουδ δε εγεννησεν τον ελιακειμ ελιακειμ δε εγεννησεν τον αζωρ
matthew;1;14;αζωρ δε εγεννησεν τον σαδωκ σαδωκ δε εγεννησεν τον αχειμ αχειμ δε εγεννησεν τον ελιουδ
matthew;1;15;ελιουδ δε εγεννησεν τον ελεαζαρ ελεαζαρ δε εγεννησεν τον ματθαν ματθαν δε εγεννησεν τον ιακωβ
matthew;1;16;ιακωβ δε εγεννησεν τον ιωσηφ τον ανδρα μαριας εξ ης εγεννηθη ιησους ο λεγομενος χριστος
matthew;1;17;πασαι ουν αι γενεαι απο αβρααμ εως δαβιδ γενεαι δεκατεσσαρες και απο δαβιδ εως της μετοικεσιας βαβυλωνος γενεαι δεκατεσσαρες και απο της μετοικεσιας βαβυλωνος εως του χριστου γενεαι δεκατεσσαρες
matthew;1;18;του δε ιησου χριστου η γεννησις ουτως ην μνηστευθεισης γαρ της μητρος αυτου μαριας τω ιωσηφ πριν η συνελθειν αυτους ευρεθη εν γαστρι εχουσα εκ πνευματος αγιου
matthew;1;19;ιωσηφ δε ο ανηρ αυτης δικαιος ων και μη θελων αυτην παραδειγματισαι εβουληθη λαθρα απολυσαι αυτην
matthew;1;20;ταυτα δε αυτου ενθυμηθεντος ιδου αγγελος κυριου κατ οναρ εφανη αυτω λεγων ιωσηφ υιος δαβιδ μη φοβηθης παραλαβειν μαριαμ την γυναικα σου το γαρ εν αυτη γεννηθεν εκ πνευματος εστιν αγιου
matthew;1;21;τεξεται δε υιον και καλεσεις το ονομα αυτου ιησουν αυτος γαρ σωσει τον λαον αυτου απο των αμαρτιων αυτων
matthew;1;22;τουτο δε ολον γεγονεν ινα πληρωθη το ρηθεν υπο του κυριου δια του προφητου λεγοντος
matthew;1;23;ιδου η παρθενος εν γαστρι εξει και τεξεται υιον και καλεσουσιν το ονομα αυτου εμμανουηλ ο εστιν μεθερμηνευομενον μεθ ημων ο θεος
matthew;1;24;διεγερθεις δε ο ιωσηφ απο του υπνου εποιησεν ως προσεταξεν αυτω ο αγγελος κυριου και παρελαβεν την γυναικα αυτου
matthew;1;25;και ουκ εγινωσκεν αυτην εως ου ετεκεν τον υιον αυτης τον πρωτοτοκον και εκαλεσεν το ονομα αυτου ιησουν
matthew;2;1;του δε ιησου γεννηθεντος εν βηθλεεμ της ιουδαιας εν ημεραις ηρωδου του βασιλεως ιδου μαγοι απο ανατολων παρεγενοντο εις ιεροσολυμα
matthew;2;2;λεγοντες που εστιν ο τεχθεις βασιλευς των ιουδαιων ειδομεν γαρ αυτου τον αστερα εν τη ανατολη και ηλθομεν προσκυνησαι αυτω
matthew;2;3;ακουσας δε ηρωδης ο βασιλευς εταραχθη και πασα ιεροσολυμα μετ αυτου
matthew;2;4;και συναγαγων παντας τους αρχιερεις και γραμματεις του λαου επυνθανετο παρ αυτων που ο χριστος γενναται
matthew;2;5;οι δε ειπον αυτω εν βηθλεεμ της ιουδαιας ουτως γαρ γεγραπται δια του προφητου
matthew;2;6;και συ βηθλεεμ γη ιουδα ουδαμως ελαχιστη ει εν τοις ηγεμοσιν ιουδα εκ σου γαρ εξελευσεται ηγουμενος οστις ποιμανει τον λαον μου τον ισραηλ
matthew;2;7;τοτε ηρωδης λαθρα καλεσας τους μαγους ηκριβωσεν παρ αυτων τον χρονον του φαινομενου αστερος
matthew;2;8;και πεμψας αυτους εις βηθλεεμ ειπεν πορευθεντες ακριβως εξετασατε περι του παιδιου επαν δε ευρητε απαγγειλατε μοι οπως καγω ελθων προσκυνησω αυτω
matthew;2;9;οι δε ακουσαντες του βασιλεως επορευθησαν και ιδου ο αστηρ ον ειδον εν τη ανατολη προηγεν αυτους εως ελθων εστη επανω ου ην το παιδιον
matthew;2;10;ιδοντες δε τον αστερα εχαρησαν χαραν μεγαλην σφοδρα
matthew;2;11;και ελθοντες εις την οικιαν το παιδιον μετα μαριας της μητρος αυτου και πεσοντες προσεκυνησαν αυτω και ανοιξαντες τους θησαυρους αυτων προσηνεγκαν αυτω δωρα χρυσον και λιβανον και σμυρναν
matthew;2;12;και χρηματισθεντες κατ οναρ μη ανακαμψαι προς ηρωδην δι αλλης οδου ανεχωρησαν εις την χωραν αυτων
matthew;2;13;αναχωρησαντων δε αυτων ιδου αγγελος κυριου φαινεται κατ οναρ τω ιωσηφ λεγων εγερθεις παραλαβε το παιδιον και την μητερα αυτου και φευγε εις αιγυπτον και ισθι εκει εως αν ειπω σοι μελλει γαρ ηρωδης ζητειν το παιδιον του απολεσαι αυτο
matthew;2;14;ο δε εγερθεις παρελαβεν το παιδιον και την μητερα αυτου νυκτος και ανεχωρησεν εις αιγυπτον
matthew;2;15;και ην εκει εως της τελευτης ηρωδου ινα πληρωθη το ρηθεν υπο του κυριου δια του προφητου λεγοντος εξ αιγυπτου εκαλεσα τον υιον μου
matthew;2;16;τοτε ηρωδης ιδων οτι ενεπαιχθη υπο των μαγων εθυμωθη λιαν και αποστειλας ανειλεν παντας τους παιδας τους εν βηθλεεμ και εν πασιν τοις οριοις αυτης απο διετους και κατωτερω κατα τον χρονον ον ηκριβωσεν παρα των μαγων
matthew;2;17;τοτε επληρωθη το ρηθεν υπο ιερεμιου του προφητου λεγοντος
matthew;2;18;φωνη εν ραμα ηκουσθη θρηνος και κλαυθμος και οδυρμος πολυς ραχηλ κλαιουσα τα τεκνα αυτης και ουκ ηθελεν παρακληθηναι οτι ουκ εισιν
matthew;2;19;τελευτησαντος δε του ηρωδου ιδου αγγελος κυριου κατ οναρ φαινεται τω ιωσηφ εν αιγυπτω
matthew;2;20;λεγων εγερθεις παραλαβε το παιδιον και την μητερα αυτου και πορευου εις γην ισραηλ τεθνηκασιν γαρ οι ζητουντες την ψυχην του παιδιου
matthew;2;21;ο δε εγερθεις παρελαβεν το παιδιον και την μητερα αυτου και ηλθεν εις γην ισραηλ
matthew;2;22;ακουσας δε οτι αρχελαος βασιλευει επι της ιουδαιας αντι ηρωδου του πατρος αυτου εφοβηθη εκει απελθειν χρηματισθεις δε κατ οναρ ανεχωρησεν εις τα μερη της γαλιλαιας
matthew;2;23;και ελθων κατωκησεν εις πολιν λεγομενην οπως πληρωθη το ρηθεν δια των προφητων οτι ναζωραιος κληθησεται
matthew;3;1;εν δε ταις ημεραις εκειναις παραγινεται ιωαννης ο βαπτιστης κηρυσσων εν τη ερημω της ιουδαιας
matthew;3;2;και λεγων μετανοειτε ηγγικεν γαρ η βασιλεια των ουρανων
matthew;3;3;ουτος γαρ εστιν ο ρηθεις υπο ησαιου του προφητου λεγοντος φωνη βοωντος εν τη ερημω ετοιμασατε την οδον κυριου ευθειας ποιειτε τας τριβους αυτου
matthew;3;4;αυτος δε ο ιωαννης ειχεν το ενδυμα αυτου απο τριχων καμηλου και ζωνην δερματινην περι την οσφυν αυτου η δε τροφη αυτου ην ακριδες και μελι αγριον
matthew;3;5;τοτε εξεπορευετο προς αυτον ιεροσολυμα και πασα η ιουδαια και πασα η περιχωρος του ιορδανου
matthew;3;6;και εβαπτιζοντο εν τω ιορδανη υπ αυτου εξομολογουμενοι τας αμαρτιας αυτων
matthew;3;7;ιδων δε πολλους των φαρισαιων και σαδδουκαιων ερχομενους επι το βαπτισμα αυτου ειπεν αυτοις γεννηματα εχιδνων τις υπεδειξεν υμιν φυγειν απο της μελλουσης οργης
matthew;3;8;ποιησατε ουν καρπους αξιους της μετανοιας
matthew;3;9;και μη δοξητε λεγειν εν εαυτοις πατερα εχομεν τον αβρααμ λεγω γαρ υμιν οτι δυναται ο θεος εκ των λιθων τουτων εγειραι τεκνα τω αβρααμ
matthew;3;10;ηδη δε και η αξινη προς την ριζαν των δενδρων κειται παν ουν δενδρον μη ποιουν καρπον καλον εκκοπτεται και εις πυρ βαλλεται
matthew;3;11;εγω μεν βαπτιζω υμας εν υδατι εις μετανοιαν ο δε οπισω μου ερχομενος ισχυροτερος μου εστιν ου ουκ ειμι ικανος τα υποδηματα βαστασαι αυτος υμας βαπτισει εν πνευματι αγιω και πυρι
matthew;3;12;ου το πτυον εν τη χειρι αυτου και διακαθαριει την αλωνα αυτου και συναξει τον σιτον αυτου εις την αποθηκην το δε αχυρον κατακαυσει πυρι ασβεστω
matthew;3;13;τοτε παραγινεται ο ιησους απο της γαλιλαιας επι τον ιορδανην προς τον ιωαννην του βαπτισθηναι υπ αυτου
matthew;3;14;ο δε ιωαννης διεκωλυεν αυτον λεγων εγω χρειαν εχω υπο σου βαπτισθηναι και συ ερχη προς με
matthew;3;15;αποκριθεις δε ο ιησους ειπεν προς αυτον αφες αρτι ουτως γαρ πρεπον εστιν ημιν πληρωσαι πασαν δικαιοσυνην τοτε αφιησιν αυτον
matthew;3;16;και βαπτισθεις ο ιησους ανεβη ευθυς απο του υδατος και ιδου ανεωχθησαν αυτω οι ουρανοι και ειδεν το πνευμα του θεου καταβαινον ωσει περιστεραν και ερχομενον επ αυτον
matthew;3;17;και ιδου φωνη εκ των ουρανων λεγουσα ουτος εστιν ο υιος μου ο αγαπητος εν ω ευδοκησα
matthew;4;1;τοτε ο ιησους ανηχθη εις την ερημον υπο του πνευματος πειρασθηναι υπο του διαβολου
matthew;4;2;και νηστευσας ημερας τεσσαρακοντα και νυκτας τεσσαρακοντα υστερον επεινασεν
matthew;4;3;και προσελθων αυτω ο πειραζων ειπεν ει υιος ει του θεου ειπε ινα οι λιθοι ουτοι αρτοι γενωνται
matthew;4;4;ο δε αποκριθεις ειπεν γεγραπται ουκ επ αρτω μονω ζησεται ανθρωπος αλλ επι παντι ρηματι εκπορευομενω δια στοματος θεου
matthew;4;5;τοτε παραλαμβανει αυτον ο διαβολος εις την αγιαν πολιν και ιστησιν αυτον επι το πτερυγιον του ιερου
matthew;4;6;και λεγει αυτω ει υιος ει του θεου βαλε σεαυτον κατω γεγραπται γαρ οτι τοις αγγελοις αυτου εντελειται περι σου και επι χειρων αρουσιν σε μηποτε προσκοψης προς λιθον τον ποδα σου
matthew;4;7;εφη αυτω ο ιησους παλιν γεγραπται ουκ εκπειρασεις κυριον τον θεον σου
matthew;4;8;παλιν παραλαμβανει αυτον ο διαβολος εις ορος υψηλον λιαν και δεικνυσιν αυτω πασας τας βασιλειας του κοσμου και την δοξαν αυτων
matthew;4;9;και λεγει αυτω ταυτα παντα σοι δωσω εαν πεσων προσκυνησης μοι
matthew;4;10;τοτε λεγει αυτω ο ιησους υπαγε σατανα γεγραπται γαρ κυριον τον θεον σου προσκυνησεις και αυτω μονω λατρευσεις
matthew;4;11;τοτε αφιησιν αυτον ο διαβολος και ιδου αγγελοι προσηλθον και διηκονουν αυτω
matthew;4;12;ακουσας δε ο ιησους οτι ιωαννης παρεδοθη ανεχωρησεν εις την γαλιλαιαν
matthew;4;13;και καταλιπων την ελθων κατωκησεν εις καπερναουμ την παραθαλασσιαν εν οριοις ζαβουλων και νεφθαλειμ
matthew;4;14;ινα πληρωθη το ρηθεν δια ησαιου του προφητου λεγοντος
matthew;4;15;γη ζαβουλων και γη νεφθαλειμ οδον θαλασσης περαν του ιορδανου γαλιλαια των εθνων
matthew;4;16;ο λαος ο καθημενος εν σκοτει ειδε φως μεγα και τοις καθημενοις εν χωρα και σκια θανατου φως ανετειλεν αυτοις
matthew;4;17;απο τοτε ηρξατο ο ιησους κηρυσσειν και λεγειν μετανοειτε ηγγικεν γαρ η βασιλεια των ουρανων
matthew;4;18;περιπατων δε ο ιησους παρα την θαλασσαν της γαλιλαιας ειδεν δυο αδελφους σιμωνα τον λεγομενον πετρον και ανδρεαν τον αδελφον αυτου βαλλοντας αμφιβληστρον εις την θαλασσαν ησαν γαρ αλιεις
matthew;4;19;και λεγει αυτοις δευτε οπισω μου και ποιησω υμας αλιεις ανθρωπων
matthew;4;20;οι δε ευθεως αφεντες τα δικτυα ηκολουθησαν αυτω
matthew;4;21;και προβας εκειθεν ειδεν αλλους δυο αδελφους ιακωβον τον του ζεβεδαιου και ιωαννην τον αδελφον αυτου εν τω πλοιω μετα ζεβεδαιου του πατρος αυτων καταρτιζοντας τα δικτυα αυτων και εκαλεσεν αυτους
matthew;4;22;οι δε ευθεως αφεντες το πλοιον και τον πατερα αυτων ηκολουθησαν αυτω
matthew;4;23;και περιηγεν ολην την γαλιλαιαν ο ιησους διδασκων εν ταις συναγωγαις αυτων και κηρυσσων το ευαγγελιον της βασιλειας και θεραπευων πασαν νοσον και πασαν μαλακιαν εν τω λαω
matthew;4;24;και απηλθεν η ακοη αυτου εις ολην την συριαν και προσηνεγκαν αυτω παντας τους κακως εχοντας ποικιλαις νοσοις και βασανοις συνεχομενους και δαιμονιζομενους και σεληνιαζομενους και παραλυτικους και εθεραπευσεν αυτους
matthew;4;25;και ηκολουθησαν αυτω οχλοι πολλοι απο της γαλιλαιας και δεκαπολεως και ιεροσολυμων και ιουδαιας και περαν του ιορδανου
matthew;5;1;ιδων δε τους οχλους ανεβη εις το ορος και καθισαντος αυτου προσηλθον αυτω οι μαθηται αυτου
matthew;5;2;και ανοιξας το στομα αυτου εδιδασκεν αυτους λεγων
matthew;5;3;μακαριοι οι πτωχοι τω πνευματι οτι αυτων εστιν η βασιλεια των ουρανων
matthew;5;4;μακαριοι οι πενθουντες οτι αυτοι παρακληθησονται
matthew;5;5;μακαριοι οι πραεις οτι αυτοι κληρονομησουσιν την γην
matthew;5;6;μακαριοι οι πεινωντες και διψωντες την δικαιοσυνην οτι αυτοι χορτασθησονται
matthew;5;7;μακαριοι οι ελεημονες οτι αυτοι ελεηθησονται
matthew;5;8;μακαριοι οι καθαροι τη καρδια οτι αυτοι τον θεον οψονται
matthew;5;9;μακαριοι οι ειρηνοποιοι οτι αυτοι υιοι θεου κληθησονται
matthew;5;10;μακαριοι οι δεδιωγμενοι ενεκεν δικαιοσυνης οτι αυτων εστιν η βασιλεια των ουρανων
matthew;5;11;μακαριοι εστε οταν ονειδισωσιν υμας και διωξωσιν και ειπωσιν παν πονηρον ρημα καθ υμων ψευδομενοι ενεκεν εμου
matthew;5;12;χαιρετε και αγαλλιασθε οτι ο μισθος υμων πολυς εν τοις ουρανοις ουτως γαρ εδιωξαν τους προφητας τους προ υμων
matthew;5;13;υμεις εστε το αλας της γης εαν δε το αλας μωρανθη εν τινι αλισθησεται εις ουδεν ισχυει ετι ει μη βληθηναι εξω και καταπατεισθαι υπο των ανθρωπων
matthew;5;14;υμεις εστε το φως του κοσμου ου δυναται πολις κρυβηναι επανω ορους κειμενη
matthew;5;15;ουδε καιουσιν λυχνον και τιθεασιν αυτον υπο τον μοδιον αλλ επι την λυχνιαν και λαμπει πασιν τοις εν τη οικια
matthew;5;16;ουτως λαμψατω το φως υμων εμπροσθεν των ανθρωπων οπως ιδωσιν υμων τα καλα εργα και δοξασωσιν τον πατερα υμων τον εν τοις ουρανοις
matthew;5;17;μη νομισητε οτι ηλθον καταλυσαι τον νομον η τους προφητας ουκ ηλθον καταλυσαι αλλα πληρωσαι
matthew;5;18;αμην γαρ λεγω υμιν εως αν παρελθη ο ουρανος και η γη ιωτα εν η μια κεραια ου μη παρελθη απο του νομου εως αν παντα γενηται
matthew;5;19;ος εαν ουν λυση μιαν των εντολων τουτων των ελαχιστων και διδαξη ουτως τους ανθρωπους ελαχιστος κληθησεται εν τη βασιλεια των ουρανων ος δ αν ποιηση και διδαξη ουτος μεγας κληθησεται εν τη βασιλεια των ουρανων
matthew;5;20;λεγω γαρ υμιν οτι εαν μη περισσευση η δικαιοσυνη υμων πλειον των γραμματεων και φαρισαιων ου μη εισελθητε εις την βασιλειαν των ουρανων
matthew;5;21;ηκουσατε οτι ερρεθη τοις αρχαιοις ου φονευσεις ος δ αν φονευση ενοχος εσται τη κρισει
matthew;5;22;εγω δε λεγω υμιν οτι πας ο οργιζομενος τω αδελφω αυτου εικη ενοχος εσται τη κρισει ος δ αν ειπη τω αδελφω αυτου ρακα ενοχος εσται τω συνεδριω ος δ αν ειπη μωρε ενοχος εσται εις την γεενναν του πυρος
matthew;5;23;εαν ουν προσφερης το δωρον σου επι το θυσιαστηριον κακει μνησθης οτι ο αδελφος σου εχει τι κατα σου
matthew;5;24;αφες εκει το δωρον σου εμπροσθεν του θυσιαστηριου και υπαγε πρωτον διαλλαγηθι τω αδελφω σου και τοτε ελθων προσφερε το δωρον σου
matthew;5;25;ισθι ευνοων τω αντιδικω σου ταχυ εως οτου ει εν τη οδω μετ αυτου μηποτε σε παραδω ο αντιδικος τω κριτη και ο κριτης σε παραδω τω υπηρετη και εις φυλακην βληθηση
matthew;5;26;αμην λεγω σοι ου μη εξελθης εκειθεν εως αν αποδως τον εσχατον κοδραντην
matthew;5;27;ηκουσατε οτι ερρεθη τοις αρχαιοις ου μοιχευσεις
matthew;5;28;εγω δε λεγω υμιν οτι πας ο βλεπων γυναικα προς το επιθυμησαι αυτης ηδη εμοιχευσεν αυτην εν τη καρδια αυτου
matthew;5;29;ει δε ο οφθαλμος σου ο δεξιος σκανδαλιζει σε εξελε αυτον και βαλε απο σου συμφερει γαρ σοι ινα αποληται εν των μελων σου και μη ολον το σωμα σου βληθη εις γεενναν
matthew;5;30;και ει η δεξια σου χειρ σκανδαλιζει σε εκκοψον αυτην και βαλε απο σου συμφερει γαρ σοι ινα αποληται εν των μελων σου και μη ολον το σωμα σου βληθη εις γεενναν
matthew;5;31;ερρεθη δε οτι ος αν απολυση την γυναικα αυτου δοτω αυτη αποστασιον
matthew;5;32;εγω δε λεγω υμιν οτι ος αν απολυση την γυναικα αυτου παρεκτος λογου πορνειας ποιει αυτην μοιχασθαι και ος εαν απολελυμενην γαμηση μοιχαται
matthew;5;33;παλιν ηκουσατε οτι ερρεθη τοις αρχαιοις ουκ επιορκησεις αποδωσεις δε τω κυριω τους ορκους σου
matthew;5;34;εγω δε λεγω υμιν μη ομοσαι ολως μητε εν τω ουρανω οτι θρονος εστιν του θεου
matthew;5;35;μητε εν τη γη οτι υποποδιον εστιν των ποδων αυτου μητε εις ιεροσολυμα οτι πολις εστιν του μεγαλου βασιλεως
matthew;5;36;μητε εν τη κεφαλη σου ομοσης οτι ου δυνασαι μιαν τριχα λευκην η μελαιναν ποιησαι
matthew;5;37;εστω δε ο λογος υμων ναι ναι ου ου το δε περισσον τουτων εκ του πονηρου εστιν
matthew;5;38;ηκουσατε οτι ερρεθη οφθαλμον αντι οφθαλμου και οδοντα αντι οδοντος
matthew;5;39;εγω δε λεγω υμιν μη αντιστηναι τω πονηρω αλλ οστις σε ραπισει επι την δεξιαν σου σιαγονα στρεψον αυτω και την αλλην
matthew;5;40;και τω θελοντι σοι κριθηναι και τον χιτωνα σου λαβειν αφες αυτω και το ιματιον
matthew;5;41;και οστις σε αγγαρευσει μιλιον εν υπαγε μετ αυτου δυο
matthew;5;42;τω αιτουντι σε διδου και τον θελοντα απο σου δανεισασθαι μη αποστραφης
matthew;5;43;ηκουσατε οτι ερρεθη αγαπησεις τον πλησιον σου και μισησεις τον εχθρον σου
matthew;5;44;εγω δε λεγω υμιν αγαπατε τους εχθρους υμων ευλογειτε τους καταρωμενους υμας καλως ποιειτε τους μισουντας υμας και προσευχεσθε υπερ των επηρεαζοντων υμας και διωκοντων υμας
matthew;5;45;οπως γενησθε υιοι του πατρος υμων του εν ουρανοις οτι τον ηλιον αυτου ανατελλει επι πονηρους και αγαθους και βρεχει επι δικαιους και αδικους
matthew;5;46;εαν γαρ αγαπησητε τους αγαπωντας υμας τινα μισθον εχετε ουχι και οι τελωναι το αυτο ποιουσιν
matthew;5;47;και εαν ασπασησθε τους αδελφους υμων μονον τι περισσον ποιειτε ουχι και οι τελωναι ουτως ποιουσιν
matthew;5;48;εσεσθε ουν υμεις τελειοι ωσπερ ο πατηρ υμων ο εν τοις ουρανοις τελειος εστιν
matthew;6;1;προσεχετε την ελεημοσυνην υμων μη ποιειν εμπροσθεν των ανθρωπων προς το θεαθηναι αυτοις ει δε μηγε μισθον ουκ εχετε παρα τω πατρι υμων τω εν τοις ουρανοις
matthew;6;2;οταν ουν ποιης ελεημοσυνην μη σαλπισης εμπροσθεν σου ωσπερ οι υποκριται ποιουσιν εν ταις συναγωγαις και εν ταις ρυμαις οπως δοξασθωσιν υπο των ανθρωπων αμην λεγω υμιν απεχουσιν τον μισθον αυτων
matthew;6;3;σου δε ποιουντος ελεημοσυνην μη γνωτω η αριστερα σου τι ποιει η δεξια σου
matthew;6;4;οπως η σου η ελεημοσυνη εν τω κρυπτω και ο πατηρ σου ο βλεπων εν τω κρυπτω αυτος αποδωσει σοι εν τω φανερω
matthew;6;5;και οταν προσευχη ουκ εση ωσπερ οι υποκριται οτι φιλουσιν εν ταις συναγωγαις και εν ταις γωνιαις των πλατειων εστωτες προσευχεσθαι οπως αν φανωσιν τοις ανθρωποις αμην λεγω υμιν οτι απεχουσιν τον μισθον αυτων
matthew;6;6;συ δε οταν προσευχη εισελθε εις το ταμιειον σου και κλεισας την θυραν σου προσευξαι τω πατρι σου τω εν τω κρυπτω και ο πατηρ σου ο βλεπων εν τω κρυπτω αποδωσει σοι εν τω φανερω
matthew;6;7;προσευχομενοι δε μη βαττολογησητε ωσπερ οι εθνικοι δοκουσιν γαρ οτι εν τη πολυλογια αυτων εισακουσθησονται
matthew;6;8;μη ουν ομοιωθητε αυτοις οιδεν γαρ ο πατηρ υμων ων χρειαν εχετε προ του υμας αιτησαι αυτον
matthew;6;9;ουτως ουν προσευχεσθε υμεις πατερ ημων ο εν τοις ουρανοις αγιασθητω το ονομα σου
matthew;6;10;ελθετω η βασιλεια σου γενηθητω το θελημα σου ως εν ουρανω και επι της γης
matthew;6;11;τον αρτον ημων τον επιουσιον δος ημιν σημερον
matthew;6;12;και αφες ημιν τα οφειληματα ημων ως και ημεις αφιεμεν τοις οφειλεταις ημων
matthew;6;13;και μη εισενεγκης ημας εις πειρασμον αλλα ρυσαι ημας απο του πονηρου οτι σου εστιν η βασιλεια και η δυναμις και η δοξα εις τους αιωνας αμην
matthew;6;14;εαν γαρ αφητε τοις ανθρωποις τα παραπτωματα αυτων αφησει και υμιν ο πατηρ υμων ο ουρανιος
matthew;6;15;εαν δε μη αφητε τοις ανθρωποις τα παραπτωματα αυτων ουδε ο πατηρ υμων αφησει τα παραπτωματα υμων
matthew;6;16;οταν δε νηστευητε μη γινεσθε ωσπερ οι υποκριται σκυθρωποι αφανιζουσιν γαρ τα προσωπα αυτων οπως φανωσιν τοις ανθρωποις νηστευοντες αμην λεγω υμιν οτι απεχουσιν τον μισθον αυτων
matthew;6;17;συ δε νηστευων αλειψαι σου την κεφαλην και το προσωπον σου νιψαι
matthew;6;18;οπως μη φανης τοις ανθρωποις νηστευων αλλα τω πατρι σου τω εν τω κρυπτω και ο πατηρ σου ο βλεπων εν τω κρυπτω αποδωσει σοι εν τω φανερω
matthew;6;19;μη θησαυριζετε υμιν θησαυρους επι της γης οπου σης και βρωσις αφανιζει και οπου κλεπται διορυσσουσιν και κλεπτουσιν
matthew;6;20;θησαυριζετε δε υμιν θησαυρους εν ουρανω οπου ουτε σης ουτε βρωσις αφανιζει και οπου κλεπται ου διορυσσουσιν ουδε κλεπτουσιν
matthew;6;21;οπου γαρ εστιν ο θησαυρος υμων εκει εσται και η καρδια υμων
matthew;6;22;ο λυχνος του σωματος εστιν ο οφθαλμος εαν ουν ο οφθαλμος σου απλους η ολον το σωμα σου φωτεινον εσται
matthew;6;23;εαν δε ο οφθαλμος σου πονηρος η ολον το σωμα σου σκοτεινον εσται ει ουν το φως το εν σοι σκοτος εστιν το σκοτος ποσον
matthew;6;24;ουδεις δυναται δυσι κυριοις δουλευειν η γαρ τον ενα μισησει και τον ετερον αγαπησει η ενος ανθεξεται και του ετερου καταφρονησει ου δυνασθε θεω δουλευειν και μαμμωνα
matthew;6;25;δια τουτο λεγω υμιν μη μεριμνατε τη ψυχη υμων τι φαγητε και τι πιητε μηδε τω σωματι υμων τι ενδυσησθε ουχι η ψυχη πλειον εστιν της τροφης και το σωμα του ενδυματος
matthew;6;26;εμβλεψατε εις τα πετεινα του ουρανου οτι ου σπειρουσιν ουδε θεριζουσιν ουδε συναγουσιν εις αποθηκας και ο πατηρ υμων ο ουρανιος τρεφει αυτα ουχ υμεις μαλλον διαφερετε αυτων
matthew;6;27;τις δε εξ υμων μεριμνων δυναται προσθειναι επι την ηλικιαν αυτου πηχυν ενα
matthew;6;28;και περι ενδυματος τι μεριμνατε καταμαθετε τα κρινα του αγρου πως αυξανει ου κοπια ουδε νηθει
matthew;6;29;λεγω δε υμιν οτι ουδε σολομων εν παση τη δοξη αυτου περιεβαλετο ως εν τουτων
matthew;6;30;ει δε τον χορτον του αγρου σημερον οντα και αυριον εις κλιβανον βαλλομενον ο θεος ουτως αμφιεννυσιν ου πολλω μαλλον υμας ολιγοπιστοι
matthew;6;31;μη ουν μεριμνησητε λεγοντες τι φαγωμεν η τι πιωμεν η τι περιβαλωμεθα
matthew;6;32;παντα γαρ ταυτα τα εθνη επιζητει οιδεν γαρ ο πατηρ υμων ο ουρανιος οτι χρηζετε τουτων απαντων
matthew;6;33;ζητειτε δε πρωτον την βασιλειαν του θεου και την δικαιοσυνην αυτου και ταυτα παντα προστεθησεται υμιν
matthew;6;34;μη ουν μεριμνησητε εις την αυριον η γαρ αυριον μεριμνησει τα εαυτης αρκετον τη ημερα η κακια αυτης
matthew;7;1;μη κρινετε ινα μη κριθητε
matthew;7;2;εν ω γαρ κριματι κρινετε κριθησεσθε και εν ω μετρω μετρειτε αντιμετρηθησεται υμιν
matthew;7;3;τι δε βλεπεις το καρφος το εν τω οφθαλμω του αδελφου σου την δε εν τω σω οφθαλμω δοκον ου κατανοεις
matthew;7;4;η πως ερεις τω αδελφω σου αφες εκβαλω το καρφος απο του οφθαλμου σου και ιδου η δοκος εν τω οφθαλμω σου
matthew;7;5;υποκριτα εκβαλε πρωτον την δοκον εκ του οφθαλμου σου και τοτε διαβλεψεις εκβαλειν το καρφος εκ του οφθαλμου του αδελφου σου
matthew;7;6;μη δωτε το αγιον τοις κυσιν μηδε βαλητε τους μαργαριτας υμων εμπροσθεν των χοιρων μηποτε καταπατησωσιν αυτους εν τοις ποσιν αυτων και στραφεντες ρηξωσιν υμας
matthew;7;7;αιτειτε και δοθησεται υμιν ζητειτε και ευρησετε κρουετε και ανοιγησεται υμιν
matthew;7;8;πας γαρ ο αιτων λαμβανει και ο ζητων ευρισκει και τω κρουοντι ανοιγησεται
matthew;7;9;η τις εστιν εξ υμων ανθρωπος ον εαν αιτηση ο υιος αυτου αρτον μη λιθον επιδωσει αυτω
matthew;7;10;και εαν ιχθυν αιτηση μη οφιν επιδωσει αυτω
matthew;7;11;ει ουν υμεις πονηροι οντες οιδατε δοματα αγαθα διδοναι τοις τεκνοις υμων ποσω μαλλον ο πατηρ υμων ο εν τοις ουρανοις δωσει αγαθα τοις αιτουσιν αυτον
matthew;7;12;παντα ουν οσα αν θελητε ινα ποιωσιν υμιν οι ανθρωποι ουτως και υμεις ποιειτε αυτοις ουτος γαρ εστιν ο νομος και οι προφηται
matthew;7;13;εισελθετε δια της στενης πυλης οτι πλατεια η πυλη και ευρυχωρος η οδος η απαγουσα εις την απωλειαν και πολλοι εισιν οι εισερχομενοι δι αυτης
matthew;7;14;οτι στενη η πυλη και τεθλιμμενη η οδος η απαγουσα εις την ζωην και ολιγοι εισιν οι ευρισκοντες αυτην
matthew;7;15;προσεχετε δε απο των ψευδοπροφητων οιτινες ερχονται προς υμας εν ενδυμασιν προβατων εσωθεν δε εισιν λυκοι αρπαγες
matthew;7;16;απο των καρπων αυτων επιγνωσεσθε αυτους μητι συλλεγουσιν απο ακανθων σταφυλην η απο τριβολων συκα
matthew;7;17;ουτως παν δενδρον αγαθον καρπους καλους ποιει το δε σαπρον δενδρον καρπους πονηρους ποιει
matthew;7;18;ου δυναται δενδρον αγαθον καρπους πονηρους ποιειν ουδε δενδρον σαπρον καρπους καλους ποιειν
matthew;7;19;παν δενδρον μη ποιουν καρπον καλον εκκοπτεται και εις πυρ βαλλεται
matthew;7;20;αραγε απο των καρπων αυτων επιγνωσεσθε αυτους
matthew;7;21;ου πας ο λεγων μοι κυριε κυριε εισελευσεται εις την βασιλειαν των ουρανων αλλ ο ποιων το θελημα του πατρος μου του εν ουρανοις
matthew;7;22;πολλοι ερουσιν μοι εν εκεινη τη ημερα κυριε κυριε ου τω σω ονοματι προεφητευσαμεν και τω σω ονοματι δαιμονια εξεβαλομεν και τω σω ονοματι δυναμεις πολλας εποιησαμεν
matthew;7;23;και τοτε ομολογησω αυτοις οτι ουδεποτε εγνων υμας αποχωρειτε απ εμου οι εργαζομενοι την ανομιαν
matthew;7;24;πας ουν οστις ακουει μου τους λογους τουτους και ποιει αυτους ομοιωσω αυτον ανδρι φρονιμω οστις ωκοδομησεν την οικιαν αυτου επι την πετραν
matthew;7;25;και κατεβη η βροχη και ηλθον οι ποταμοι και επνευσαν οι ανεμοι και προσεπεσον τη οικια εκεινη και ουκ επεσεν τεθεμελιωτο γαρ επι την πετραν
matthew;7;26;και πας ο ακουων μου τους λογους τουτους και μη ποιων αυτους ομοιωθησεται ανδρι μωρω οστις ωκοδομησεν την οικιαν αυτου επι την αμμον
matthew;7;27;και κατεβη η βροχη και ηλθον οι ποταμοι και επνευσαν οι ανεμοι και προσεκοψαν τη οικια εκεινη και επεσεν και ην η πτωσις αυτης μεγαλη
matthew;7;28;και εγενετο οτε συνετελεσεν ο ιησους τους λογους τουτους εξεπλησσοντο οι οχλοι επι τη διδαχη αυτου
matthew;7;29;ην γαρ διδασκων αυτους ως εξουσιαν εχων και ουχ ως οι γραμματεις
matthew;8;1;καταβαντι δε αυτω απο του ορους ηκολουθησαν αυτω οχλοι πολλοι
matthew;8;2;και ιδου λεπρος ελθων προσεκυνει αυτω λεγων κυριε εαν θελης δυνασαι με καθαρισαι
matthew;8;3;και εκτεινας την χειρα ηψατο αυτου ο ιησους λεγων θελω καθαρισθητι και ευθεως εκαθαρισθη αυτου η λεπρα
matthew;8;4;και λεγει αυτω ο ιησους ορα μηδενι ειπης αλλ υπαγε σεαυτον δειξον τω ιερει και προσενεγκε το δωρον ο προσεταξεν μωσης εις μαρτυριον αυτοις
matthew;8;5;εισελθοντι δε τω ιησου εις καπερναουμ προσηλθεν αυτω εκατονταρχος παρακαλων αυτον
matthew;8;6;και λεγων κυριε ο παις μου βεβληται εν τη οικια παραλυτικος δεινως βασανιζομενος
matthew;8;7;και λεγει αυτω ο ιησους εγω ελθων θεραπευσω αυτον
matthew;8;8;και αποκριθεις ο εκατονταρχος εφη κυριε ουκ ειμι ικανος ινα μου υπο την στεγην εισελθης αλλα μονον ειπε λογον και ιαθησεται ο παις μου
matthew;8;9;και γαρ εγω ανθρωπος ειμι υπο εξουσιαν εχων υπ εμαυτον στρατιωτας και λεγω τουτω πορευθητι και πορευεται και αλλω ερχου και ερχεται και τω δουλω μου ποιησον τουτο και ποιει
matthew;8;10;ακουσας δε ο ιησους εθαυμασεν και ειπεν τοις ακολουθουσιν αμην λεγω υμιν ουδε εν τω ισραηλ τοσαυτην πιστιν ευρον
matthew;8;11;λεγω δε υμιν οτι πολλοι απο ανατολων και δυσμων ηξουσιν και ανακλιθησονται μετα αβρααμ και ισαακ και ιακωβ εν τη βασιλεια των ουρανων
matthew;8;12;οι δε υιοι της βασιλειας εκβληθησονται εις το σκοτος το εξωτερον εκει εσται ο κλαυθμος και ο βρυγμος των οδοντων
matthew;8;13;και ειπεν ο ιησους τω εκατονταρχω υπαγε και ως επιστευσας γενηθητω σοι και ιαθη ο παις αυτου εν τη ωρα εκεινη
matthew;8;14;και ελθων ο ιησους εις την οικιαν πετρου ειδεν την πενθεραν αυτου βεβλημενην και πυρεσσουσαν
matthew;8;15;και ηψατο της χειρος αυτης και αφηκεν αυτην ο πυρετος και ηγερθη και διηκονει αυτοις
matthew;8;16;οψιας δε γενομενης προσηνεγκαν αυτω δαιμονιζομενους πολλους και εξεβαλεν τα πνευματα λογω και παντας τους κακως εχοντας εθεραπευσεν
matthew;8;17;οπως πληρωθη το ρηθεν δια ησαιου του προφητου λεγοντος αυτος τας ασθενειας ημων ελαβεν και τας νοσους εβαστασεν
matthew;8;18;ιδων δε ο ιησους πολλους οχλους περι αυτον εκελευσεν απελθειν εις το περαν
matthew;8;19;και προσελθων εις γραμματευς ειπεν αυτω διδασκαλε ακολουθησω σοι οπου εαν απερχη
matthew;8;20;και λεγει αυτω ο ιησους αι αλωπεκες φωλεους εχουσιν και τα πετεινα του ουρανου κατασκηνωσεις ο δε υιος του ανθρωπου ουκ εχει που την κεφαλην κλινη
matthew;8;21;ετερος δε των μαθητων αυτου ειπεν αυτω κυριε επιτρεψον μοι πρωτον απελθειν και θαψαι τον πατερα μου
matthew;8;22;ο δε ιησους ειπεν αυτω ακολουθει μοι και αφες τους νεκρους θαψαι τους εαυτων νεκρους
matthew;8;23;και εμβαντι αυτω εις το πλοιον ηκολουθησαν αυτω οι μαθηται αυτου
matthew;8;24;και ιδου σεισμος μεγας εγενετο εν τη θαλασση ωστε το πλοιον καλυπτεσθαι υπο των κυματων αυτος δε εκαθευδεν
matthew;8;25;και προσελθοντες οι μαθηται αυτου ηγειραν αυτον λεγοντες κυριε σωσον ημας απολλυμεθα
matthew;8;26;και λεγει αυτοις τι δειλοι εστε ολιγοπιστοι τοτε εγερθεις επετιμησεν τοις ανεμοις και τη θαλασση και εγενετο γαληνη μεγαλη
matthew;8;27;οι δε ανθρωποι εθαυμασαν λεγοντες ποταπος εστιν ουτος οτι και οι ανεμοι και η θαλασσα υπακουουσιν αυτω
matthew;8;28;και ελθοντι αυτω εις το περαν εις την χωραν των γεργεσηνων υπηντησαν αυτω δυο δαιμονιζομενοι εκ των μνημειων εξερχομενοι χαλεποι λιαν ωστε μη ισχυειν τινα παρελθειν δια της οδου εκεινης
matthew;8;29;και ιδου εκραξαν λεγοντες τι ημιν και σοι ιησου υιε του θεου ηλθες ωδε προ καιρου βασανισαι ημας
matthew;8;30;ην δε μακραν απ αυτων αγελη χοιρων πολλων βοσκομενη
matthew;8;31;οι δε δαιμονες παρεκαλουν αυτον λεγοντες ει εκβαλλεις ημας επιτρεψον ημιν απελθειν εις την αγελην των χοιρων
matthew;8;32;και ειπεν αυτοις υπαγετε οι δε εξελθοντες απηλθον εις την αγελην των χοιρων και ιδου ωρμησεν πασα η αγελη των χοιρων κατα του κρημνου εις την θαλασσαν και απεθανον εν τοις υδασιν
matthew;8;33;οι δε βοσκοντες εφυγον και απελθοντες εις την πολιν απηγγειλαν παντα και τα των δαιμονιζομενων
matthew;8;34;και ιδου πασα η πολις εξηλθεν εις συναντησιν τω ιησου και ιδοντες αυτον παρεκαλεσαν οπως μεταβη απο των οριων αυτων
matthew;9;1;και εμβας εις το πλοιον διεπερασεν και ηλθεν εις την ιδιαν πολιν
matthew;9;2;και ιδου προσεφερον αυτω παραλυτικον επι κλινης βεβλημενον και ιδων ο ιησους την πιστιν αυτων ειπεν τω παραλυτικω θαρσει τεκνον αφεωνται σοι αι αμαρτιαι σου
matthew;9;3;και ιδου τινες των γραμματεων ειπον εν εαυτοις ουτος βλασφημει
matthew;9;4;και ιδων ο ιησους τας ενθυμησεις αυτων ειπεν ινα τι υμεις ενθυμεισθε πονηρα εν ταις καρδιαις υμων
matthew;9;5;τι γαρ εστιν ευκοπωτερον ειπειν αφεωνται σοι αι αμαρτιαι η ειπειν εγειραι και περιπατει
matthew;9;6;ινα δε ειδητε οτι εξουσιαν εχει ο υιος του ανθρωπου επι της γης αφιεναι αμαρτιας τοτε λεγει τω παραλυτικω εγερθεις αρον σου την κλινην και υπαγε εις τον οικον σου
matthew;9;7;και εγερθεις απηλθεν εις τον οικον αυτου
matthew;9;8;ιδοντες δε οι οχλοι εθαυμασαν και εδοξασαν τον θεον τον δοντα εξουσιαν τοιαυτην τοις ανθρωποις
matthew;9;9;και παραγων ο ιησους εκειθεν ειδεν ανθρωπον καθημενον επι το τελωνιον ματθαιον λεγομενον και λεγει αυτω ακολουθει μοι και αναστας ηκολουθησεν αυτω
matthew;9;10;και εγενετο αυτου ανακειμενου εν τη οικια και ιδου πολλοι τελωναι και αμαρτωλοι ελθοντες συνανεκειντο τω ιησου και τοις μαθηταις αυτου
matthew;9;11;και ιδοντες οι φαρισαιοι ειπον τοις μαθηταις αυτου δια τι μετα των τελωνων και αμαρτωλων εσθιει ο διδασκαλος υμων
matthew;9;12;ο δε ιησους ακουσας ειπεν αυτοις ου χρειαν εχουσιν οι ισχυοντες ιατρου αλλ οι κακως εχοντες
matthew;9;13;πορευθεντες δε μαθετε τι εστιν ελεον θελω και ου θυσιαν ου γαρ ηλθον καλεσαι δικαιους αλλ αμαρτωλους εις μετανοιαν
matthew;9;14;τοτε προσερχονται αυτω οι μαθηται ιωαννου λεγοντες δια τι ημεις και οι φαρισαιοι νηστευομεν πολλα οι δε μαθηται σου ου νηστευουσιν
matthew;9;15;και ειπεν αυτοις ο ιησους μη δυνανται οι υιοι του νυμφωνος πενθειν εφ οσον μετ αυτων εστιν ο νυμφιος ελευσονται δε ημεραι οταν απαρθη απ αυτων ο νυμφιος και τοτε νηστευσουσιν
matthew;9;16;ουδεις δε επιβαλλει επιβλημα ρακους αγναφου επι ιματιω παλαιω αιρει γαρ το πληρωμα αυτου απο του ιματιου και χειρον σχισμα γινεται
matthew;9;17;ουδε βαλλουσιν οινον νεον εις ασκους παλαιους ει δε μηγε ρηγνυνται οι ασκοι και ο οινος εκχειται και οι ασκοι απολουνται αλλα βαλλουσιν οινον νεον εις ασκους καινους και αμφοτερα συντηρουνται
matthew;9;18;ταυτα αυτου λαλουντος αυτοις ιδου αρχων ελθων προσεκυνει αυτω λεγων οτι η θυγατηρ μου αρτι ετελευτησεν αλλα ελθων επιθες την χειρα σου επ αυτην και ζησεται
matthew;9;19;και εγερθεις ο ιησους ηκολουθησεν αυτω και οι μαθηται αυτου
matthew;9;20;και ιδου γυνη αιμορροουσα δωδεκα ετη προσελθουσα οπισθεν ηψατο του κρασπεδου του ιματιου αυτου
matthew;9;21;ελεγεν γαρ εν εαυτη εαν μονον αψωμαι του ιματιου αυτου σωθησομαι
matthew;9;22;ο δε ιησους επιστραφεις και ιδων αυτην ειπεν θαρσει θυγατερ η πιστις σου σεσωκεν σε και εσωθη η γυνη απο της ωρας εκεινης
matthew;9;23;και ελθων ο ιησους εις την οικιαν του αρχοντος και ιδων τους αυλητας και τον οχλον θορυβουμενον
matthew;9;24;λεγει αυτοις αναχωρειτε ου γαρ απεθανεν το κορασιον αλλα καθευδει και κατεγελων αυτου
matthew;9;25;οτε δε εξεβληθη ο οχλος εισελθων εκρατησεν της χειρος αυτης και ηγερθη το κορασιον
matthew;9;26;και εξηλθεν η φημη αυτη εις ολην την γην εκεινην
matthew;9;27;και παραγοντι εκειθεν τω ιησου ηκολουθησαν αυτω δυο τυφλοι κραζοντες και λεγοντες ελεησον ημας υιε δαβιδ
matthew;9;28;ελθοντι δε εις την οικιαν προσηλθον αυτω οι τυφλοι και λεγει αυτοις ο ιησους πιστευετε οτι δυναμαι τουτο ποιησαι λεγουσιν αυτω ναι κυριε
matthew;9;29;τοτε ηψατο των οφθαλμων αυτων λεγων κατα την πιστιν υμων γενηθητω υμιν
matthew;9;30;και ανεωχθησαν αυτων οι οφθαλμοι και ενεβριμησατο αυτοις ο ιησους λεγων ορατε μηδεις γινωσκετω
matthew;9;31;οι δε εξελθοντες διεφημισαν αυτον εν ολη τη γη εκεινη
matthew;9;32;αυτων δε εξερχομενων ιδου προσηνεγκαν αυτω ανθρωπον κωφον δαιμονιζομενον
matthew;9;33;και εκβληθεντος του δαιμονιου ελαλησεν ο κωφος και εθαυμασαν οι οχλοι λεγοντες ουδεποτε εφανη ουτως εν τω ισραηλ
matthew;9;34;οι δε φαρισαιοι ελεγον εν τω αρχοντι των δαιμονιων εκβαλλει τα δαιμονια
matthew;9;35;και περιηγεν ο ιησους τας πολεις πασας και τας κωμας διδασκων εν ταις συναγωγαις αυτων και κηρυσσων το ευαγγελιον της βασιλειας και θεραπευων πασαν νοσον και πασαν μαλακιαν εν τω λαω
matthew;9;36;ιδων δε τους οχλους εσπλαγχνισθη περι αυτων οτι ησαν εκλελυμενοι και ερριμμενοι ωσει προβατα μη εχοντα ποιμενα
matthew;9;37;τοτε λεγει τοις μαθηταις αυτου ο μεν θερισμος πολυς οι δε εργαται ολιγοι
matthew;9;38;δεηθητε ουν του κυριου του θερισμου οπως εκβαλη εργατας εις τον θερισμον αυτου
matthew;10;1;και προσκαλεσαμενος τους δωδεκα μαθητας αυτου εδωκεν αυτοις εξουσιαν πνευματων ακαθαρτων ωστε εκβαλλειν αυτα και θεραπευειν πασαν νοσον και πασαν μαλακιαν
matthew;10;2;των δε δωδεκα αποστολων τα ονοματα εστιν ταυτα πρωτος σιμων ο λεγομενος πετρος και ανδρεας ο αδελφος αυτου ιακωβος ο του ζεβεδαιου και ιωαννης ο αδελφος αυτου
matthew;10;3;φιλιππος και βαρθολομαιος θωμας και ματθαιος ο τελωνης ιακωβος ο του αλφαιου και λεββαιος ο επικληθεις θαδδαιος
matthew;10;4;σιμων ο κανανιτης και ιουδας ισκαριωτης ο και παραδους αυτον
matthew;10;5;τουτους τους δωδεκα απεστειλεν ο ιησους παραγγειλας αυτοις λεγων εις οδον εθνων μη απελθητε και εις πολιν σαμαρειτων μη εισελθητε
matthew;10;6;πορευεσθε δε μαλλον προς τα προβατα τα απολωλοτα οικου ισραηλ
matthew;10;7;πορευομενοι δε κηρυσσετε λεγοντες οτι ηγγικεν η βασιλεια των ουρανων
matthew;10;8;ασθενουντας θεραπευετε λεπρους καθαριζετε νεκρους εγειρετε δαιμονια εκβαλλετε δωρεαν ελαβετε δωρεαν δοτε
matthew;10;9;μη κτησησθε χρυσον μηδε αργυρον μηδε χαλκον εις τας ζωνας υμων
matthew;10;10;μη πηραν εις οδον μηδε δυο χιτωνας μηδε υποδηματα μηδε αξιος γαρ ο εργατης της τροφης αυτου εστιν
matthew;10;11;εις ην δ αν πολιν η κωμην εισελθητε εξετασατε τις εν αυτη αξιος εστιν κακει μεινατε εως αν εξελθητε
matthew;10;12;εισερχομενοι δε εις την οικιαν ασπασασθε αυτην
matthew;10;13;και εαν μεν η η οικια αξια ελθετω η ειρηνη υμων επ αυτην εαν δε μη η αξια η ειρηνη υμων προς υμας επιστραφητω
matthew;10;14;και ος εαν μη δεξηται υμας μηδε ακουση τους λογους υμων εξερχομενοι της οικιας η της πολεως εκεινης εκτιναξατε τον κονιορτον των ποδων υμων
matthew;10;15;αμην λεγω υμιν ανεκτοτερον εσται γη σοδομων και γομορρων εν ημερα κρισεως η τη πολει εκεινη
matthew;10;16;ιδου εγω αποστελλω υμας ως προβατα εν μεσω λυκων γινεσθε ουν φρονιμοι ως οι οφεις και ακεραιοι ως αι περιστεραι
matthew;10;17;προσεχετε δε απο των ανθρωπων παραδωσουσιν γαρ υμας εις συνεδρια και εν ταις συναγωγαις αυτων μαστιγωσουσιν υμας
matthew;10;18;και επι ηγεμονας δε και βασιλεις αχθησεσθε ενεκεν εμου εις μαρτυριον αυτοις και τοις εθνεσιν
matthew;10;19;οταν δε παραδιδωσιν υμας μη μεριμνησητε πως η τι λαλησητε δοθησεται γαρ υμιν εν εκεινη τη ωρα τι λαλησετε
matthew;10;20;ου γαρ υμεις εστε οι λαλουντες αλλα το πνευμα του πατρος υμων το λαλουν εν υμιν
matthew;10;21;παραδωσει δε αδελφος αδελφον εις θανατον και πατηρ τεκνον και επαναστησονται τεκνα επι γονεις και θανατωσουσιν αυτους
matthew;10;22;και εσεσθε μισουμενοι υπο παντων δια το ονομα μου ο δε υπομεινας εις τελος ουτος σωθησεται
matthew;10;23;οταν δε διωκωσιν υμας εν τη πολει ταυτη φευγετε εις την αλλην αμην γαρ λεγω υμιν ου μη τελεσητε τας πολεις του ισραηλ εως αν ελθη ο υιος του ανθρωπου
matthew;10;24;ουκ εστιν μαθητης υπερ τον διδασκαλον ουδε δουλος υπερ τον κυριον αυτου
matthew;10;25;αρκετον τω μαθητη ινα γενηται ως ο διδασκαλος αυτου και ο δουλος ως ο κυριος αυτου ει τον οικοδεσποτην εκαλεσαν ποσω μαλλον τους οικιακους αυτου
matthew;10;26;μη ουν φοβηθητε αυτους ουδεν γαρ εστιν κεκαλυμμενον ο ουκ αποκαλυφθησεται και κρυπτον ο ου γνωσθησεται
matthew;10;27;ο λεγω υμιν εν τη σκοτια ειπατε εν τω φωτι και ο εις το ους ακουετε κηρυξατε επι των δωματων
matthew;10;28;και μη φοβηθητε απο των αποκτεινοντων το σωμα την δε ψυχην μη δυναμενων αποκτειναι φοβηθητε δε μαλλον τον δυναμενον και ψυχην και σωμα απολεσαι εν γεεννη
matthew;10;29;ουχι δυο στρουθια ασσαριου πωλειται και εν εξ αυτων ου πεσειται επι την γην ανευ του πατρος υμων
matthew;10;30;υμων δε και αι τριχες της κεφαλης πασαι ηριθμημεναι εισιν
matthew;10;31;μη ουν φοβηθητε πολλων στρουθιων διαφερετε υμεις
matthew;10;32;πας ουν οστις ομολογησει εν εμοι εμπροσθεν των ανθρωπων ομολογησω καγω εν αυτω εμπροσθεν του πατρος μου του εν ουρανοις
matthew;10;33;οστις δ αν αρνησηται με εμπροσθεν των ανθρωπων αρνησομαι αυτον καγω εμπροσθεν του πατρος μου του εν ουρανοις
matthew;10;34;μη νομισητε οτι ηλθον βαλειν ειρηνην επι την γην ουκ ηλθον βαλειν ειρηνην αλλα μαχαιραν
matthew;10;35;ηλθον γαρ διχασαι ανθρωπον κατα του πατρος αυτου και θυγατερα κατα της μητρος αυτης και νυμφην κατα της πενθερας αυτης
matthew;10;36;και εχθροι του ανθρωπου οι οικιακοι αυτου
matthew;10;37;ο φιλων πατερα η μητερα υπερ εμε ουκ εστιν μου αξιος και ο φιλων υιον η θυγατερα υπερ εμε ουκ εστιν μου αξιος
matthew;10;38;και ος ου λαμβανει τον σταυρον αυτου και ακολουθει οπισω μου ουκ εστιν μου αξιος
matthew;10;39;ο ευρων την ψυχην αυτου απολεσει αυτην και ο απολεσας την ψυχην αυτου ενεκεν εμου ευρησει αυτην
matthew;10;40;ο δεχομενος υμας εμε δεχεται και ο εμε δεχομενος δεχεται τον αποστειλαντα με
matthew;10;41;ο δεχομενος προφητην εις ονομα προφητου μισθον προφητου ληψεται και ο δεχομενος δικαιον εις ονομα δικαιου μισθον δικαιου ληψεται
matthew;10;42;και ος εαν ποτιση ενα των μικρων τουτων ποτηριον ψυχρου μονον εις ονομα μαθητου αμην λεγω υμιν ου μη απολεση τον μισθον αυτου
matthew;11;1;και εγενετο οτε ετελεσεν ο ιησους διατασσων τοις δωδεκα μαθηταις αυτου μετεβη εκειθεν του διδασκειν και κηρυσσειν εν ταις πολεσιν αυτων
matthew;11;2;ο δε ιωαννης ακουσας εν τω δεσμωτηριω τα εργα του χριστου πεμψας δυο των μαθητων αυτου
matthew;11;3;ειπεν αυτω συ ει ο ερχομενος η ετερον προσδοκωμεν
matthew;11;4;και αποκριθεις ο ιησους ειπεν αυτοις πορευθεντες απαγγειλατε ιωαννη α ακουετε και βλεπετε
matthew;11;5;τυφλοι αναβλεπουσιν και χωλοι περιπατουσιν λεπροι καθαριζονται και κωφοι ακουουσιν νεκροι εγειρονται και πτωχοι ευαγγελιζονται
matthew;11;6;και μακαριος εστιν ος εαν μη σκανδαλισθη εν εμοι
matthew;11;7;τουτων δε πορευομενων ηρξατο ο ιησους λεγειν τοις οχλοις περι ιωαννου τι εξηλθετε εις την ερημον θεασασθαι καλαμον υπο ανεμου σαλευομενον
matthew;11;8;αλλα τι εξηλθετε ιδειν ανθρωπον εν μαλακοις ιματιοις ημφιεσμενον ιδου οι τα μαλακα φορουντες εν τοις οικοις των βασιλεων εισιν
matthew;11;9;αλλα τι εξηλθετε ιδειν προφητην ναι λεγω υμιν και περισσοτερον προφητου
matthew;11;10;ουτος γαρ εστιν περι ου γεγραπται ιδου εγω αποστελλω τον αγγελον μου προ προσωπου σου ος κατασκευασει την οδον σου εμπροσθεν σου
matthew;11;11;αμην λεγω υμιν ουκ εγηγερται εν γεννητοις γυναικων μειζων ιωαννου του βαπτιστου ο δε μικροτερος εν τη βασιλεια των ουρανων μειζων αυτου εστιν
matthew;11;12;απο δε των ημερων ιωαννου του βαπτιστου εως αρτι η βασιλεια των ουρανων βιαζεται και βιασται αρπαζουσιν αυτην
matthew;11;13;παντες γαρ οι προφηται και ο νομος εως ιωαννου προεφητευσαν
matthew;11;14;και ει θελετε δεξασθαι αυτος εστιν ηλιας ο μελλων ερχεσθαι
matthew;11;15;ο εχων ωτα ακουειν ακουετω
matthew;11;16;τινι δε ομοιωσω την γενεαν ταυτην ομοια εστιν παιδαριοις εν αγοραις καθημενοις και προσφωνουσιν τοις εταιροις αυτων
matthew;11;17;και λεγουσιν ηυλησαμεν υμιν και ουκ ωρχησασθε εθρηνησαμεν υμιν και ουκ εκοψασθε
matthew;11;18;ηλθεν γαρ ιωαννης μητε εσθιων μητε πινων και λεγουσιν δαιμονιον εχει
matthew;11;19;ηλθεν ο υιος του ανθρωπου εσθιων και πινων και λεγουσιν ιδου ανθρωπος φαγος και οινοποτης τελωνων φιλος και αμαρτωλων και εδικαιωθη η σοφια απο των τεκνων αυτης
matthew;11;20;τοτε ηρξατο ονειδιζειν τας πολεις εν αις εγενοντο αι πλεισται δυναμεις αυτου οτι ου μετενοησαν
matthew;11;21;ουαι σοι χοραζιν ουαι σοι οτι ει εν τυρω και σιδωνι εγενοντο αι δυναμεις αι γενομεναι εν υμιν παλαι αν εν σακκω και σποδω μετενοησαν
matthew;11;22;πλην λεγω υμιν τυρω και σιδωνι ανεκτοτερον εσται εν ημερα κρισεως η υμιν
matthew;11;23;και συ καπερναουμ η εως του ουρανου υψωθεισα εως αδου καταβιβασθηση οτι ει εν σοδομοις εγενοντο αι δυναμεις αι γενομεναι εν σοι εμειναν αν μεχρι της σημερον
matthew;11;24;πλην λεγω υμιν οτι γη σοδομων ανεκτοτερον εσται εν ημερα κρισεως η σοι
matthew;11;25;εν εκεινω τω καιρω αποκριθεις ο ιησους ειπεν εξομολογουμαι σοι πατερ κυριε του ουρανου και της γης οτι απεκρυψας ταυτα απο σοφων και συνετων και απεκαλυψας αυτα νηπιοις
matthew;11;26;ναι ο πατηρ οτι ουτως εγενετο ευδοκια εμπροσθεν σου
matthew;11;27;παντα μοι παρεδοθη υπο του πατρος μου και ουδεις επιγινωσκει τον υιον ει μη ο πατηρ ουδε τον πατερα τις επιγινωσκει ει μη ο υιος και ω εαν βουληται ο υιος αποκαλυψαι
matthew;11;28;δευτε προς με παντες οι κοπιωντες και πεφορτισμενοι καγω αναπαυσω υμας
matthew;11;29;αρατε τον ζυγον μου εφ υμας και μαθετε απ εμου οτι πραος ειμι και ταπεινος τη καρδια και ευρησετε αναπαυσιν ταις ψυχαις υμων
matthew;11;30;ο γαρ ζυγος μου χρηστος και το φορτιον μου ελαφρον εστιν
matthew;12;1;εν εκεινω τω καιρω επορευθη ο ιησους τοις σαββασιν δια των σποριμων οι δε μαθηται αυτου επεινασαν και ηρξαντο τιλλειν σταχυας και εσθιειν
matthew;12;2;οι δε φαρισαιοι ιδοντες ειπον αυτω ιδου οι μαθηται σου ποιουσιν ο ουκ εξεστιν ποιειν εν σαββατω
matthew;12;3;ο δε ειπεν αυτοις ουκ ανεγνωτε τι εποιησεν δαβιδ οτε επεινασεν αυτος και οι μετ αυτου
matthew;12;4;πως εισηλθεν εις τον οικον του θεου και τους αρτους της προθεσεως εφαγεν ους ουκ εξον ην αυτω φαγειν ουδε τοις μετ αυτου ει μη τοις ιερευσιν μονοις
matthew;12;5;η ουκ ανεγνωτε εν τω νομω οτι τοις σαββασιν οι ιερεις εν τω ιερω το σαββατον βεβηλουσιν και αναιτιοι εισιν
matthew;12;6;λεγω δε υμιν οτι του ιερου μειζων εστιν ωδε
matthew;12;7;ει δε εγνωκειτε τι εστιν ελεον θελω και ου θυσιαν ουκ αν κατεδικασατε τους αναιτιους
matthew;12;8;κυριος γαρ εστιν και του σαββατου ο υιος του ανθρωπου
matthew;12;9;και μεταβας εκειθεν ηλθεν εις την συναγωγην αυτων
matthew;12;10;και ιδου ανθρωπος ην την χειρα εχων ξηραν και επηρωτησαν αυτον λεγοντες ει εξεστιν τοις σαββασιν θεραπευειν ινα κατηγορησωσιν αυτου
matthew;12;11;ο δε ειπεν αυτοις τις εσται εξ υμων ανθρωπος ος εξει προβατον εν και εαν εμπεση τουτο τοις σαββασιν εις βοθυνον ουχι κρατησει αυτο και εγερει
matthew;12;12;ποσω ουν διαφερει ανθρωπος προβατου ωστε εξεστιν τοις σαββασιν καλως ποιειν
matthew;12;13;τοτε λεγει τω ανθρωπω εκτεινον την χειρα σου και εξετεινεν και αποκατεσταθη υγιης ως η αλλη
matthew;12;14;οι δε φαρισαιοι συμβουλιον ελαβον κατ αυτου εξελθοντες οπως αυτον απολεσωσιν
matthew;12;15;ο δε ιησους γνους ανεχωρησεν εκειθεν και ηκολουθησαν αυτω οχλοι πολλοι και εθεραπευσεν αυτους παντας
matthew;12;16;και επετιμησεν αυτοις ινα μη φανερον αυτον ποιησωσιν
matthew;12;17;οπως πληρωθη το ρηθεν δια ησαιου του προφητου λεγοντος
matthew;12;18;ιδου ο παις μου ον ηρετισα ο αγαπητος μου εις ον ευδοκησεν η ψυχη μου θησω το πνευμα μου επ αυτον και κρισιν τοις εθνεσιν απαγγελει
matthew;12;19;ουκ ερισει ουδε κραυγασει ουδε ακουσει τις εν ταις πλατειαις την φωνην αυτου
matthew;12;20;καλαμον συντετριμμενον ου κατεαξει και λινον τυφομενον ου σβεσει εως αν εκβαλη εις νικος την κρισιν
matthew;12;21;και εν τω ονοματι αυτου εθνη ελπιουσιν
matthew;12;22;τοτε προσηνεχθη αυτω δαιμονιζομενος τυφλος και κωφος και εθεραπευσεν αυτον ωστε τον τυφλον και κωφον και λαλειν και βλεπειν
matthew;12;23;και εξισταντο παντες οι οχλοι και ελεγον μητι ουτος εστιν ο υιος δαβιδ
matthew;12;24;οι δε φαρισαιοι ακουσαντες ειπον ουτος ουκ εκβαλλει τα δαιμονια ει μη εν τω βεελζεβουλ αρχοντι των δαιμονιων
matthew;12;25;ειδως δε ο ιησους τας ενθυμησεις αυτων ειπεν αυτοις πασα βασιλεια μερισθεισα καθ εαυτης ερημουται και πασα πολις η οικια μερισθεισα καθ εαυτης ου σταθησεται
matthew;12;26;και ει ο σατανας τον σαταναν εκβαλλει εφ εαυτον εμερισθη πως ουν σταθησεται η βασιλεια αυτου
matthew;12;27;και ει εγω εν βεελζεβουλ εκβαλλω τα δαιμονια οι υιοι υμων εν τινι εκβαλλουσιν δια τουτο αυτοι υμων εσονται κριται
matthew;12;28;ει δε εγω εν πνευματι θεου εκβαλλω τα δαιμονια αρα εφθασεν εφ υμας η βασιλεια του θεου
matthew;12;29;η πως δυναται τις εισελθειν εις την οικιαν του ισχυρου και τα σκευη αυτου διαρπασαι εαν μη πρωτον δηση τον ισχυρον και τοτε την οικιαν αυτου διαρπασει
matthew;12;30;ο μη ων μετ εμου κατ εμου εστιν και ο μη συναγων μετ εμου σκορπιζει
matthew;12;31;δια τουτο λεγω υμιν πασα αμαρτια και βλασφημια αφεθησεται τοις ανθρωποις η δε του πνευματος βλασφημια ουκ αφεθησεται τοις ανθρωποις
matthew;12;32;και ος αν ειπη λογον κατα του υιου του ανθρωπου αφεθησεται αυτω ος δ αν ειπη κατα του πνευματος του αγιου ουκ αφεθησεται αυτω ουτε εν τουτω τω αιωνι ουτε εν τω μελλοντι
matthew;12;33;η ποιησατε το δενδρον καλον και τον καρπον αυτου καλον η ποιησατε το δενδρον σαπρον και τον καρπον αυτου σαπρον εκ γαρ του καρπου το δενδρον γινωσκεται
matthew;12;34;γεννηματα εχιδνων πως δυνασθε αγαθα λαλειν πονηροι οντες εκ γαρ του περισσευματος της καρδιας το στομα λαλει
matthew;12;35;ο αγαθος ανθρωπος εκ του αγαθου θησαυρου της καρδιας εκβαλλει τα αγαθα και ο πονηρος ανθρωπος εκ του πονηρου θησαυρου εκβαλλει πονηρα
matthew;12;36;λεγω δε υμιν οτι παν ρημα αργον ο εαν λαλησωσιν οι ανθρωποι αποδωσουσιν περι αυτου λογον εν ημερα κρισεως
matthew;12;37;εκ γαρ των λογων σου δικαιωθηση και εκ των λογων σου καταδικασθηση
matthew;12;38;τοτε απεκριθησαν τινες των γραμματεων και φαρισαιων λεγοντες διδασκαλε θελομεν απο σου σημειον ιδειν
matthew;12;39;ο δε αποκριθεις ειπεν αυτοις γενεα πονηρα και μοιχαλις σημειον επιζητει και σημειον ου δοθησεται αυτη ει μη το σημειον ιωνα του προφητου
matthew;12;40;ωσπερ γαρ ην ιωνας εν τη κοιλια του κητους τρεις ημερας και τρεις νυκτας ουτως εσται ο υιος του ανθρωπου εν τη καρδια της γης τρεις ημερας και τρεις νυκτας
matthew;12;41;ανδρες νινευιται αναστησονται εν τη κρισει μετα της γενεας ταυτης και κατακρινουσιν αυτην οτι μετενοησαν εις το κηρυγμα ιωνα και ιδου πλειον ιωνα ωδε
matthew;12;42;βασιλισσα νοτου εγερθησεται εν τη κρισει μετα της γενεας ταυτης και κατακρινει αυτην οτι ηλθεν εκ των περατων της γης ακουσαι την σοφιαν σολομωντος και ιδου πλειον σολομωντος ωδε
matthew;12;43;οταν δε το ακαθαρτον πνευμα εξελθη απο του ανθρωπου διερχεται δι ανυδρων τοπων ζητουν αναπαυσιν και ουχ ευρισκει
matthew;12;44;τοτε λεγει επιστρεψω εις τον οικον μου οθεν εξηλθον και ελθον ευρισκει σχολαζοντα σεσαρωμενον και κεκοσμημενον
matthew;12;45;τοτε πορευεται και παραλαμβανει μεθ εαυτου επτα ετερα πνευματα πονηροτερα εαυτου και εισελθοντα κατοικει εκει και γινεται τα εσχατα του ανθρωπου εκεινου χειρονα των πρωτων ουτως εσται και τη γενεα ταυτη τη πονηρα
matthew;12;46;ετι δε αυτου λαλουντος τοις οχλοις ιδου η μητηρ και οι αδελφοι αυτου ειστηκεισαν εξω ζητουντες αυτω λαλησαι
matthew;12;47;ειπεν δε τις αυτω ιδου η μητηρ σου και οι αδελφοι σου εξω εστηκασιν ζητουντες σοι λαλησαι
matthew;12;48;ο δε αποκριθεις ειπεν τω ειποντι αυτω τις εστιν η μητηρ μου και τινες εισιν οι αδελφοι μου
matthew;12;49;και εκτεινας την χειρα αυτου επι τους μαθητας αυτου ειπεν ιδου η μητηρ μου και οι αδελφοι μου
matthew;12;50;οστις γαρ αν ποιηση το θελημα του πατρος μου του εν ουρανοις αυτος μου αδελφος και αδελφη και μητηρ εστιν
matthew;13;1;εν δε τη ημερα εκεινη εξελθων ο ιησους απο της οικιας εκαθητο παρα την θαλασσαν
matthew;13;2;και συνηχθησαν προς αυτον οχλοι πολλοι ωστε αυτον εις το πλοιον εμβαντα καθησθαι και πας ο οχλος επι τον αιγιαλον ειστηκει
matthew;13;3;και ελαλησεν αυτοις πολλα εν παραβολαις λεγων ιδου εξηλθεν ο σπειρων του σπειρειν
matthew;13;4;και εν τω σπειρειν αυτον α μεν επεσεν παρα την οδον και ηλθεν τα πετεινα και κατεφαγεν αυτα
matthew;13;5;αλλα δε επεσεν επι τα πετρωδη οπου ουκ ειχεν γην πολλην και ευθεως εξανετειλεν δια το μη εχειν βαθος γης
matthew;13;6;ηλιου δε ανατειλαντος εκαυματισθη και δια το μη εχειν ριζαν εξηρανθη
matthew;13;7;αλλα δε επεσεν επι τας ακανθας και ανεβησαν αι ακανθαι και απεπνιξαν αυτα
matthew;13;8;αλλα δε επεσεν επι την γην την καλην και εδιδου καρπον ο μεν εκατον ο δε εξηκοντα ο δε τριακοντα
matthew;13;9;ο εχων ωτα ακουειν ακουετω
matthew;13;10;και προσελθοντες οι μαθηται ειπον αυτω δια τι εν παραβολαις λαλεις αυτοις
matthew;13;11;ο δε αποκριθεις ειπεν αυτοις οτι υμιν δεδοται γνωναι τα μυστηρια της βασιλειας των ουρανων εκεινοις δε ου δεδοται
matthew;13;12;οστις γαρ εχει δοθησεται αυτω και περισσευθησεται οστις δε ουκ εχει και ο εχει αρθησεται απ αυτου
matthew;13;13;δια τουτο εν παραβολαις αυτοις λαλω οτι βλεποντες ου βλεπουσιν και ακουοντες ουκ ακουουσιν ουδε συνιουσιν
matthew;13;14;και αναπληρουται επ αυτοις η προφητεια ησαιου η λεγουσα ακοη ακουσετε και ου μη συνητε και βλεποντες βλεψετε και ου μη ιδητε
matthew;13;15;επαχυνθη γαρ η καρδια του λαου τουτου και τοις ωσιν βαρεως ηκουσαν και τους οφθαλμους αυτων εκαμμυσαν μηποτε ιδωσιν τοις οφθαλμοις και τοις ωσιν ακουσωσιν και τη καρδια συνωσιν και επιστρεψωσιν και ιασωμαι αυτους
matthew;13;16;υμων δε μακαριοι οι οφθαλμοι οτι βλεπουσιν και τα ωτα υμων οτι ακουει
matthew;13;17;αμην γαρ λεγω υμιν οτι πολλοι προφηται και δικαιοι επεθυμησαν ιδειν α βλεπετε και ουκ ειδον και ακουσαι α ακουετε και ουκ ηκουσαν
matthew;13;18;υμεις ουν ακουσατε την παραβολην του σπειροντος
matthew;13;19;παντος ακουοντος τον λογον της βασιλειας και μη συνιεντος ερχεται ο πονηρος και αρπαζει το εσπαρμενον εν τη καρδια αυτου ουτος εστιν ο παρα την οδον σπαρεις
matthew;13;20;ο δε επι τα πετρωδη σπαρεις ουτος εστιν ο τον λογον ακουων και ευθυς μετα χαρας λαμβανων αυτον
matthew;13;21;ουκ εχει δε ριζαν εν εαυτω αλλα προσκαιρος εστιν γενομενης δε θλιψεως η διωγμου δια τον λογον ευθυς σκανδαλιζεται
matthew;13;22;ο δε εις τας ακανθας σπαρεις ουτος εστιν ο τον λογον ακουων και η μεριμνα του αιωνος τουτου και η απατη του πλουτου συμπνιγει τον λογον και ακαρπος γινεται
matthew;13;23;ο δε επι την γην την καλην σπαρεις ουτος εστιν ο τον λογον ακουων και συνιων ος δη καρποφορει και ποιει ο μεν εκατον ο δε εξηκοντα ο δε τριακοντα
matthew;13;24;αλλην παραβολην παρεθηκεν αυτοις λεγων ωμοιωθη η βασιλεια των ουρανων ανθρωπω καλον σπερμα εν τω αγρω αυτου
matthew;13;25;εν δε τω καθευδειν τους ανθρωπους ηλθεν αυτου ο εχθρος και εσπειρεν ζιζανια ανα μεσον του σιτου και απηλθεν
matthew;13;26;οτε δε εβλαστησεν ο χορτος και καρπον εποιησεν τοτε εφανη και τα ζιζανια
matthew;13;27;προσελθοντες δε οι δουλοι του οικοδεσποτου ειπον αυτω κυριε ουχι καλον σπερμα εσπειρας εν τω σω αγρω ποθεν ουν εχει τα ζιζανια
matthew;13;28;ο δε εφη αυτοις εχθρος ανθρωπος τουτο εποιησεν οι δε δουλοι ειπον αυτω θελεις ουν απελθοντες συλλεξωμεν αυτα
matthew;13;29;ο δε εφη ου μηποτε συλλεγοντες τα ζιζανια εκριζωσητε αμα αυτοις τον σιτον
matthew;13;30;αφετε συναυξανεσθαι αμφοτερα μεχρι του θερισμου και εν τω καιρω του θερισμου ερω τοις θερισταις συλλεξατε πρωτον τα ζιζανια και δησατε αυτα εις δεσμας προς το κατακαυσαι αυτα τον δε σιτον συναγαγετε εις την αποθηκην μου
matthew;13;31;αλλην παραβολην παρεθηκεν αυτοις λεγων ομοια εστιν η βασιλεια των ουρανων κοκκω σιναπεως ον λαβων ανθρωπος εσπειρεν εν τω αγρω αυτου
matthew;13;32;ο μικροτερον μεν εστιν παντων των σπερματων οταν δε αυξηθη μειζον των λαχανων εστιν και γινεται δενδρον ωστε ελθειν τα πετεινα του ουρανου και κατασκηνουν εν τοις κλαδοις αυτου
matthew;13;33;αλλην παραβολην ελαλησεν αυτοις ομοια εστιν η βασιλεια των ουρανων ζυμη ην λαβουσα γυνη ενεκρυψεν εις αλευρου σατα τρια εως ου εζυμωθη ολον
matthew;13;34;ταυτα παντα ελαλησεν ο ιησους εν παραβολαις τοις οχλοις και χωρις παραβολης ουκ ελαλει αυτοις
matthew;13;35;οπως πληρωθη το ρηθεν δια του προφητου λεγοντος ανοιξω εν παραβολαις το στομα μου ερευξομαι κεκρυμμενα απο καταβολης κοσμου
matthew;13;36;τοτε αφεις τους οχλους ηλθεν εις την οικιαν ο ιησους και προσηλθον αυτω οι μαθηται αυτου λεγοντες φρασον ημιν την παραβολην των ζιζανιων του αγρου
matthew;13;37;ο δε αποκριθεις ειπεν αυτοις ο σπειρων το καλον σπερμα εστιν ο υιος του ανθρωπου
matthew;13;38;ο δε αγρος εστιν ο κοσμος το δε καλον σπερμα ουτοι εισιν οι υιοι της βασιλειας τα δε ζιζανια εισιν οι υιοι του πονηρου
matthew;13;39;ο δε εχθρος ο σπειρας αυτα εστιν ο διαβολος ο δε θερισμος συντελεια του αιωνος εστιν οι δε θερισται αγγελοι εισιν
matthew;13;40;ωσπερ ουν συλλεγεται τα ζιζανια και πυρι κατακαιεται ουτως εσται εν τη συντελεια του αιωνος τουτου
matthew;13;41;αποστελει ο υιος του ανθρωπου τους αγγελους αυτου και συλλεξουσιν εκ της βασιλειας αυτου παντα τα σκανδαλα και τους ποιουντας την ανομιαν
matthew;13;42;και βαλουσιν αυτους εις την καμινον του πυρος εκει εσται ο κλαυθμος και ο βρυγμος των οδοντων
matthew;13;43;τοτε οι δικαιοι εκλαμψουσιν ως ο ηλιος εν τη βασιλεια του πατρος αυτων ο εχων ωτα ακουειν ακουετω
matthew;13;44;παλιν ομοια εστιν η βασιλεια των ουρανων θησαυρω κεκρυμμενω εν τω αγρω ον ευρων ανθρωπος εκρυψεν και απο της χαρας αυτου υπαγει και παντα οσα εχει πωλει και αγοραζει τον αγρον εκεινον
matthew;13;45;παλιν ομοια εστιν η βασιλεια των ουρανων ανθρωπω εμπορω ζητουντι καλους μαργαριτας
matthew;13;46;ος ευρων ενα πολυτιμον μαργαριτην απελθων πεπρακεν παντα οσα ειχεν και ηγορασεν αυτον
matthew;13;47;παλιν ομοια εστιν η βασιλεια των ουρανων σαγηνη βληθειση εις την θαλασσαν και εκ παντος γενους συναγαγουση
matthew;13;48;ην οτε επληρωθη αναβιβασαντες επι τον αιγιαλον και καθισαντες συνελεξαν τα καλα εις αγγεια τα δε σαπρα εξω εβαλον
matthew;13;49;ουτως εσται εν τη συντελεια του αιωνος εξελευσονται οι αγγελοι και αφοριουσιν τους πονηρους εκ μεσου των δικαιων
matthew;13;50;και βαλουσιν αυτους εις την καμινον του πυρος εκει εσται ο κλαυθμος και ο βρυγμος των οδοντων
matthew;13;51;λεγει αυτοις ο ιησους συνηκατε ταυτα παντα λεγουσιν αυτω ναι κυριε
matthew;13;52;ο δε ειπεν αυτοις δια τουτο πας γραμματευς μαθητευθεις εις την βασιλειαν των ουρανων ομοιος εστιν ανθρωπω οικοδεσποτη οστις εκβαλλει εκ του θησαυρου αυτου καινα και παλαια
matthew;13;53;και εγενετο οτε ετελεσεν ο ιησους τας παραβολας ταυτας μετηρεν εκειθεν
matthew;13;54;και ελθων εις την πατριδα αυτου εδιδασκεν αυτους εν τη συναγωγη αυτων ωστε εκπληττεσθαι αυτους και λεγειν ποθεν τουτω η σοφια αυτη και αι δυναμεις
matthew;13;55;ουχ ουτος εστιν ο του τεκτονος υιος ουχι η μητηρ αυτου λεγεται μαριαμ και οι αδελφοι αυτου ιακωβος και ιωσης και σιμων και ιουδας
matthew;13;56;και αι αδελφαι αυτου ουχι πασαι προς ημας εισιν ποθεν ουν τουτω ταυτα παντα
matthew;13;57;και εσκανδαλιζοντο εν αυτω ο δε ιησους ειπεν αυτοις ουκ εστιν προφητης ατιμος ει μη εν τη πατριδι αυτου και εν τη οικια αυτου
matthew;13;58;και ουκ εποιησεν εκει δυναμεις πολλας δια την απιστιαν αυτων
matthew;14;1;εν εκεινω τω καιρω ηκουσεν ηρωδης ο τετραρχης την ακοην ιησου
matthew;14;2;και ειπεν τοις παισιν αυτου ουτος εστιν ιωαννης ο βαπτιστης αυτος ηγερθη απο των νεκρων και δια τουτο αι δυναμεις ενεργουσιν εν αυτω
matthew;14;3;ο γαρ ηρωδης κρατησας τον ιωαννην εδησεν αυτον και εθετο εν φυλακη δια ηρωδιαδα την γυναικα φιλιππου του αδελφου αυτου
matthew;14;4;ελεγεν γαρ αυτω ο ιωαννης ουκ εξεστιν σοι εχειν αυτην
matthew;14;5;και θελων αυτον αποκτειναι εφοβηθη τον οχλον οτι ως προφητην αυτον ειχον
matthew;14;6;γενεσιων δε αγομενων του ηρωδου ωρχησατο η θυγατηρ της ηρωδιαδος εν τω μεσω και ηρεσεν τω ηρωδη
matthew;14;7;οθεν μεθ ορκου ωμολογησεν αυτη δουναι ο εαν αιτησηται
matthew;14;8;η δε προβιβασθεισα υπο της μητρος αυτης δος μοι φησιν ωδε επι πινακι την κεφαλην ιωαννου του βαπτιστου
matthew;14;9;και ελυπηθη ο βασιλευς δια δε τους ορκους και τους συνανακειμενους εκελευσεν δοθηναι
matthew;14;10;και πεμψας απεκεφαλισεν τον ιωαννην εν τη φυλακη
matthew;14;11;και ηνεχθη η κεφαλη αυτου επι πινακι και εδοθη τω κορασιω και ηνεγκεν τη μητρι αυτης
matthew;14;12;και προσελθοντες οι μαθηται αυτου ηραν το σωμα και εθαψαν αυτο και ελθοντες απηγγειλαν τω ιησου
matthew;14;13;και ακουσας ο ιησους ανεχωρησεν εκειθεν εν πλοιω εις ερημον τοπον κατ ιδιαν και ακουσαντες οι οχλοι ηκολουθησαν αυτω πεζη απο των πολεων
matthew;14;14;και εξελθων ο ιησους ειδεν πολυν οχλον και εσπλαγχνισθη επ αυτους και εθεραπευσεν τους αρρωστους αυτων
matthew;14;15;οψιας δε γενομενης προσηλθον αυτω οι μαθηται αυτου λεγοντες ερημος εστιν ο τοπος και η ωρα ηδη παρηλθεν απολυσον τους οχλους ινα απελθοντες εις τας κωμας αγορασωσιν εαυτοις βρωματα
matthew;14;16;ο δε ιησους ειπεν αυτοις ου χρειαν εχουσιν απελθειν δοτε αυτοις υμεις φαγειν
matthew;14;17;οι δε λεγουσιν αυτω ουκ εχομεν ωδε ει μη πεντε αρτους και δυο ιχθυας
matthew;14;18;ο δε ειπεν φερετε μοι αυτους ωδε
matthew;14;19;και κελευσας τους οχλους ανακλιθηναι επι τους χορτους και λαβων τους πεντε αρτους και τους δυο ιχθυας αναβλεψας εις τον ουρανον ευλογησεν και κλασας εδωκεν τοις μαθηταις τους αρτους οι δε μαθηται τοις οχλοις
matthew;14;20;και εφαγον παντες και εχορτασθησαν και ηραν το περισσευον των κλασματων δωδεκα κοφινους πληρεις
matthew;14;21;οι δε εσθιοντες ησαν ανδρες ωσει πεντακισχιλιοι χωρις γυναικων και παιδιων
matthew;14;22;και ευθεως ηναγκασεν ο ιησους τους μαθητας αυτου εμβηναι εις το πλοιον και προαγειν αυτον εις το περαν εως ου απολυση τους οχλους
matthew;14;23;και απολυσας τους οχλους ανεβη εις το ορος κατ ιδιαν προσευξασθαι οψιας δε γενομενης μονος ην εκει
matthew;14;24;το δε πλοιον ηδη μεσον της θαλασσης ην βασανιζομενον υπο των κυματων ην γαρ εναντιος ο ανεμος
matthew;14;25;τεταρτη δε φυλακη της νυκτος απηλθεν προς αυτους ο ιησους περιπατων επι της θαλασσης
matthew;14;26;και ιδοντες αυτον οι μαθηται επι την θαλασσαν περιπατουντα εταραχθησαν λεγοντες οτι φαντασμα εστιν και απο του φοβου εκραξαν
matthew;14;27;ευθεως δε ελαλησεν αυτοις ο ιησους λεγων θαρσειτε εγω ειμι μη φοβεισθε
matthew;14;28;αποκριθεις δε αυτω ο πετρος ειπεν κυριε ει συ ει κελευσον με προς σε ελθειν επι τα υδατα
matthew;14;29;ο δε ειπεν ελθε και καταβας απο του πλοιου ο πετρος περιεπατησεν επι τα υδατα ελθειν προς τον ιησουν
matthew;14;30;βλεπων δε τον ανεμον ισχυρον εφοβηθη και αρξαμενος καταποντιζεσθαι εκραξεν λεγων κυριε σωσον με
matthew;14;31;ευθεως δε ο ιησους εκτεινας την χειρα επελαβετο αυτου και λεγει αυτω ολιγοπιστε εις τι εδιστασας
matthew;14;32;και εμβαντων αυτων εις το πλοιον εκοπασεν ο ανεμος
matthew;14;33;οι δε εν τω πλοιω ελθοντες προσεκυνησαν αυτω λεγοντες αληθως θεου υιος ει
matthew;14;34;και διαπερασαντες ηλθον εις την γην γεννησαρετ
matthew;14;35;και επιγνοντες αυτον οι ανδρες του τοπου εκεινου απεστειλαν εις ολην την περιχωρον εκεινην και προσηνεγκαν αυτω παντας τους κακως εχοντας
matthew;14;36;και παρεκαλουν αυτον ινα μονον αψωνται του κρασπεδου του ιματιου αυτου και οσοι ηψαντο διεσωθησαν
matthew;15;1;τοτε προσερχονται τω ιησου οι απο ιεροσολυμων γραμματεις και φαρισαιοι λεγοντες
matthew;15;2;δια τι οι μαθηται σου παραβαινουσιν την παραδοσιν των πρεσβυτερων ου γαρ νιπτονται τας χειρας αυτων οταν αρτον εσθιωσιν
matthew;15;3;ο δε αποκριθεις ειπεν αυτοις δια τι και υμεις παραβαινετε την εντολην του θεου δια την παραδοσιν υμων
matthew;15;4;ο γαρ θεος ενετειλατο λεγων τιμα τον πατερα σου και την μητερα και ο κακολογων πατερα η μητερα θανατω τελευτατω
matthew;15;5;υμεις δε λεγετε ος αν ειπη τω πατρι η τη μητρι δωρον ο εαν εξ εμου ωφεληθης
matthew;15;6;και ου μη τιμηση τον πατερα αυτου η την μητερα αυτου και ηκυρωσατε την εντολην του θεου δια την παραδοσιν υμων
matthew;15;7;υποκριται καλως προεφητευσεν περι υμων ησαιας λεγων
matthew;15;8;εγγιζει μοι ο λαος ουτος τω στοματι αυτων και τοις χειλεσιν με τιμα η δε καρδια αυτων πορρω απεχει απ εμου
matthew;15;9;ματην δε σεβονται με διδασκοντες διδασκαλιας ενταλματα ανθρωπων
matthew;15;10;και προσκαλεσαμενος τον οχλον ειπεν αυτοις ακουετε και συνιετε
matthew;15;11;ου το εισερχομενον εις το στομα κοινοι τον ανθρωπον αλλα το εκπορευομενον εκ του στοματος τουτο κοινοι τον ανθρωπον
matthew;15;12;τοτε προσελθοντες οι μαθηται αυτου ειπον αυτω οιδας οτι οι φαρισαιοι ακουσαντες τον λογον εσκανδαλισθησαν
matthew;15;13;ο δε αποκριθεις ειπεν πασα φυτεια ην ουκ εφυτευσεν ο πατηρ μου ο ουρανιος εκριζωθησεται
matthew;15;14;αφετε αυτους οδηγοι εισιν τυφλοι τυφλων τυφλος δε τυφλον εαν οδηγη αμφοτεροι εις βοθυνον πεσουνται
matthew;15;15;αποκριθεις δε ο πετρος ειπεν αυτω φρασον ημιν την παραβολην ταυτην
matthew;15;16;ο δε ιησους ειπεν ακμην και υμεις ασυνετοι εστε
matthew;15;17;ουπω νοειτε οτι παν το εισπορευομενον εις το στομα εις την κοιλιαν χωρει και εις αφεδρωνα εκβαλλεται
matthew;15;18;τα δε εκπορευομενα εκ του στοματος εκ της καρδιας εξερχεται κακεινα κοινοι τον ανθρωπον
matthew;15;19;εκ γαρ της καρδιας εξερχονται διαλογισμοι πονηροι φονοι μοιχειαι πορνειαι κλοπαι ψευδομαρτυριαι βλασφημιαι
matthew;15;20;ταυτα εστιν τα κοινουντα τον ανθρωπον το δε ανιπτοις χερσιν φαγειν ου κοινοι τον ανθρωπον
matthew;15;21;και εξελθων εκειθεν ο ιησους ανεχωρησεν εις τα μερη τυρου και σιδωνος
matthew;15;22;και ιδου γυνη χαναναια απο των οριων εκεινων εξελθουσα εκραυγασεν αυτω λεγουσα ελεησον με κυριε υιε δαβιδ η θυγατηρ μου κακως δαιμονιζεται
matthew;15;23;ο δε ουκ απεκριθη αυτη λογον και προσελθοντες οι μαθηται αυτου ηρωτων αυτον λεγοντες απολυσον αυτην οτι κραζει οπισθεν ημων
matthew;15;24;ο δε αποκριθεις ειπεν ουκ απεσταλην ει μη εις τα προβατα τα απολωλοτα οικου ισραηλ
matthew;15;25;η δε ελθουσα προσεκυνει αυτω λεγουσα κυριε βοηθει μοι
matthew;15;26;ο δε αποκριθεις ειπεν ουκ εστιν καλον λαβειν τον αρτον των τεκνων και βαλειν τοις κυναριοις
matthew;15;27;η δε ειπεν ναι κυριε και γαρ τα κυναρια εσθιει απο των ψιχιων των πιπτοντων απο της τραπεζης των κυριων αυτων
matthew;15;28;τοτε αποκριθεις ο ιησους ειπεν αυτη ω γυναι μεγαλη σου η πιστις γενηθητω σοι ως θελεις και ιαθη η θυγατηρ αυτης απο της ωρας εκεινης
matthew;15;29;και μεταβας εκειθεν ο ιησους ηλθεν παρα την θαλασσαν της γαλιλαιας και αναβας εις το ορος εκαθητο εκει
matthew;15;30;και προσηλθον αυτω οχλοι πολλοι εχοντες μεθ εαυτων χωλους τυφλους κωφους κυλλους και ετερους πολλους και ερριψαν αυτους παρα τους ποδας του ιησου και εθεραπευσεν αυτους
matthew;15;31;ωστε τους οχλους θαυμασαι βλεποντας κωφους λαλουντας κυλλους υγιεις χωλους περιπατουντας και τυφλους βλεποντας και εδοξασαν τον θεον ισραηλ
matthew;15;32;ο δε ιησους προσκαλεσαμενος τους μαθητας αυτου ειπεν σπλαγχνιζομαι επι τον οχλον οτι ηδη ημερας τρεις προσμενουσιν μοι και ουκ εχουσιν τι φαγωσιν και απολυσαι αυτους νηστεις ου θελω μηποτε εκλυθωσιν εν τη οδω
matthew;15;33;και λεγουσιν αυτω οι μαθηται αυτου ποθεν ημιν εν ερημια αρτοι τοσουτοι ωστε χορτασαι οχλον τοσουτον
matthew;15;34;και λεγει αυτοις ο ιησους ποσους αρτους εχετε οι δε ειπον επτα και ολιγα ιχθυδια
matthew;15;35;και εκελευσεν τοις οχλοις αναπεσειν επι την γην
matthew;15;36;και λαβων τους επτα αρτους και τους ιχθυας ευχαριστησας εκλασεν και εδωκεν τοις μαθηταις αυτου οι δε μαθηται τω οχλω
matthew;15;37;και εφαγον παντες και εχορτασθησαν και ηραν το περισσευον των κλασματων επτα σπυριδας πληρεις
matthew;15;38;οι δε εσθιοντες ησαν τετρακισχιλιοι ανδρες χωρις γυναικων και παιδιων
matthew;15;39;και απολυσας τους οχλους ενεβη εις το πλοιον και ηλθεν εις τα ορια μαγδαλα
matthew;16;1;και προσελθοντες οι φαρισαιοι και σαδδουκαιοι πειραζοντες επηρωτησαν αυτον σημειον εκ του ουρανου επιδειξαι αυτοις
matthew;16;2;ο δε αποκριθεις ειπεν αυτοις οψιας γενομενης λεγετε ευδια πυρραζει γαρ ο ουρανος
matthew;16;3;και πρωι σημερον χειμων πυρραζει γαρ στυγναζων ο ουρανος υποκριται το μεν προσωπον του ουρανου γινωσκετε διακρινειν τα δε σημεια των καιρων ου δυνασθε
matthew;16;4;γενεα πονηρα και μοιχαλις σημειον επιζητει και σημειον ου δοθησεται αυτη ει μη το σημειον ιωνα του προφητου και καταλιπων αυτους απηλθεν
matthew;16;5;και ελθοντες οι μαθηται αυτου εις το περαν επελαθοντο αρτους λαβειν
matthew;16;6;ο δε ιησους ειπεν αυτοις ορατε και προσεχετε απο της ζυμης των φαρισαιων και σαδδουκαιων
matthew;16;7;οι δε διελογιζοντο εν εαυτοις λεγοντες οτι αρτους ουκ ελαβομεν
matthew;16;8;γνους δε ο ιησους ειπεν αυτοις τι διαλογιζεσθε εν εαυτοις ολιγοπιστοι οτι αρτους ουκ ελαβετε
matthew;16;9;ουπω νοειτε ουδε μνημονευετε τους πεντε αρτους των πεντακισχιλιων και ποσους κοφινους ελαβετε
matthew;16;10;ουδε τους επτα αρτους των τετρακισχιλιων και ποσας σπυριδας ελαβετε
matthew;16;11;πως ου νοειτε οτι ου περι αρτου ειπον υμιν προσεχειν απο της ζυμης των φαρισαιων και σαδδουκαιων
matthew;16;12;τοτε συνηκαν οτι ουκ ειπεν προσεχειν απο της ζυμης του αρτου αλλ απο της διδαχης των φαρισαιων και σαδδουκαιων
matthew;16;13;ελθων δε ο ιησους εις τα μερη καισαρειας της φιλιππου ηρωτα τους μαθητας αυτου λεγων τινα με λεγουσιν οι ανθρωποι ειναι τον υιον του ανθρωπου
matthew;16;14;οι δε ειπον οι μεν ιωαννην τον βαπτιστην αλλοι δε ηλιαν ετεροι δε ιερεμιαν η ενα των προφητων
matthew;16;15;λεγει αυτοις υμεις δε τινα με λεγετε ειναι
matthew;16;16;αποκριθεις δε σιμων πετρος ειπεν συ ει ο χριστος ο υιος του θεου του ζωντος
matthew;16;17;και αποκριθεις ο ιησους ειπεν αυτω μακαριος ει σιμων βαρ ιωνα οτι σαρξ και αιμα ουκ απεκαλυψεν σοι αλλ ο πατηρ μου ο εν τοις ουρανοις
matthew;16;18;καγω δε σοι λεγω οτι συ ει πετρος και επι ταυτη τη πετρα οικοδομησω μου την εκκλησιαν και πυλαι αδου ου κατισχυσουσιν αυτης
matthew;16;19;και δωσω σοι τας κλεις της βασιλειας των ουρανων και ο εαν δησης επι της γης εσται δεδεμενον εν τοις ουρανοις και ο εαν λυσης επι της γης εσται λελυμενον εν τοις ουρανοις
matthew;16;20;τοτε διεστειλατο τοις μαθηταις αυτου ινα μηδενι ειπωσιν οτι αυτος εστιν ιησους ο χριστος
matthew;16;21;απο τοτε ηρξατο ο ιησους δεικνυειν τοις μαθηταις αυτου οτι δει αυτον απελθειν εις ιεροσολυμα και πολλα παθειν απο των πρεσβυτερων και αρχιερεων και γραμματεων και αποκτανθηναι και τη τριτη ημερα εγερθηναι
matthew;16;22;και προσλαβομενος αυτον ο πετρος ηρξατο επιτιμαν αυτω λεγων ιλεως σοι κυριε ου μη εσται σοι τουτο
matthew;16;23;ο δε στραφεις ειπεν τω πετρω υπαγε οπισω μου σατανα σκανδαλον μου ει οτι ου φρονεις τα του θεου αλλα τα των ανθρωπων
matthew;16;24;τοτε ο ιησους ειπεν τοις μαθηταις αυτου ει τις θελει οπισω μου ελθειν απαρνησασθω εαυτον και αρατω τον σταυρον αυτου και ακολουθειτω μοι
matthew;16;25;ος γαρ αν θελη την ψυχην αυτου σωσαι απολεσει αυτην ος δ αν απολεση την ψυχην αυτου ενεκεν εμου ευρησει αυτην
matthew;16;26;τι γαρ ωφελειται ανθρωπος εαν τον κοσμον ολον κερδηση την δε ψυχην αυτου ζημιωθη η τι δωσει ανθρωπος ανταλλαγμα της ψυχης αυτου
matthew;16;27;μελλει γαρ ο υιος του ανθρωπου ερχεσθαι εν τη δοξη του πατρος αυτου μετα των αγγελων αυτου και τοτε αποδωσει εκαστω κατα την πραξιν αυτου
matthew;16;28;αμην λεγω υμιν εισιν τινες των ωδε εστηκοτων οιτινες ου μη γευσωνται θανατου εως αν ιδωσιν τον υιον του ανθρωπου ερχομενον εν τη βασιλεια αυτου
matthew;17;1;και μεθ ημερας εξ παραλαμβανει ο ιησους τον πετρον και ιακωβον και ιωαννην τον αδελφον αυτου και αναφερει αυτους εις ορος υψηλον κατ ιδιαν
matthew;17;2;και μετεμορφωθη εμπροσθεν αυτων και ελαμψεν το προσωπον αυτου ως ο ηλιος τα δε ιματια αυτου εγενετο λευκα ως το φως
matthew;17;3;και ιδου ωφθησαν αυτοις μωσης και ηλιας μετ αυτου συλλαλουντες
matthew;17;4;αποκριθεις δε ο πετρος ειπεν τω ιησου κυριε καλον εστιν ημας ωδε ειναι ει θελεις ποιησωμεν ωδε τρεις σκηνας σοι μιαν και μωση μιαν και μιαν ηλια
matthew;17;5;ετι αυτου λαλουντος ιδου νεφελη φωτεινη επεσκιασεν αυτους και ιδου φωνη εκ της νεφελης λεγουσα ουτος εστιν ο υιος μου ο αγαπητος εν ω ευδοκησα αυτου ακουετε
matthew;17;6;και ακουσαντες οι μαθηται επεσον επι προσωπον αυτων και εφοβηθησαν σφοδρα
matthew;17;7;και προσελθων ο ιησους ηψατο αυτων και ειπεν εγερθητε και μη φοβεισθε
matthew;17;8;επαραντες δε τους οφθαλμους αυτων ουδενα ειδον ει μη τον ιησουν μονον
matthew;17;9;και καταβαινοντων αυτων απο του ορους ενετειλατο αυτοις ο ιησους λεγων μηδενι ειπητε το οραμα εως ου ο υιος του ανθρωπου εκ νεκρων αναστη
matthew;17;10;και επηρωτησαν αυτον οι μαθηται αυτου λεγοντες τι ουν οι γραμματεις λεγουσιν οτι ηλιαν δει ελθειν πρωτον
matthew;17;11;ο δε ιησους αποκριθεις ειπεν αυτοις ηλιας μεν ερχεται πρωτον και αποκαταστησει παντα
matthew;17;12;λεγω δε υμιν οτι ηλιας ηδη ηλθεν και ουκ επεγνωσαν αυτον αλλ εποιησαν εν αυτω οσα ηθελησαν ουτως και ο υιος του ανθρωπου μελλει πασχειν υπ αυτων
matthew;17;13;τοτε συνηκαν οι μαθηται οτι περι ιωαννου του βαπτιστου ειπεν αυτοις
matthew;17;14;και ελθοντων αυτων προς τον οχλον προσηλθεν αυτω ανθρωπος γονυπετων αυτω
matthew;17;15;και λεγων κυριε ελεησον μου τον υιον οτι σεληνιαζεται και κακως πασχει πολλακις γαρ πιπτει εις το πυρ και πολλακις εις το υδωρ
matthew;17;16;και προσηνεγκα αυτον τοις μαθηταις σου και ουκ ηδυνηθησαν αυτον θεραπευσαι
matthew;17;17;αποκριθεις δε ο ιησους ειπεν ω γενεα απιστος και διεστραμμενη εως ποτε εσομαι μεθ υμων εως ποτε ανεξομαι υμων φερετε μοι αυτον ωδε
matthew;17;18;και επετιμησεν αυτω ο ιησους και εξηλθεν απ αυτου το δαιμονιον και εθεραπευθη ο παις απο της ωρας εκεινης
matthew;17;19;τοτε προσελθοντες οι μαθηται τω ιησου κατ ιδιαν ειπον δια τι ημεις ουκ ηδυνηθημεν εκβαλειν αυτο
matthew;17;20;ο δε ιησους ειπεν αυτοις δια την απιστιαν υμων αμην γαρ λεγω υμιν εαν εχητε πιστιν ως κοκκον σιναπεως ερειτε τω ορει τουτω μεταβηθι εντευθεν εκει και μεταβησεται και ουδεν αδυνατησει υμιν
matthew;17;21;τουτο δε το γενος ουκ εκπορευεται ει μη εν προσευχη και νηστεια
matthew;17;22;αναστρεφομενων δε αυτων εν τη γαλιλαια ειπεν αυτοις ο ιησους μελλει ο υιος του ανθρωπου παραδιδοσθαι εις χειρας ανθρωπων
matthew;17;23;και αποκτενουσιν αυτον και τη τριτη ημερα εγερθησεται και ελυπηθησαν σφοδρα
matthew;17;24;ελθοντων δε αυτων εις καπερναουμ προσηλθον οι τα διδραχμα λαμβανοντες τω πετρω και ειπον ο διδασκαλος υμων ου τελει τα διδραχμα
matthew;17;25;λεγει ναι και οτε εισηλθεν εις την οικιαν προεφθασεν αυτον ο ιησους λεγων τι σοι δοκει σιμων οι βασιλεις της γης απο τινων λαμβανουσιν τελη η κηνσον απο των υιων αυτων η απο των αλλοτριων
matthew;17;26;λεγει αυτω ο πετρος απο των αλλοτριων εφη αυτω ο ιησους αραγε ελευθεροι εισιν οι υιοι
matthew;17;27;ινα δε μη σκανδαλισωμεν αυτους πορευθεις εις την θαλασσαν βαλε αγκιστρον και τον αναβαντα πρωτον ιχθυν αρον και ανοιξας το στομα αυτου ευρησεις στατηρα εκεινον λαβων δος αυτοις αντι εμου και σου
matthew;18;1;εν εκεινη τη ωρα προσηλθον οι μαθηται τω ιησου λεγοντες τις αρα μειζων εστιν εν τη βασιλεια των ουρανων
matthew;18;2;και προσκαλεσαμενος ο ιησους παιδιον εστησεν αυτο εν μεσω αυτων
matthew;18;3;και ειπεν αμην λεγω υμιν εαν μη στραφητε και γενησθε ως τα παιδια ου μη εισελθητε εις την βασιλειαν των ουρανων
matthew;18;4;οστις ουν ταπεινωση εαυτον ως το παιδιον τουτο ουτος εστιν ο μειζων εν τη βασιλεια των ουρανων
matthew;18;5;και ος εαν δεξηται παιδιον τοιουτον εν επι τω ονοματι μου εμε δεχεται
matthew;18;6;ος δ αν σκανδαλιση ενα των μικρων τουτων των πιστευοντων εις εμε συμφερει αυτω ινα κρεμασθη μυλος ονικος επι τον τραχηλον αυτου και καταποντισθη εν τω πελαγει της θαλασσης
matthew;18;7;ουαι τω κοσμω απο των σκανδαλων αναγκη γαρ εστιν ελθειν τα σκανδαλα πλην ουαι τω ανθρωπω εκεινω δι ου το σκανδαλον ερχεται
matthew;18;8;ει δε η χειρ σου η ο πους σου σκανδαλιζει σε εκκοψον αυτα και βαλε απο σου καλον σοι εστιν εισελθειν εις την ζωην χωλον η κυλλον η δυο χειρας η δυο ποδας εχοντα βληθηναι εις το πυρ το αιωνιον
matthew;18;9;και ει ο οφθαλμος σου σκανδαλιζει σε εξελε αυτον και βαλε απο σου καλον σοι εστιν μονοφθαλμον εις την ζωην εισελθειν η δυο οφθαλμους εχοντα βληθηναι εις την γεενναν του πυρος
matthew;18;10;ορατε μη καταφρονησητε ενος των μικρων τουτων λεγω γαρ υμιν οτι οι αγγελοι αυτων εν ουρανοις δια παντος βλεπουσιν το προσωπον του πατρος μου του εν ουρανοις
matthew;18;11;ηλθεν γαρ ο υιος του ανθρωπου σωσαι το απολωλος
matthew;18;12;τι υμιν δοκει εαν γενηται τινι ανθρωπω εκατον προβατα και πλανηθη εν εξ αυτων ουχι αφεις τα εννενηκονταεννεα επι τα ορη πορευθεις ζητει το πλανωμενον
matthew;18;13;και εαν γενηται ευρειν αυτο αμην λεγω υμιν οτι χαιρει επ αυτω μαλλον η επι τοις εννενηκονταεννεα τοις μη πεπλανημενοις
matthew;18;14;ουτως ουκ εστιν θελημα εμπροσθεν του πατρος υμων του εν ουρανοις ινα αποληται εις των μικρων τουτων
matthew;18;15;εαν δε αμαρτηση εις σε ο αδελφος σου υπαγε και ελεγξον αυτον μεταξυ σου και αυτου μονου εαν σου ακουση εκερδησας τον αδελφον σου
matthew;18;16;εαν δε μη ακουση παραλαβε μετα σου ετι ενα η δυο ινα επι στοματος δυο μαρτυρων η τριων σταθη παν ρημα
matthew;18;17;εαν δε παρακουση αυτων ειπε τη εκκλησια εαν δε και της εκκλησιας παρακουση εστω σοι ωσπερ ο εθνικος και ο τελωνης
matthew;18;18;αμην λεγω υμιν οσα εαν δησητε επι της γης εσται δεδεμενα εν τω ουρανω και οσα εαν λυσητε επι της γης εσται λελυμενα εν τω ουρανω
matthew;18;19;παλιν λεγω υμιν οτι εαν δυο υμων συμφωνησωσιν επι της γης περι παντος πραγματος ου εαν αιτησωνται γενησεται αυτοις παρα του πατρος μου του εν ουρανοις
matthew;18;20;ου γαρ εισιν δυο η τρεις συνηγμενοι εις το εμον ονομα εκει ειμι εν μεσω αυτων
matthew;18;21;τοτε προσελθων αυτω ο πετρος ειπεν κυριε ποσακις αμαρτησει εις εμε ο αδελφος μου και αφησω αυτω εως επτακις
matthew;18;22;λεγει αυτω ο ιησους ου λεγω σοι εως επτακις αλλ εως εβδομηκοντακις επτα
matthew;18;23;δια τουτο ωμοιωθη η βασιλεια των ουρανων ανθρωπω βασιλει ος ηθελησεν συναραι λογον μετα των δουλων αυτου
matthew;18;24;αρξαμενου δε αυτου συναιρειν προσηνεχθη αυτω εις οφειλετης μυριων ταλαντων
matthew;18;25;μη εχοντος δε αυτου αποδουναι εκελευσεν αυτον ο κυριος αυτου πραθηναι και την γυναικα αυτου και τα τεκνα και παντα οσα ειχεν και αποδοθηναι
matthew;18;26;πεσων ουν ο δουλος προσεκυνει αυτω λεγων κυριε μακροθυμησον επ εμοι και παντα σοι αποδωσω
matthew;18;27;σπλαγχνισθεις δε ο κυριος του δουλου εκεινου απελυσεν αυτον και το δανειον αφηκεν αυτω
matthew;18;28;εξελθων δε ο δουλος εκεινος ευρεν ενα των συνδουλων αυτου ος ωφειλεν αυτω εκατον δηναρια και κρατησας αυτον επνιγεν λεγων αποδος μοι ο τι οφειλεις
matthew;18;29;πεσων ουν ο συνδουλος αυτου εις τους ποδας αυτου παρεκαλει αυτον λεγων μακροθυμησον επ εμοι και παντα αποδωσω σοι
matthew;18;30;ο δε ουκ ηθελεν απελθων εβαλεν αυτον εις φυλακην εως ου αποδω το οφειλομενον
matthew;18;31;ιδοντες δε οι συνδουλοι αυτου τα γενομενα ελυπηθησαν σφοδρα και ελθοντες διεσαφησαν τω κυριω αυτων παντα τα γενομενα
matthew;18;32;τοτε προσκαλεσαμενος αυτον ο κυριος αυτου λεγει αυτω δουλε πονηρε πασαν την οφειλην εκεινην αφηκα σοι επει παρεκαλεσας με
matthew;18;33;ουκ εδει και σε ελεησαι τον συνδουλον σου ως και εγω σε ηλεησα
matthew;18;34;και οργισθεις ο κυριος αυτου παρεδωκεν αυτον τοις βασανισταις εως ου αποδω παν το οφειλομενον αυτω
matthew;18;35;ουτως και ο πατηρ μου ο επουρανιος ποιησει υμιν εαν μη αφητε εκαστος τω αδελφω αυτου απο των καρδιων υμων τα παραπτωματα αυτων
matthew;19;1;και εγενετο οτε ετελεσεν ο ιησους τους λογους τουτους μετηρεν απο της γαλιλαιας και ηλθεν εις τα ορια της ιουδαιας περαν του ιορδανου
matthew;19;2;και ηκολουθησαν αυτω οχλοι πολλοι και εθεραπευσεν αυτους εκει
matthew;19;3;και προσηλθον αυτω οι φαρισαιοι πειραζοντες αυτον και λεγοντες αυτω ει εξεστιν ανθρωπω απολυσαι την γυναικα αυτου κατα πασαν αιτιαν
matthew;19;4;ο δε αποκριθεις ειπεν αυτοις ουκ ανεγνωτε οτι ο ποιησας απ αρχης αρσεν και θηλυ εποιησεν αυτους
matthew;19;5;και ειπεν ενεκεν τουτου καταλειψει ανθρωπος τον πατερα και την μητερα και προσκολληθησεται τη γυναικι αυτου και εσονται οι δυο εις σαρκα μιαν
matthew;19;6;ωστε ουκετι εισιν δυο αλλα σαρξ μια ο ουν ο θεος συνεζευξεν ανθρωπος μη χωριζετω
matthew;19;7;λεγουσιν αυτω τι ουν μωσης ενετειλατο δουναι βιβλιον αποστασιου και απολυσαι αυτην
matthew;19;8;λεγει αυτοις οτι μωσης προς την σκληροκαρδιαν υμων επετρεψεν υμιν απολυσαι τας γυναικας υμων απ αρχης δε ου γεγονεν ουτως
matthew;19;9;λεγω δε υμιν οτι ος αν απολυση την γυναικα αυτου ει μη επι πορνεια και γαμηση αλλην μοιχαται και ο απολελυμενην γαμησας μοιχαται
matthew;19;10;λεγουσιν αυτω οι μαθηται αυτου ει ουτως εστιν η αιτια του ανθρωπου μετα της γυναικος ου συμφερει γαμησαι
matthew;19;11;ο δε ειπεν αυτοις ου παντες χωρουσιν τον λογον τουτον αλλ οις δεδοται
matthew;19;12;εισιν γαρ ευνουχοι οιτινες εκ κοιλιας μητρος εγεννηθησαν ουτως και εισιν ευνουχοι οιτινες ευνουχισθησαν υπο των ανθρωπων και εισιν ευνουχοι οιτινες ευνουχισαν εαυτους δια την βασιλειαν των ουρανων ο δυναμενος χωρειν χωρειτω
matthew;19;13;τοτε προσηνεχθη αυτω παιδια ινα τας χειρας επιθη αυτοις και προσευξηται οι δε μαθηται επετιμησαν αυτοις
matthew;19;14;ο δε ιησους ειπεν αφετε τα παιδια και μη κωλυετε αυτα ελθειν προς με των γαρ τοιουτων εστιν η βασιλεια των ουρανων
matthew;19;15;και επιθεις αυτοις τας χειρας επορευθη εκειθεν
matthew;19;16;και ιδου εις προσελθων ειπεν αυτω διδασκαλε αγαθε τι αγαθον ποιησω ινα εχω ζωην αιωνιον
matthew;19;17;ο δε ειπεν αυτω τι με λεγεις αγαθον ουδεις αγαθος ει μη εις ο θεος ει δε θελεις εισελθειν εις την ζωην τηρησον τας εντολας
matthew;19;18;λεγει αυτω ποιας ο δε ιησους ειπεν το ου φονευσεις ου μοιχευσεις ου κλεψεις ου ψευδομαρτυρησεις
matthew;19;19;τιμα τον πατερα σου και την μητερα και αγαπησεις τον πλησιον σου ως σεαυτον
matthew;19;20;λεγει αυτω ο νεανισκος παντα ταυτα εφυλαξαμην εκ νεοτητος μου τι ετι υστερω
matthew;19;21;εφη αυτω ο ιησους ει θελεις τελειος ειναι υπαγε πωλησον σου τα υπαρχοντα και δος πτωχοις και εξεις θησαυρον εν ουρανω και δευρο ακολουθει μοι
matthew;19;22;ακουσας δε ο νεανισκος τον λογον απηλθεν λυπουμενος ην γαρ εχων κτηματα πολλα
matthew;19;23;ο δε ιησους ειπεν τοις μαθηταις αυτου αμην λεγω υμιν οτι δυσκολως πλουσιος εισελευσεται εις την βασιλειαν των ουρανων
matthew;19;24;παλιν δε λεγω υμιν ευκοπωτερον εστιν καμηλον δια τρυπηματος ραφιδος διελθειν η πλουσιον εις την βασιλειαν του θεου εισελθειν
matthew;19;25;ακουσαντες δε οι μαθηται αυτου εξεπλησσοντο σφοδρα λεγοντες τις αρα δυναται σωθηναι
matthew;19;26;εμβλεψας δε ο ιησους ειπεν αυτοις παρα ανθρωποις τουτο αδυνατον εστιν παρα δε θεω παντα δυνατα εστιν
matthew;19;27;τοτε αποκριθεις ο πετρος ειπεν αυτω ιδου ημεις αφηκαμεν παντα και ηκολουθησαμεν σοι τι αρα εσται ημιν
matthew;19;28;ο δε ιησους ειπεν αυτοις αμην λεγω υμιν οτι υμεις οι ακολουθησαντες μοι εν τη παλιγγενεσια οταν καθιση ο υιος του ανθρωπου επι θρονου δοξης αυτου καθισεσθε και υμεις επι δωδεκα θρονους κρινοντες τας δωδεκα φυλας του ισραηλ
matthew;19;29;και πας ος αφηκεν οικιας η αδελφους η αδελφας η πατερα η μητερα η γυναικα η τεκνα η αγρους ενεκεν του ονοματος μου εκατονταπλασιονα ληψεται και ζωην αιωνιον κληρονομησει
matthew;19;30;πολλοι δε εσονται πρωτοι εσχατοι και εσχατοι πρωτοι
matthew;20;1;ομοια γαρ εστιν η βασιλεια των ουρανων ανθρωπω οικοδεσποτη οστις εξηλθεν αμα πρωι μισθωσασθαι εργατας εις τον αμπελωνα αυτου
matthew;20;2;συμφωνησας δε μετα των εργατων εκ δηναριου την ημεραν απεστειλεν αυτους εις τον αμπελωνα αυτου
matthew;20;3;και εξελθων περι την τριτην ωραν ειδεν αλλους εστωτας εν τη αγορα αργους
matthew;20;4;κακεινοις ειπεν υπαγετε και υμεις εις τον αμπελωνα και ο εαν η δικαιον δωσω υμιν
matthew;20;5;οι δε απηλθον παλιν εξελθων περι εκτην και εννατην ωραν εποιησεν ωσαυτως
matthew;20;6;περι δε την ενδεκατην ωραν εξελθων ευρεν αλλους εστωτας αργους και λεγει αυτοις τι ωδε εστηκατε ολην την ημεραν αργοι
matthew;20;7;λεγουσιν αυτω οτι ουδεις ημας εμισθωσατο λεγει αυτοις υπαγετε και υμεις εις τον αμπελωνα και ο εαν η δικαιον ληψεσθε
matthew;20;8;οψιας δε γενομενης λεγει ο κυριος του αμπελωνος τω επιτροπω αυτου καλεσον τους εργατας και αποδος αυτοις τον μισθον αρξαμενος απο των εσχατων εως των πρωτων
matthew;20;9;και ελθοντες οι περι την ενδεκατην ωραν ελαβον ανα δηναριον
matthew;20;10;ελθοντες δε οι πρωτοι ενομισαν οτι πλειονα ληψονται και ελαβον και αυτοι ανα δηναριον
matthew;20;11;λαβοντες δε εγογγυζον κατα του οικοδεσποτου
matthew;20;12;λεγοντες οτι ουτοι οι εσχατοι μιαν ωραν εποιησαν και ισους ημιν αυτους εποιησας τοις βαστασασιν το βαρος της ημερας και τον καυσωνα
matthew;20;13;ο δε αποκριθεις ειπεν ενι αυτων εταιρε ουκ αδικω σε ουχι δηναριου συνεφωνησας μοι
matthew;20;14;αρον το σον και υπαγε θελω δε τουτω τω εσχατω δουναι ως και σοι
matthew;20;15;η ουκ εξεστιν μοι ποιησαι ο θελω εν τοις εμοις ει ο οφθαλμος σου πονηρος εστιν οτι εγω αγαθος ειμι
matthew;20;16;ουτως εσονται οι εσχατοι πρωτοι και οι πρωτοι εσχατοι πολλοι γαρ εισιν κλητοι ολιγοι δε εκλεκτοι
matthew;20;17;και αναβαινων ο ιησους εις ιεροσολυμα παρελαβεν τους δωδεκα μαθητας κατ ιδιαν εν τη οδω και ειπεν αυτοις
matthew;20;18;ιδου αναβαινομεν εις ιεροσολυμα και ο υιος του ανθρωπου παραδοθησεται τοις αρχιερευσιν και γραμματευσιν και κατακρινουσιν αυτον θανατω
matthew;20;19;και παραδωσουσιν αυτον τοις εθνεσιν εις το εμπαιξαι και μαστιγωσαι και σταυρωσαι και τη τριτη ημερα αναστησεται
matthew;20;20;τοτε προσηλθεν αυτω η μητηρ των υιων ζεβεδαιου μετα των υιων αυτης προσκυνουσα και αιτουσα τι παρ αυτου
matthew;20;21;ο δε ειπεν αυτη τι θελεις λεγει αυτω ειπε ινα καθισωσιν ουτοι οι δυο υιοι μου εις εκ δεξιων σου και εις εξ ευωνυμων εν τη βασιλεια σου
matthew;20;22;αποκριθεις δε ο ιησους ειπεν ουκ οιδατε τι αιτεισθε δυνασθε πιειν το ποτηριον ο εγω μελλω πινειν και το βαπτισμα ο εγω βαπτιζομαι βαπτισθηναι λεγουσιν αυτω δυναμεθα
matthew;20;23;και λεγει αυτοις το μεν ποτηριον μου πιεσθε και το βαπτισμα ο εγω βαπτιζομαι βαπτισθησεσθε το δε καθισαι εκ δεξιων μου και εξ ευωνυμων μου ουκ εστιν εμον δουναι αλλ οις ητοιμασται υπο του πατρος μου
matthew;20;24;και ακουσαντες οι δεκα ηγανακτησαν περι των δυο αδελφων
matthew;20;25;ο δε ιησους προσκαλεσαμενος αυτους ειπεν οιδατε οτι οι αρχοντες των εθνων κατακυριευουσιν αυτων και οι μεγαλοι κατεξουσιαζουσιν αυτων
matthew;20;26;ουχ ουτως δε εσται εν υμιν αλλ ος εαν θελη εν υμιν μεγας γενεσθαι εστω υμων διακονος
matthew;20;27;και ος εαν θελη εν υμιν ειναι πρωτος εστω υμων δουλος
matthew;20;28;ωσπερ ο υιος του ανθρωπου ουκ ηλθεν διακονηθηναι αλλα διακονησαι και δουναι την ψυχην αυτου λυτρον αντι πολλων
matthew;20;29;και εκπορευομενων αυτων απο ιεριχω ηκολουθησεν αυτω οχλος πολυς
matthew;20;30;και ιδου δυο τυφλοι καθημενοι παρα την οδον ακουσαντες οτι ιησους παραγει εκραξαν λεγοντες ελεησον ημας κυριε υιος δαβιδ
matthew;20;31;ο δε οχλος επετιμησεν αυτοις ινα σιωπησωσιν οι δε μειζον εκραζον λεγοντες ελεησον ημας κυριε υιος δαβιδ
matthew;20;32;και στας ο ιησους εφωνησεν αυτους και ειπεν τι θελετε ποιησω υμιν
matthew;20;33;λεγουσιν αυτω κυριε ινα ανοιχθωσιν ημων οι οφθαλμοι
matthew;20;34;σπλαγχνισθεις δε ο ιησους ηψατο των οφθαλμων αυτων και ευθεως ανεβλεψαν αυτων οι οφθαλμοι και ηκολουθησαν αυτω
matthew;21;1;και οτε ηγγισαν εις ιεροσολυμα και ηλθον εις βηθφαγη προς το ορος των ελαιων τοτε ο ιησους απεστειλεν δυο μαθητας
matthew;21;2;λεγων αυτοις πορευθητε εις την κωμην την απεναντι υμων και ευθεως ευρησετε ονον δεδεμενην και πωλον μετ αυτης λυσαντες αγαγετε μοι
matthew;21;3;και εαν τις υμιν ειπη τι ερειτε οτι ο κυριος αυτων χρειαν εχει ευθεως δε αποστελει αυτους
matthew;21;4;τουτο δε ολον γεγονεν ινα πληρωθη το ρηθεν δια του προφητου λεγοντος
matthew;21;5;ειπατε τη θυγατρι σιων ιδου ο βασιλευς σου ερχεται σοι πραυς και επιβεβηκως επι ονον και πωλον υιον υποζυγιου
matthew;21;6;πορευθεντες δε οι μαθηται και ποιησαντες καθως προσεταξεν αυτοις ο ιησους
matthew;21;7;ηγαγον την ονον και τον πωλον και επεθηκαν επανω αυτων τα ιματια αυτων και επανω αυτων
matthew;21;8;ο δε πλειστος οχλος εστρωσαν εαυτων τα ιματια εν τη οδω αλλοι δε εκοπτον κλαδους απο των δενδρων και εστρωννυον εν τη οδω
matthew;21;9;οι δε οχλοι οι προαγοντες και οι ακολουθουντες εκραζον λεγοντες ωσαννα τω υιω δαβιδ ευλογημενος ο ερχομενος εν ονοματι κυριου ωσαννα εν τοις υψιστοις
matthew;21;10;και εισελθοντος αυτου εις ιεροσολυμα εσεισθη πασα η πολις λεγουσα τις εστιν ουτος
matthew;21;11;οι δε οχλοι ελεγον ουτος εστιν ιησους ο προφητης ο απο της γαλιλαιας
matthew;21;12;και εισηλθεν ο ιησους εις το ιερον του θεου και εξεβαλεν παντας τους πωλουντας και αγοραζοντας εν τω ιερω και τας τραπεζας των κολλυβιστων κατεστρεψεν και τας καθεδρας των πωλουντων τας περιστερας
matthew;21;13;και λεγει αυτοις γεγραπται ο οικος μου οικος προσευχης κληθησεται υμεις δε αυτον εποιησατε σπηλαιον ληστων
matthew;21;14;και προσηλθον αυτω τυφλοι και χωλοι εν τω ιερω και εθεραπευσεν αυτους
matthew;21;15;ιδοντες δε οι αρχιερεις και οι γραμματεις τα θαυμασια α εποιησεν και τους παιδας κραζοντας εν τω ιερω και λεγοντας ωσαννα τω υιω δαβιδ ηγανακτησαν
matthew;21;16;και ειπον αυτω ακουεις τι ουτοι λεγουσιν ο δε ιησους λεγει αυτοις ναι ουδεποτε ανεγνωτε οτι εκ στοματος νηπιων και θηλαζοντων κατηρτισω αινον
matthew;21;17;και καταλιπων αυτους εξηλθεν εξω της πολεως εις βηθανιαν και ηυλισθη εκει
matthew;21;18;πρωιας δε επαναγων εις την πολιν επεινασεν
matthew;21;19;και ιδων συκην μιαν επι της οδου ηλθεν επ αυτην και ουδεν ευρεν εν αυτη ει μη φυλλα μονον και λεγει αυτη μηκετι εκ σου καρπος γενηται εις τον αιωνα και εξηρανθη παραχρημα η συκη
matthew;21;20;και ιδοντες οι μαθηται εθαυμασαν λεγοντες πως παραχρημα εξηρανθη η συκη
matthew;21;21;αποκριθεις δε ο ιησους ειπεν αυτοις αμην λεγω υμιν εαν εχητε πιστιν και μη διακριθητε ου μονον το της συκης ποιησετε αλλα καν τω ορει τουτω ειπητε αρθητι και βληθητι εις την θαλασσαν γενησεται
matthew;21;22;και παντα οσα αν αιτησητε εν τη προσευχη πιστευοντες ληψεσθε
matthew;21;23;και ελθοντι αυτω εις το ιερον προσηλθον αυτω διδασκοντι οι αρχιερεις και οι πρεσβυτεροι του λαου λεγοντες εν ποια εξουσια ταυτα ποιεις και τις σοι εδωκεν την εξουσιαν ταυτην
matthew;21;24;αποκριθεις δε ο ιησους ειπεν αυτοις ερωτησω υμας καγω λογον ενα ον εαν ειπητε μοι καγω υμιν ερω εν ποια εξουσια ταυτα ποιω
matthew;21;25;το βαπτισμα ιωαννου ποθεν ην εξ ουρανου η εξ ανθρωπων οι δε διελογιζοντο παρ εαυτοις λεγοντες εαν ειπωμεν εξ ουρανου ερει ημιν δια τι ουν ουκ επιστευσατε αυτω
matthew;21;26;εαν δε ειπωμεν εξ ανθρωπων φοβουμεθα τον οχλον παντες γαρ εχουσιν τον ιωαννην ως προφητην
matthew;21;27;και αποκριθεντες τω ιησου ειπον ουκ οιδαμεν εφη αυτοις και αυτος ουδε εγω λεγω υμιν εν ποια εξουσια ταυτα ποιω
matthew;21;28;τι δε υμιν δοκει ανθρωπος ειχεν τεκνα δυο και προσελθων τω πρωτω ειπεν τεκνον υπαγε σημερον εργαζου εν τω αμπελωνι μου
matthew;21;29;ο δε αποκριθεις ειπεν ου θελω υστερον δε μεταμεληθεις απηλθεν
matthew;21;30;και προσελθων τω δευτερω ειπεν ωσαυτως ο δε αποκριθεις ειπεν εγω κυριε και ουκ απηλθεν
matthew;21;31;τις εκ των δυο εποιησεν το θελημα του πατρος λεγουσιν αυτω ο πρωτος λεγει αυτοις ο ιησους αμην λεγω υμιν οτι οι τελωναι και αι πορναι προαγουσιν υμας εις την βασιλειαν του θεου
matthew;21;32;ηλθεν γαρ προς υμας ιωαννης εν οδω δικαιοσυνης και ουκ επιστευσατε αυτω οι δε τελωναι και αι πορναι επιστευσαν αυτω υμεις δε ιδοντες ου μετεμεληθητε υστερον του πιστευσαι αυτω
matthew;21;33;αλλην παραβολην ακουσατε ανθρωπος τις ην οικοδεσποτης οστις εφυτευσεν αμπελωνα και φραγμον αυτω περιεθηκεν και ωρυξεν εν αυτω ληνον και ωκοδομησεν πυργον και εξεδοτο αυτον γεωργοις και απεδημησεν
matthew;21;34;οτε δε ηγγισεν ο καιρος των καρπων απεστειλεν τους δουλους αυτου προς τους γεωργους λαβειν τους καρπους αυτου
matthew;21;35;και λαβοντες οι γεωργοι τους δουλους αυτου ον μεν εδειραν ον δε απεκτειναν ον δε ελιθοβολησαν
matthew;21;36;παλιν απεστειλεν αλλους δουλους πλειονας των πρωτων και εποιησαν αυτοις ωσαυτως
matthew;21;37;υστερον δε απεστειλεν προς αυτους τον υιον αυτου λεγων εντραπησονται τον υιον μου
matthew;21;38;οι δε γεωργοι ιδοντες τον υιον ειπον εν εαυτοις ουτος εστιν ο κληρονομος δευτε αποκτεινωμεν αυτον και κατασχωμεν την κληρονομιαν αυτου
matthew;21;39;και λαβοντες αυτον εξεβαλον εξω του αμπελωνος και απεκτειναν
matthew;21;40;οταν ουν ελθη ο κυριος του αμπελωνος τι ποιησει τοις γεωργοις εκεινοις
matthew;21;41;λεγουσιν αυτω κακους κακως απολεσει αυτους και τον αμπελωνα εκδοσεται αλλοις γεωργοις οιτινες αποδωσουσιν αυτω τους καρπους εν τοις καιροις αυτων
matthew;21;42;λεγει αυτοις ο ιησους ουδεποτε ανεγνωτε εν ταις γραφαις λιθον ον απεδοκιμασαν οι οικοδομουντες ουτος εγενηθη εις κεφαλην γωνιας παρα κυριου εγενετο αυτη και εστιν θαυμαστη εν οφθαλμοις ημων
matthew;21;43;δια τουτο λεγω υμιν οτι αρθησεται αφ υμων η βασιλεια του θεου και δοθησεται εθνει ποιουντι τους καρπους αυτης
matthew;21;44;και ο πεσων επι τον λιθον τουτον συνθλασθησεται εφ ον δ αν πεση λικμησει αυτον
matthew;21;45;και ακουσαντες οι αρχιερεις και οι φαρισαιοι τας παραβολας αυτου εγνωσαν οτι περι αυτων λεγει
matthew;21;46;και ζητουντες αυτον κρατησαι εφοβηθησαν τους οχλους επειδη ως προφητην αυτον ειχον
matthew;22;1;και αποκριθεις ο ιησους παλιν ειπεν αυτοις εν παραβολαις λεγων
matthew;22;2;ωμοιωθη η βασιλεια των ουρανων ανθρωπω βασιλει οστις εποιησεν γαμους τω υιω αυτου
matthew;22;3;και απεστειλεν τους δουλους αυτου καλεσαι τους κεκλημενους εις τους γαμους και ουκ ηθελον ελθειν
matthew;22;4;παλιν απεστειλεν αλλους δουλους λεγων ειπατε τοις κεκλημενοις ιδου το αριστον μου ητοιμασα οι ταυροι μου και τα σιτιστα τεθυμενα και παντα ετοιμα δευτε εις τους γαμους
matthew;22;5;οι δε αμελησαντες απηλθον ο μεν εις τον ιδιον αγρον ο δε εις την εμποριαν αυτου
matthew;22;6;οι δε λοιποι κρατησαντες τους δουλους αυτου υβρισαν και απεκτειναν
matthew;22;7;ακουσας δε ο βασιλευς ωργισθη και πεμψας τα στρατευματα αυτου απωλεσεν τους φονεις εκεινους και την πολιν αυτων ενεπρησεν
matthew;22;8;τοτε λεγει τοις δουλοις αυτου ο μεν γαμος ετοιμος εστιν οι δε κεκλημενοι ουκ ησαν αξιοι
matthew;22;9;πορευεσθε ουν επι τας διεξοδους των οδων και οσους αν ευρητε καλεσατε εις τους γαμους
matthew;22;10;και εξελθοντες οι δουλοι εκεινοι εις τας οδους συνηγαγον παντας οσους ευρον πονηρους τε και αγαθους και επλησθη ο γαμος ανακειμενων
matthew;22;11;εισελθων δε ο βασιλευς θεασασθαι τους ανακειμενους ειδεν εκει ανθρωπον ουκ ενδεδυμενον ενδυμα γαμου
matthew;22;12;και λεγει αυτω εταιρε πως εισηλθες ωδε μη εχων ενδυμα γαμου ο δε εφιμωθη
matthew;22;13;τοτε ειπεν ο βασιλευς τοις διακονοις δησαντες αυτου ποδας και χειρας αρατε αυτον και εκβαλετε εις το σκοτος το εξωτερον εκει εσται ο κλαυθμος και ο βρυγμος των οδοντων
matthew;22;14;πολλοι γαρ εισιν κλητοι ολιγοι δε εκλεκτοι
matthew;22;15;τοτε πορευθεντες οι φαρισαιοι συμβουλιον ελαβον οπως αυτον παγιδευσωσιν εν λογω
matthew;22;16;και αποστελλουσιν αυτω τους μαθητας αυτων μετα των ηρωδιανων λεγοντες διδασκαλε οιδαμεν οτι αληθης ει και την οδον του θεου εν αληθεια διδασκεις και ου μελει σοι περι ουδενος ου γαρ βλεπεις εις προσωπον ανθρωπων
matthew;22;17;ειπε ουν ημιν τι σοι δοκει εξεστιν δουναι κηνσον καισαρι η ου
matthew;22;18;γνους δε ο ιησους την πονηριαν αυτων ειπεν τι με πειραζετε υποκριται
matthew;22;19;επιδειξατε μοι το νομισμα του κηνσου οι δε προσηνεγκαν αυτω δηναριον
matthew;22;20;και λεγει αυτοις τινος η εικων αυτη και η επιγραφη
matthew;22;21;λεγουσιν αυτω καισαρος τοτε λεγει αυτοις αποδοτε ουν τα καισαρος καισαρι και τα του θεου τω θεω
matthew;22;22;και ακουσαντες εθαυμασαν και αφεντες αυτον απηλθον
matthew;22;23;εν εκεινη τη ημερα προσηλθον αυτω σαδδουκαιοι οι λεγοντες μη ειναι αναστασιν και επηρωτησαν αυτον
matthew;22;24;λεγοντες διδασκαλε μωσης ειπεν εαν τις αποθανη μη εχων τεκνα επιγαμβρευσει ο αδελφος αυτου την γυναικα αυτου και αναστησει σπερμα τω αδελφω αυτου
matthew;22;25;ησαν δε παρ ημιν επτα αδελφοι και ο πρωτος γαμησας ετελευτησεν και μη εχων σπερμα αφηκεν την γυναικα αυτου τω αδελφω αυτου
matthew;22;26;ομοιως και ο δευτερος και ο τριτος εως των επτα
matthew;22;27;υστερον δε παντων απεθανεν και η γυνη
matthew;22;28;εν τη ουν αναστασει τινος των επτα εσται γυνη παντες γαρ εσχον αυτην
matthew;22;29;αποκριθεις δε ο ιησους ειπεν αυτοις πλανασθε μη ειδοτες τας γραφας μηδε την δυναμιν του θεου
matthew;22;30;εν γαρ τη αναστασει ουτε γαμουσιν ουτε εκγαμιζονται αλλ ως αγγελοι του θεου εν ουρανω εισιν
matthew;22;31;περι δε της αναστασεως των νεκρων ουκ ανεγνωτε το ρηθεν υμιν υπο του θεου λεγοντος
matthew;22;32;εγω ειμι ο θεος αβρααμ και ο θεος ισαακ και ο θεος ιακωβ ουκ εστιν ο θεος θεος νεκρων αλλα ζωντων
matthew;22;33;και ακουσαντες οι οχλοι εξεπλησσοντο επι τη διδαχη αυτου
matthew;22;34;οι δε φαρισαιοι ακουσαντες οτι εφιμωσεν τους σαδδουκαιους συνηχθησαν επι το αυτο
matthew;22;35;και επηρωτησεν εις εξ αυτων νομικος πειραζων αυτον και λεγων
matthew;22;36;διδασκαλε ποια εντολη μεγαλη εν τω νομω
matthew;22;37;ο δε ιησους ειπεν αυτω αγαπησεις κυριον τον θεον σου εν ολη τη καρδια σου και εν ολη τη ψυχη σου και εν ολη τη διανοια σου
matthew;22;38;αυτη εστιν πρωτη και μεγαλη εντολη
matthew;22;39;δευτερα δε ομοια αυτη αγαπησεις τον πλησιον σου ως σεαυτον
matthew;22;40;εν ταυταις ταις δυσιν εντολαις ολος ο νομος και οι προφηται κρεμανται
matthew;22;41;συνηγμενων δε των φαρισαιων επηρωτησεν αυτους ο ιησους
matthew;22;42;λεγων τι υμιν δοκει περι του χριστου τινος υιος εστιν λεγουσιν αυτω του δαβιδ
matthew;22;43;λεγει αυτοις πως ουν δαβιδ εν πνευματι κυριον αυτον καλει λεγων
matthew;22;44;ειπεν ο κυριος τω κυριω μου καθου εκ δεξιων μου εως αν θω τους εχθρους σου υποποδιον των ποδων σου
matthew;22;45;ει ουν δαβιδ καλει αυτον κυριον πως υιος αυτου εστιν
matthew;22;46;και ουδεις εδυνατο αυτω αποκριθηναι λογον ουδε ετολμησεν τις απ εκεινης της ημερας επερωτησαι αυτον ουκετι
matthew;23;1;τοτε ο ιησους ελαλησεν τοις οχλοις και τοις μαθηταις αυτου
matthew;23;2;λεγων επι της μωσεως καθεδρας εκαθισαν οι γραμματεις και οι φαρισαιοι
matthew;23;3;παντα ουν οσα αν ειπωσιν υμιν τηρειν τηρειτε και ποιειτε κατα δε τα εργα αυτων μη ποιειτε λεγουσιν γαρ και ου ποιουσιν
matthew;23;4;δεσμευουσιν γαρ φορτια βαρεα και δυσβαστακτα και επιτιθεασιν επι τους ωμους των ανθρωπων τω δε δακτυλω αυτων ου θελουσιν κινησαι αυτα
matthew;23;5;παντα δε τα εργα αυτων ποιουσιν προς το θεαθηναι τοις ανθρωποις πλατυνουσιν δε τα φυλακτηρια αυτων και μεγαλυνουσιν τα κρασπεδα των ιματιων αυτων
matthew;23;6;φιλουσιν τε την πρωτοκλισιαν εν τοις δειπνοις και τας πρωτοκαθεδριας εν ταις συναγωγαις
matthew;23;7;και τους ασπασμους εν ταις αγοραις και καλεισθαι υπο των ανθρωπων ραββι ραββι
matthew;23;8;υμεις δε μη κληθητε ραββι εις γαρ εστιν υμων ο καθηγητης ο χριστος παντες δε υμεις αδελφοι εστε
matthew;23;9;και πατερα μη καλεσητε υμων επι της γης εις γαρ εστιν ο πατηρ υμων ο εν τοις ουρανοις
matthew;23;10;μηδε κληθητε καθηγηται εις γαρ υμων εστιν ο καθηγητης ο χριστος
matthew;23;11;ο δε μειζων υμων εσται υμων διακονος
matthew;23;12;οστις δε υψωσει εαυτον ταπεινωθησεται και οστις ταπεινωσει εαυτον υψωθησεται
matthew;23;13;{VA
matthew;1: ουαι δε } υμιν γραμματεις και φαρισαιοι υποκριται οτι κατεσθιετε τας οικιας των χηρων και προφασει μακρα προσευχομενοι δια τουτο ληψεσθε περισσοτερον κριμα
matthew;23;14;{VA
matthew;1: ουαι } υμιν γραμματεις και φαρισαιοι υποκριται οτι κλειετε την βασιλειαν των ουρανων εμπροσθεν των ανθρωπων υμεις γαρ ουκ εισερχεσθε ουδε τους εισερχομενους αφιετε εισελθειν
matthew;23;15;ουαι υμιν γραμματεις και φαρισαιοι υποκριται οτι περιαγετε την θαλασσαν και την ξηραν ποιησαι ενα προσηλυτον και οταν γενηται ποιειτε αυτον υιον γεεννης διπλοτερον υμων
matthew;23;16;ουαι υμιν οδηγοι τυφλοι οι λεγοντες ος αν ομοση εν τω ναω ουδεν εστιν ος δ αν ομοση εν τω χρυσω του ναου οφειλει
matthew;23;17;μωροι και τυφλοι τις γαρ μειζων εστιν ο χρυσος η ο ναος ο αγιαζων τον χρυσον
matthew;23;18;και ος εαν ομοση εν τω θυσιαστηριω ουδεν εστιν ος δ αν ομοση εν τω δωρω τω επανω αυτου οφειλει
matthew;23;19;μωροι και τυφλοι τι γαρ μειζον το δωρον η το θυσιαστηριον το αγιαζον το δωρον
matthew;23;20;ο ουν ομοσας εν τω θυσιαστηριω ομνυει εν αυτω και εν πασιν τοις επανω αυτου
matthew;23;21;και ο ομοσας εν τω ναω ομνυει εν αυτω και εν τω κατοικουντι αυτον
matthew;23;22;και ο ομοσας εν τω ουρανω ομνυει εν τω θρονω του θεου και εν τω καθημενω επανω αυτου
matthew;23;23;ουαι υμιν γραμματεις και φαρισαιοι υποκριται οτι αποδεκατουτε το ηδυοσμον και το ανηθον και το κυμινον και αφηκατε τα βαρυτερα του νομου την κρισιν και τον ελεον και την πιστιν ταυτα εδει ποιησαι κακεινα μη αφιεναι
matthew;23;24;οδηγοι τυφλοι οι διυλιζοντες τον κωνωπα την δε καμηλον καταπινοντες
matthew;23;25;ουαι υμιν γραμματεις και φαρισαιοι υποκριται οτι καθαριζετε το εξωθεν του ποτηριου και της παροψιδος εσωθεν δε γεμουσιν εξ αρπαγης και ακρασιας
matthew;23;26;φαρισαιε τυφλε καθαρισον πρωτον το εντος του ποτηριου και της παροψιδος ινα γενηται και το εκτος αυτων καθαρον
matthew;23;27;ουαι υμιν γραμματεις και φαρισαιοι υποκριται οτι παρομοιαζετε ταφοις κεκονιαμενοις οιτινες εξωθεν μεν φαινονται ωραιοι εσωθεν δε γεμουσιν οστεων νεκρων και πασης ακαθαρσιας
matthew;23;28;ουτως και υμεις εξωθεν μεν φαινεσθε τοις ανθρωποις δικαιοι εσωθεν δε μεστοι εστε υποκρισεως και ανομιας
matthew;23;29;ουαι υμιν γραμματεις και φαρισαιοι υποκριται οτι οικοδομειτε τους ταφους των προφητων και κοσμειτε τα μνημεια των δικαιων
matthew;23;30;και λεγετε ει ημεν εν ταις ημεραις των πατερων ημων ουκ αν ημεν κοινωνοι αυτων εν τω αιματι των προφητων
matthew;23;31;ωστε μαρτυρειτε εαυτοις οτι υιοι εστε των φονευσαντων τους προφητας
matthew;23;32;και υμεις πληρωσατε το μετρον των πατερων υμων
matthew;23;33;οφεις γεννηματα εχιδνων πως φυγητε απο της κρισεως της γεεννης
matthew;23;34;δια τουτο ιδου εγω αποστελλω προς υμας προφητας και σοφους και γραμματεις και εξ αυτων αποκτενειτε και σταυρωσετε και εξ αυτων μαστιγωσετε εν ταις συναγωγαις υμων και διωξετε απο πολεως εις πολιν
matthew;23;35;οπως ελθη εφ υμας παν αιμα δικαιον εκχυνομενον επι της γης απο του αιματος αβελ του δικαιου εως του αιματος ζαχαριου υιου βαραχιου ον εφονευσατε μεταξυ του ναου και του θυσιαστηριου
matthew;23;36;αμην λεγω υμιν ηξει ταυτα παντα επι την γενεαν ταυτην
matthew;23;37;ιερουσαλημ ιερουσαλημ η αποκτεινουσα τους προφητας και λιθοβολουσα τους απεσταλμενους προς αυτην ποσακις ηθελησα επισυναγαγειν τα τεκνα σου ον τροπον επισυναγει ορνις τα νοσσια εαυτης υπο τας πτερυγας και ουκ ηθελησατε
matthew;23;38;ιδου αφιεται υμιν ο οικος υμων ερημος
matthew;23;39;λεγω γαρ υμιν ου μη με ιδητε απ αρτι εως αν ειπητε ευλογημενος ο ερχομενος εν ονοματι κυριου
matthew;24;1;και εξελθων ο ιησους επορευετο απο του ιερου και προσηλθον οι μαθηται αυτου επιδειξαι αυτω τας οικοδομας του ιερου
matthew;24;2;ο δε ιησους ειπεν αυτοις ου βλεπετε παντα ταυτα αμην λεγω υμιν ου μη αφεθη ωδε λιθος επι λιθον ος ου μη καταλυθησεται
matthew;24;3;καθημενου δε αυτου επι του ορους των ελαιων προσηλθον αυτω οι μαθηται κατ ιδιαν λεγοντες ειπε ημιν ποτε ταυτα εσται και τι το σημειον της σης παρουσιας και της συντελειας του αιωνος
matthew;24;4;και αποκριθεις ο ιησους ειπεν αυτοις βλεπετε μη τις υμας πλανηση
matthew;24;5;πολλοι γαρ ελευσονται επι τω ονοματι μου λεγοντες εγω ειμι ο χριστος και πολλους πλανησουσιν
matthew;24;6;μελλησετε δε ακουειν πολεμους και ακοας πολεμων ορατε μη θροεισθε δει γαρ παντα γενεσθαι αλλ ουπω εστιν το τελος
matthew;24;7;εγερθησεται γαρ εθνος επι εθνος και βασιλεια επι βασιλειαν και εσονται λιμοι και λοιμοι και σεισμοι κατα τοπους
matthew;24;8;παντα δε ταυτα αρχη ωδινων
matthew;24;9;τοτε παραδωσουσιν υμας εις θλιψιν και αποκτενουσιν υμας και εσεσθε μισουμενοι υπο παντων των εθνων δια το ονομα μου
matthew;24;10;και τοτε σκανδαλισθησονται πολλοι και αλληλους παραδωσουσιν και μισησουσιν αλληλους
matthew;24;11;και πολλοι ψευδοπροφηται εγερθησονται και πλανησουσιν πολλους
matthew;24;12;και δια το πληθυνθηναι την ανομιαν ψυγησεται η αγαπη των πολλων
matthew;24;13;ο δε υπομεινας εις τελος ουτος σωθησεται
matthew;24;14;και κηρυχθησεται τουτο το ευαγγελιον της βασιλειας εν ολη τη οικουμενη εις μαρτυριον πασιν τοις εθνεσιν και τοτε ηξει το τελος
matthew;24;15;οταν ουν ιδητε το βδελυγμα της ερημωσεως το ρηθεν δια δανιηλ του προφητου εν τοπω αγιω ο αναγινωσκων νοειτω
matthew;24;16;τοτε οι εν τη ιουδαια φευγετωσαν επι τα ορη
matthew;24;17;ο επι του δωματος μη καταβαινετω αραι τι εκ της οικιας αυτου
matthew;24;18;και ο εν τω αγρω μη επιστρεψατω οπισω αραι τα ιματια αυτου
matthew;24;19;ουαι δε ταις εν γαστρι εχουσαις και ταις θηλαζουσαις εν εκειναις ταις ημεραις
matthew;24;20;προσευχεσθε δε ινα μη γενηται η φυγη υμων χειμωνος μηδε εν σαββατω
matthew;24;21;εσται γαρ τοτε θλιψις μεγαλη οια ου γεγονεν απ αρχης κοσμου εως του νυν ουδ ου μη γενηται
matthew;24;22;και ει μη εκολοβωθησαν αι ημεραι εκειναι ουκ αν εσωθη πασα σαρξ δια δε τους εκλεκτους κολοβωθησονται αι ημεραι εκειναι
matthew;24;23;τοτε εαν τις υμιν ειπη ιδου ωδε ο χριστος η ωδε μη πιστευσητε
matthew;24;24;εγερθησονται γαρ ψευδοχριστοι και ψευδοπροφηται και δωσουσιν σημεια μεγαλα και τερατα ωστε πλανησαι ει δυνατον και τους εκλεκτους
matthew;24;25;ιδου προειρηκα υμιν
matthew;24;26;εαν ουν ειπωσιν υμιν ιδου εν τη ερημω εστιν μη εξελθητε ιδου εν τοις ταμειοις μη πιστευσητε
matthew;24;27;ωσπερ γαρ η αστραπη εξερχεται απο ανατολων και φαινεται εως δυσμων ουτως εσται και η παρουσια του υιου του ανθρωπου
matthew;24;28;οπου γαρ εαν η το πτωμα εκει συναχθησονται οι αετοι
matthew;24;29;ευθεως δε μετα την θλιψιν των ημερων εκεινων ο ηλιος σκοτισθησεται και η σεληνη ου δωσει το φεγγος αυτης και οι αστερες πεσουνται απο του ουρανου και αι δυναμεις των ουρανων σαλευθησονται
matthew;24;30;και τοτε φανησεται το σημειον του υιου του ανθρωπου εν τω ουρανω και τοτε κοψονται πασαι αι φυλαι της γης και οψονται τον υιον του ανθρωπου ερχομενον επι των νεφελων του ουρανου μετα δυναμεως και δοξης πολλης
matthew;24;31;και αποστελει τους αγγελους αυτου μετα σαλπιγγος φωνης μεγαλης και επισυναξουσιν τους εκλεκτους αυτου εκ των τεσσαρων ανεμων απ ακρων ουρανων εως ακρων αυτων
matthew;24;32;απο δε της συκης μαθετε την παραβολην οταν ηδη ο κλαδος αυτης γενηται απαλος και τα φυλλα εκφυη γινωσκετε οτι εγγυς το θερος
matthew;24;33;ουτως και υμεις οταν ιδητε παντα ταυτα γινωσκετε οτι εγγυς εστιν επι θυραις
matthew;24;34;αμην λεγω υμιν ου μη παρελθη η γενεα αυτη εως αν παντα ταυτα γενηται
matthew;24;35;ο ουρανος και η γη παρελευσονται οι δε λογοι μου ου μη παρελθωσιν
matthew;24;36;περι δε της ημερας εκεινης και της ωρας ουδεις οιδεν ουδε οι αγγελοι των ουρανων ει μη ο πατηρ μου μονος
matthew;24;37;ωσπερ δε αι ημεραι του νωε ουτως εσται και η παρουσια του υιου του ανθρωπου
matthew;24;38;ωσπερ γαρ ησαν εν ταις ημεραις ταις προ του κατακλυσμου τρωγοντες και πινοντες γαμουντες και εκγαμιζοντες αχρι ης ημερας εισηλθεν νωε εις την κιβωτον
matthew;24;39;και ουκ εγνωσαν εως ηλθεν ο κατακλυσμος και ηρεν απαντας ουτως εσται και η παρουσια του υιου του ανθρωπου
matthew;24;40;τοτε δυο εσονται εν τω αγρω ο εις παραλαμβανεται και ο εις αφιεται
matthew;24;41;δυο αληθουσαι εν τω μυλωνι μια παραλαμβανεται και μια αφιεται
matthew;24;42;γρηγορειτε ουν οτι ουκ οιδατε ποια ωρα ο κυριος υμων ερχεται
matthew;24;43;εκεινο δε γινωσκετε οτι ει ηδει ο οικοδεσποτης ποια φυλακη ο κλεπτης ερχεται εγρηγορησεν αν και ουκ αν ειασεν διορυγηναι την οικιαν αυτου
matthew;24;44;δια τουτο και υμεις γινεσθε ετοιμοι οτι η ωρα ου δοκειτε ο υιος του ανθρωπου ερχεται
matthew;24;45;τις αρα εστιν ο πιστος δουλος και φρονιμος ον κατεστησεν ο κυριος αυτου επι της θεραπειας αυτου του διδοναι αυτοις την τροφην εν καιρω
matthew;24;46;μακαριος ο δουλος εκεινος ον ελθων ο κυριος αυτου ευρησει ποιουντα ουτως
matthew;24;47;αμην λεγω υμιν οτι επι πασιν τοις υπαρχουσιν αυτου καταστησει αυτον
matthew;24;48;εαν δε ειπη ο κακος δουλος εκεινος εν τη καρδια αυτου χρονιζει ο κυριος μου ελθειν
matthew;24;49;και αρξηται τυπτειν τους συνδουλους εσθιειν δε και πινειν μετα των μεθυοντων
matthew;24;50;ηξει ο κυριος του δουλου εκεινου εν ημερα η ου προσδοκα και εν ωρα η ου γινωσκει
matthew;24;51;και διχοτομησει αυτον και το μερος αυτου μετα των υποκριτων θησει εκει εσται ο κλαυθμος και ο βρυγμος των οδοντων
matthew;25;1;τοτε ομοιωθησεται η βασιλεια των ουρανων δεκα παρθενοις αιτινες λαβουσαι τας λαμπαδας αυτων εξηλθον εις απαντησιν του νυμφιου
matthew;25;2;πεντε δε ησαν εξ αυτων φρονιμοι και αι πεντε μωραι
matthew;25;3;αιτινες μωραι λαβουσαι τας λαμπαδας εαυτων ουκ ελαβον μεθ εαυτων ελαιον
matthew;25;4;αι δε φρονιμοι ελαβον ελαιον εν τοις αγγειοις αυτων μετα των λαμπαδων αυτων
matthew;25;5;χρονιζοντος δε του νυμφιου ενυσταξαν πασαι και εκαθευδον
matthew;25;6;μεσης δε νυκτος κραυγη γεγονεν ιδου ο νυμφιος ερχεται εξερχεσθε εις απαντησιν αυτου
matthew;25;7;τοτε ηγερθησαν πασαι αι παρθενοι εκειναι και εκοσμησαν τας λαμπαδας αυτων
matthew;25;8;αι δε μωραι ταις φρονιμοις ειπον δοτε ημιν εκ του ελαιου υμων οτι αι λαμπαδες ημων σβεννυνται
matthew;25;9;απεκριθησαν δε αι φρονιμοι λεγουσαι μηποτε ουκ αρκεση ημιν και υμιν πορευεσθε δε μαλλον προς τους πωλουντας και αγορασατε εαυταις
matthew;25;10;απερχομενων δε αυτων αγορασαι ηλθεν ο νυμφιος και αι ετοιμοι εισηλθον μετ αυτου εις τους γαμους και εκλεισθη η θυρα
matthew;25;11;υστερον δε ερχονται και αι λοιπαι παρθενοι λεγουσαι κυριε κυριε ανοιξον ημιν
matthew;25;12;ο δε αποκριθεις ειπεν αμην λεγω υμιν ουκ οιδα υμας
matthew;25;13;γρηγορειτε ουν οτι ουκ οιδατε την ημεραν ουδε την ωραν εν η ο υιος του ανθρωπου ερχεται
matthew;25;14;ωσπερ γαρ ανθρωπος αποδημων εκαλεσεν τους ιδιους δουλους και παρεδωκεν αυτοις τα υπαρχοντα αυτου
matthew;25;15;και ω μεν εδωκεν πεντε ταλαντα ω δε δυο ω δε εν εκαστω κατα την ιδιαν δυναμιν και απεδημησεν ευθεως
matthew;25;16;πορευθεις δε ο τα πεντε ταλαντα λαβων ειργασατο εν αυτοις και εποιησεν αλλα πεντε ταλαντα
matthew;25;17;ωσαυτως και ο τα δυο εκερδησεν και αυτος αλλα δυο
matthew;25;18;ο δε το εν λαβων απελθων ωρυξεν εν τη γη και απεκρυψεν το αργυριον του κυριου αυτου
matthew;25;19;μετα δε χρονον πολυν ερχεται ο κυριος των δουλων εκεινων και συναιρει μετ αυτων λογον
matthew;25;20;και προσελθων ο τα πεντε ταλαντα λαβων προσηνεγκεν αλλα πεντε ταλαντα λεγων κυριε πεντε ταλαντα μοι παρεδωκας ιδε αλλα πεντε ταλαντα εκερδησα επ αυτοις
matthew;25;21;εφη δε αυτω ο κυριος αυτου ευ δουλε αγαθε και πιστε επι ολιγα ης πιστος επι πολλων σε καταστησω εισελθε εις την χαραν του κυριου σου
matthew;25;22;προσελθων δε και ο τα δυο ταλαντα λαβων ειπεν κυριε δυο ταλαντα μοι παρεδωκας ιδε αλλα δυο ταλαντα εκερδησα επ αυτοις
matthew;25;23;εφη αυτω ο κυριος αυτου ευ δουλε αγαθε και πιστε επι ολιγα ης πιστος επι πολλων σε καταστησω εισελθε εις την χαραν του κυριου σου
matthew;25;24;προσελθων δε και ο το εν ταλαντον ειληφως ειπεν κυριε εγνων σε οτι σκληρος ει ανθρωπος θεριζων οπου ουκ εσπειρας και συναγων οθεν ου διεσκορπισας
matthew;25;25;και φοβηθεις απελθων εκρυψα το ταλαντον σου εν τη γη ιδε εχεις το σον
matthew;25;26;αποκριθεις δε ο κυριος αυτου ειπεν αυτω πονηρε δουλε και οκνηρε ηδεις οτι θεριζω οπου ουκ εσπειρα και συναγω οθεν ου διεσκορπισα
matthew;25;27;εδει ουν σε βαλειν το αργυριον μου τοις τραπεζιταις και ελθων εγω εκομισαμην αν το εμον συν τοκω
matthew;25;28;αρατε ουν απ αυτου το ταλαντον και δοτε τω εχοντι τα δεκα ταλαντα
matthew;25;29;τω γαρ εχοντι παντι δοθησεται και περισσευθησεται απο δε του μη εχοντος και ο εχει αρθησεται απ αυτου
matthew;25;30;και τον αχρειον δουλον εκβαλλετε εις το σκοτος το εξωτερον εκει εσται ο κλαυθμος και ο βρυγμος των οδοντων
matthew;25;31;οταν δε ελθη ο υιος του ανθρωπου εν τη δοξη αυτου και παντες οι αγιοι αγγελοι μετ αυτου τοτε καθισει επι θρονου δοξης αυτου
matthew;25;32;και συναχθησεται εμπροσθεν αυτου παντα τα εθνη και αφοριει αυτους απ αλληλων ωσπερ ο ποιμην αφοριζει τα προβατα απο των εριφων
matthew;25;33;και στησει τα μεν προβατα εκ δεξιων αυτου τα δε εριφια εξ ευωνυμων
matthew;25;34;τοτε ερει ο βασιλευς τοις εκ δεξιων αυτου δευτε οι ευλογημενοι του πατρος μου κληρονομησατε την ητοιμασμενην υμιν βασιλειαν απο καταβολης κοσμου
matthew;25;35;επεινασα γαρ και εδωκατε μοι φαγειν εδιψησα και εποτισατε με ξενος ημην και συνηγαγετε με
matthew;25;36;γυμνος και περιεβαλετε με ησθενησα και επεσκεψασθε με εν φυλακη ημην και ηλθετε προς με
matthew;25;37;τοτε αποκριθησονται αυτω οι δικαιοι λεγοντες κυριε ποτε σε ειδομεν πεινωντα και εθρεψαμεν η διψωντα και εποτισαμεν
matthew;25;38;ποτε δε σε ειδομεν ξενον και συνηγαγομεν η γυμνον και περιεβαλομεν
matthew;25;39;ποτε δε σε ειδομεν ασθενη η εν φυλακη και ηλθομεν προς σε
matthew;25;40;και αποκριθεις ο βασιλευς ερει αυτοις αμην λεγω υμιν εφ οσον εποιησατε ενι τουτων των αδελφων μου των ελαχιστων εμοι εποιησατε
matthew;25;41;τοτε ερει και τοις εξ ευωνυμων πορευεσθε απ εμου οι κατηραμενοι εις το πυρ το αιωνιον το ητοιμασμενον τω διαβολω και τοις αγγελοις αυτου
matthew;25;42;επεινασα γαρ και ουκ εδωκατε μοι φαγειν εδιψησα και ουκ εποτισατε με
matthew;25;43;ξενος ημην και ου συνηγαγετε με γυμνος και ου περιεβαλετε με ασθενης και εν φυλακη και ουκ επεσκεψασθε με
matthew;25;44;τοτε αποκριθησονται αυτω και αυτοι λεγοντες κυριε ποτε σε ειδομεν πεινωντα η διψωντα η ξενον η γυμνον η ασθενη η εν φυλακη και ου διηκονησαμεν σοι
matthew;25;45;τοτε αποκριθησεται αυτοις λεγων αμην λεγω υμιν εφ οσον ουκ εποιησατε ενι τουτων των ελαχιστων ουδε εμοι εποιησατε
matthew;25;46;και απελευσονται ουτοι εις κολασιν αιωνιον οι δε δικαιοι εις ζωην αιωνιον
matthew;26;1;και εγενετο οτε ετελεσεν ο ιησους παντας τους λογους τουτους ειπεν τοις μαθηταις αυτου
matthew;26;2;οιδατε οτι μετα δυο ημερας το πασχα γινεται και ο υιος του ανθρωπου παραδιδοται εις το σταυρωθηναι
matthew;26;3;τοτε συνηχθησαν οι αρχιερεις και οι γραμματεις και οι πρεσβυτεροι του λαου εις την αυλην του αρχιερεως του λεγομενου καιαφα
matthew;26;4;και συνεβουλευσαντο ινα τον ιησουν κρατησωσιν δολω και αποκτεινωσιν
matthew;26;5;ελεγον δε μη εν τη εορτη ινα μη θορυβος γενηται εν τω λαω
matthew;26;6;του δε ιησου γενομενου εν βηθανια εν οικια σιμωνος του λεπρου
matthew;26;7;προσηλθεν αυτω γυνη αλαβαστρον μυρου εχουσα βαρυτιμου και κατεχεεν επι την κεφαλην αυτου ανακειμενου
matthew;26;8;ιδοντες δε οι μαθηται αυτου ηγανακτησαν λεγοντες εις τι η απωλεια αυτη
matthew;26;9;ηδυνατο γαρ τουτο το μυρον πραθηναι πολλου και δοθηναι πτωχοις
matthew;26;10;γνους δε ο ιησους ειπεν αυτοις τι κοπους παρεχετε τη γυναικι εργον γαρ καλον ειργασατο εις εμε
matthew;26;11;παντοτε γαρ τους πτωχους εχετε μεθ εαυτων εμε δε ου παντοτε εχετε
matthew;26;12;βαλουσα γαρ αυτη το μυρον τουτο επι του σωματος μου προς το ενταφιασαι με εποιησεν
matthew;26;13;αμην λεγω υμιν οπου εαν κηρυχθη το ευαγγελιον τουτο εν ολω τω κοσμω λαληθησεται και ο εποιησεν αυτη εις μνημοσυνον αυτης
matthew;26;14;τοτε πορευθεις εις των δωδεκα ο λεγομενος ιουδας ισκαριωτης προς τους αρχιερεις
matthew;26;15;ειπεν τι θελετε μοι δουναι καγω υμιν παραδωσω αυτον οι δε εστησαν αυτω τριακοντα αργυρια
matthew;26;16;και απο τοτε εζητει ευκαιριαν ινα αυτον παραδω
matthew;26;17;τη δε πρωτη των αζυμων προσηλθον οι μαθηται τω ιησου λεγοντες αυτω που θελεις ετοιμασωμεν σοι φαγειν το πασχα
matthew;26;18;ο δε ειπεν υπαγετε εις την πολιν προς τον δεινα και ειπατε αυτω ο διδασκαλος λεγει ο καιρος μου εγγυς εστιν προς σε ποιω το πασχα μετα των μαθητων μου
matthew;26;19;και εποιησαν οι μαθηται ως συνεταξεν αυτοις ο ιησους και ητοιμασαν το πασχα
matthew;26;20;οψιας δε γενομενης ανεκειτο μετα των δωδεκα
matthew;26;21;και εσθιοντων αυτων ειπεν αμην λεγω υμιν οτι εις εξ υμων παραδωσει με
matthew;26;22;και λυπουμενοι σφοδρα ηρξαντο λεγειν αυτω εκαστος αυτων μητι εγω ειμι κυριε
matthew;26;23;ο δε αποκριθεις ειπεν ο εμβαψας μετ εμου εν τω τρυβλιω την χειρα ουτος με παραδωσει
matthew;26;24;ο μεν υιος του ανθρωπου υπαγει καθως γεγραπται περι αυτου ουαι δε τω ανθρωπω εκεινω δι ου ο υιος του ανθρωπου παραδιδοται καλον ην αυτω ει ουκ εγεννηθη ο ανθρωπος εκεινος
matthew;26;25;αποκριθεις δε ιουδας ο παραδιδους αυτον ειπεν μητι εγω ειμι ραββι λεγει αυτω συ ειπας
matthew;26;26;εσθιοντων δε αυτων λαβων ο ιησους τον αρτον και ευλογησας εκλασεν και εδιδου τοις μαθηταις και ειπεν λαβετε φαγετε τουτο εστιν το σωμα μου
matthew;26;27;και λαβων το ποτηριον και ευχαριστησας εδωκεν αυτοις λεγων πιετε εξ αυτου παντες
matthew;26;28;τουτο γαρ εστιν το αιμα μου το της καινης διαθηκης το περι πολλων εκχυνομενον εις αφεσιν αμαρτιων
matthew;26;29;λεγω δε υμιν οτι ου μη πιω απ αρτι εκ τουτου του γεννηματος της αμπελου εως της ημερας εκεινης οταν αυτο πινω μεθ υμων καινον εν τη βασιλεια του πατρος μου
matthew;26;30;και υμνησαντες εξηλθον εις το ορος των ελαιων
matthew;26;31;τοτε λεγει αυτοις ο ιησους παντες υμεις σκανδαλισθησεσθε εν εμοι εν τη νυκτι ταυτη γεγραπται γαρ παταξω τον ποιμενα και διασκορπισθησεται τα προβατα της ποιμνης
matthew;26;32;μετα δε το εγερθηναι με προαξω υμας εις την γαλιλαιαν
matthew;26;33;αποκριθεις δε ο πετρος ειπεν αυτω ει και παντες σκανδαλισθησονται εν σοι εγω ουδεποτε σκανδαλισθησομαι
matthew;26;34;εφη αυτω ο ιησους αμην λεγω σοι οτι εν ταυτη τη νυκτι πριν αλεκτορα φωνησαι τρις απαρνηση με
matthew;26;35;λεγει αυτω ο πετρος καν δεη με συν σοι αποθανειν ου μη σε απαρνησομαι ομοιως και παντες οι μαθηται ειπον
matthew;26;36;τοτε ερχεται μετ αυτων ο ιησους εις χωριον λεγομενον γεθσημανη και λεγει τοις μαθηταις καθισατε αυτου εως ου απελθων προσευξωμαι εκει
matthew;26;37;και παραλαβων τον πετρον και τους δυο υιους ζεβεδαιου ηρξατο λυπεισθαι και αδημονειν
matthew;26;38;τοτε λεγει αυτοις περιλυπος εστιν η ψυχη μου εως θανατου μεινατε ωδε και γρηγορειτε μετ εμου
matthew;26;39;και προελθων μικρον επεσεν επι προσωπον αυτου προσευχομενος και λεγων πατερ μου ει δυνατον εστιν παρελθετω απ εμου το ποτηριον τουτο πλην ουχ ως εγω θελω αλλ ως συ
matthew;26;40;και ερχεται προς τους μαθητας και ευρισκει αυτους καθευδοντας και λεγει τω πετρω ουτως ουκ ισχυσατε μιαν ωραν γρηγορησαι μετ εμου
matthew;26;41;γρηγορειτε και προσευχεσθε ινα μη εισελθητε εις πειρασμον το μεν πνευμα προθυμον η δε σαρξ ασθενης
matthew;26;42;παλιν εκ δευτερου απελθων προσηυξατο λεγων πατερ μου ει ου δυναται τουτο το ποτηριον παρελθειν απ εμου εαν μη αυτο πιω γενηθητω το θελημα σου
matthew;26;43;και ελθων ευρισκει αυτους παλιν καθευδοντας ησαν γαρ αυτων οι οφθαλμοι βεβαρημενοι
matthew;26;44;και αφεις αυτους απελθων παλιν προσηυξατο εκ τριτου τον αυτον λογον ειπων
matthew;26;45;τοτε ερχεται προς τους μαθητας αυτου και λεγει αυτοις καθευδετε το λοιπον και αναπαυεσθε ιδου ηγγικεν η ωρα και ο υιος του ανθρωπου παραδιδοται εις χειρας αμαρτωλων
matthew;26;46;εγειρεσθε αγωμεν ιδου ηγγικεν ο παραδιδους με
matthew;26;47;και ετι αυτου λαλουντος ιδου ιουδας εις των δωδεκα ηλθεν και μετ αυτου οχλος πολυς μετα μαχαιρων και ξυλων απο των αρχιερεων και πρεσβυτερων του λαου
matthew;26;48;ο δε παραδιδους αυτον εδωκεν αυτοις σημειον λεγων ον αν φιλησω αυτος εστιν κρατησατε αυτον
matthew;26;49;και ευθεως προσελθων τω ιησου ειπεν χαιρε ραββι και κατεφιλησεν αυτον
matthew;26;50;ο δε ιησους ειπεν αυτω εταιρε εφ ω παρει τοτε προσελθοντες επεβαλον τας χειρας επι τον ιησουν και εκρατησαν αυτον
matthew;26;51;και ιδου εις των μετα ιησου εκτεινας την χειρα απεσπασεν την μαχαιραν αυτου και παταξας τον δουλον του αρχιερεως αφειλεν αυτου το ωτιον
matthew;26;52;τοτε λεγει αυτω ο ιησους αποστρεψον σου την μαχαιραν εις τον τοπον αυτης παντες γαρ οι λαβοντες μαχαιραν εν μαχαιρα απολουνται
matthew;26;53;η δοκεις οτι ου δυναμαι αρτι παρακαλεσαι τον πατερα μου και παραστησει μοι πλειους η δωδεκα λεγεωνας αγγελων
matthew;26;54;πως ουν πληρωθωσιν αι γραφαι οτι ουτως δει γενεσθαι
matthew;26;55;εν εκεινη τη ωρα ειπεν ο ιησους τοις οχλοις ως επι ληστην εξηλθετε μετα μαχαιρων και ξυλων συλλαβειν με καθ ημεραν προς υμας εκαθεζομην διδασκων εν τω ιερω και ουκ εκρατησατε με
matthew;26;56;τουτο δε ολον γεγονεν ινα πληρωθωσιν αι γραφαι των προφητων τοτε οι μαθηται παντες αφεντες αυτον εφυγον
matthew;26;57;οι δε κρατησαντες τον ιησουν απηγαγον προς καιαφαν τον αρχιερεα οπου οι γραμματεις και οι πρεσβυτεροι συνηχθησαν
matthew;26;58;ο δε πετρος ηκολουθει αυτω απο μακροθεν εως της αυλης του αρχιερεως και εισελθων εσω εκαθητο μετα των υπηρετων ιδειν το τελος
matthew;26;59;οι δε αρχιερεις και οι πρεσβυτεροι και το συνεδριον ολον εζητουν ψευδομαρτυριαν κατα του ιησου οπως αυτον θανατωσωσιν
matthew;26;60;και ουχ ευρον και πολλων ψευδομαρτυρων προσελθοντων ουχ ευρον
matthew;26;61;υστερον δε προσελθοντες δυο ψευδομαρτυρες ειπον ουτος εφη δυναμαι καταλυσαι τον ναον του θεου και δια τριων ημερων οικοδομησαι αυτον
matthew;26;62;και αναστας ο αρχιερευς ειπεν αυτω ουδεν αποκρινη τι ουτοι σου καταμαρτυρουσιν
matthew;26;63;ο δε ιησους εσιωπα και αποκριθεις ο αρχιερευς ειπεν αυτω εξορκιζω σε κατα του θεου του ζωντος ινα ημιν ειπης ει συ ει ο χριστος ο υιος του θεου
matthew;26;64;λεγει αυτω ο ιησους συ ειπας πλην λεγω υμιν απ αρτι οψεσθε τον υιον του ανθρωπου καθημενον εκ δεξιων της δυναμεως και ερχομενον επι των νεφελων του ουρανου
matthew;26;65;τοτε ο αρχιερευς διερρηξεν τα ιματια αυτου λεγων οτι εβλασφημησεν τι ετι χρειαν εχομεν μαρτυρων ιδε νυν ηκουσατε την βλασφημιαν αυτου
matthew;26;66;τι υμιν δοκει οι δε αποκριθεντες ειπον ενοχος θανατου εστιν
matthew;26;67;τοτε ενεπτυσαν εις το προσωπον αυτου και εκολαφισαν αυτον οι δε ερραπισαν
matthew;26;68;λεγοντες προφητευσον ημιν χριστε τις εστιν ο παισας σε
matthew;26;69;ο δε πετρος εξω εκαθητο εν τη αυλη και προσηλθεν αυτω μια παιδισκη λεγουσα και συ ησθα μετα ιησου του γαλιλαιου
matthew;26;70;ο δε ηρνησατο εμπροσθεν παντων λεγων ουκ οιδα τι λεγεις
matthew;26;71;εξελθοντα δε αυτον εις τον πυλωνα ειδεν αυτον αλλη και λεγει τοις εκει και ουτος ην μετα ιησου του ναζωραιου
matthew;26;72;και παλιν ηρνησατο μεθ ορκου οτι ουκ οιδα τον ανθρωπον
matthew;26;73;μετα μικρον δε προσελθοντες οι εστωτες ειπον τω πετρω αληθως και συ εξ αυτων ει και γαρ η λαλια σου δηλον σε ποιει
matthew;26;74;τοτε ηρξατο καταναθεματιζειν και ομνυειν οτι ουκ οιδα τον ανθρωπον και ευθεως αλεκτωρ εφωνησεν
matthew;26;75;και εμνησθη ο πετρος του ρηματος του ιησου ειρηκοτος αυτω οτι πριν αλεκτορα φωνησαι τρις απαρνηση με και εξελθων εξω εκλαυσεν πικρως
matthew;27;1;πρωιας δε γενομενης συμβουλιον ελαβον παντες οι αρχιερεις και οι πρεσβυτεροι του λαου κατα του ιησου ωστε θανατωσαι αυτον
matthew;27;2;και δησαντες αυτον απηγαγον και παρεδωκαν αυτον ποντιω πιλατω τω ηγεμονι
matthew;27;3;τοτε ιδων ιουδας ο παραδιδους αυτον οτι κατεκριθη μεταμεληθεις απεστρεψεν τα τριακοντα αργυρια τοις αρχιερευσιν και τοις πρεσβυτεροις
matthew;27;4;λεγων ημαρτον παραδους αιμα αθωον οι δε ειπον τι προς ημας συ οψει
matthew;27;5;και ριψας τα αργυρια εν τω ναω ανεχωρησεν και απελθων απηγξατο
matthew;27;6;οι δε αρχιερεις λαβοντες τα αργυρια ειπον ουκ εξεστιν βαλειν αυτα εις τον κορβαναν επει τιμη αιματος εστιν
matthew;27;7;συμβουλιον δε λαβοντες ηγορασαν εξ αυτων τον αγρον του κεραμεως εις ταφην τοις ξενοις
matthew;27;8;διο εκληθη ο αγρος εκεινος αγρος αιματος εως της σημερον
matthew;27;9;τοτε επληρωθη το ρηθεν δια ιερεμιου του προφητου λεγοντος και ελαβον τα τριακοντα αργυρια την τιμην του τετιμημενου ον ετιμησαντο απο υιων ισραηλ
matthew;27;10;και εδωκαν αυτα εις τον αγρον του κεραμεως καθα συνεταξεν μοι κυριος
matthew;27;11;ο δε ιησους εστη εμπροσθεν του ηγεμονος και επηρωτησεν αυτον ο ηγεμων λεγων συ ει ο βασιλευς των ιουδαιων ο δε ιησους εφη αυτω συ λεγεις
matthew;27;12;και εν τω κατηγορεισθαι αυτον υπο των αρχιερεων και των πρεσβυτερων ουδεν απεκρινατο
matthew;27;13;τοτε λεγει αυτω ο πιλατος ουκ ακουεις ποσα σου καταμαρτυρουσιν
matthew;27;14;και ουκ απεκριθη αυτω προς ουδε εν ρημα ωστε θαυμαζειν τον ηγεμονα λιαν
matthew;27;15;κατα δε εορτην ειωθει ο ηγεμων απολυειν ενα τω οχλω δεσμιον ον ηθελον
matthew;27;16;ειχον δε τοτε δεσμιον επισημον λεγομενον βαραββαν
matthew;27;17;συνηγμενων ουν αυτων ειπεν αυτοις ο πιλατος τινα θελετε απολυσω υμιν βαραββαν η ιησουν τον λεγομενον χριστον
matthew;27;18;ηδει γαρ οτι δια φθονον παρεδωκαν αυτον
matthew;27;19;καθημενου δε αυτου επι του βηματος απεστειλεν προς αυτον η γυνη αυτου λεγουσα μηδεν σοι και τω δικαιω εκεινω πολλα γαρ επαθον σημερον κατ οναρ δι αυτον
matthew;27;20;οι δε αρχιερεις και οι πρεσβυτεροι επεισαν τους οχλους ινα αιτησωνται τον βαραββαν τον δε ιησουν απολεσωσιν
matthew;27;21;αποκριθεις δε ο ηγεμων ειπεν αυτοις τινα θελετε απο των δυο απολυσω υμιν οι δε ειπον βαραββαν
matthew;27;22;λεγει αυτοις ο πιλατος τι ουν ποιησω ιησουν τον λεγομενον χριστον λεγουσιν αυτω παντες σταυρωθητω
matthew;27;23;ο δε ηγεμων εφη τι γαρ κακον εποιησεν οι δε περισσως εκραζον λεγοντες σταυρωθητω
matthew;27;24;ιδων δε ο πιλατος οτι ουδεν ωφελει αλλα μαλλον θορυβος γινεται λαβων υδωρ απενιψατο τας χειρας απεναντι του οχλου λεγων αθωος ειμι απο του αιματος του δικαιου τουτου υμεις οψεσθε
matthew;27;25;και αποκριθεις πας ο λαος ειπεν το αιμα αυτου εφ ημας και επι τα τεκνα ημων
matthew;27;26;τοτε απελυσεν αυτοις τον βαραββαν τον δε ιησουν φραγελλωσας παρεδωκεν ινα σταυρωθη
matthew;27;27;τοτε οι στρατιωται του ηγεμονος παραλαβοντες τον ιησουν εις το πραιτωριον συνηγαγον επ αυτον ολην την σπειραν
matthew;27;28;και εκδυσαντες αυτον περιεθηκαν αυτω χλαμυδα κοκκινην
matthew;27;29;και πλεξαντες στεφανον εξ ακανθων επεθηκαν επι την κεφαλην αυτου και καλαμον επι την δεξιαν αυτου και γονυπετησαντες εμπροσθεν αυτου ενεπαιζον αυτω λεγοντες χαιρε ο βασιλευς των ιουδαιων
matthew;27;30;και εμπτυσαντες εις αυτον ελαβον τον καλαμον και ετυπτον εις την κεφαλην αυτου
matthew;27;31;και οτε ενεπαιξαν αυτω εξεδυσαν αυτον την χλαμυδα και ενεδυσαν αυτον τα ιματια αυτου και απηγαγον αυτον εις το σταυρωσαι
matthew;27;32;εξερχομενοι δε ευρον ανθρωπον κυρηναιον ονοματι σιμωνα τουτον ηγγαρευσαν ινα αρη τον σταυρον αυτου
matthew;27;33;και ελθοντες εις τοπον λεγομενον γολγοθα ος εστιν λεγομενος κρανιου τοπος
matthew;27;34;εδωκαν αυτω πιειν οξος μετα χολης μεμιγμενον και γευσαμενος ουκ ηθελεν πιειν
matthew;27;35;σταυρωσαντες δε αυτον διεμερισαντο τα ιματια αυτου βαλλοντες κληρον ινα πληρωθη το ρηθεν υπο του προφητου διεμερισαντο τα ιματια μου εαυτοις και επι τον ιματισμον μου εβαλον κληρον
matthew;27;36;και καθημενοι ετηρουν αυτον εκει
matthew;27;37;και επεθηκαν επανω της κεφαλης αυτου την αιτιαν αυτου γεγραμμενην ουτος εστιν ιησους ο βασιλευς των ιουδαιων
matthew;27;38;τοτε σταυρουνται συν αυτω δυο λησται εις εκ δεξιων και εις εξ ευωνυμων
matthew;27;39;οι δε παραπορευομενοι εβλασφημουν αυτον κινουντες τας κεφαλας αυτων
matthew;27;40;και λεγοντες ο καταλυων τον ναον και εν τρισιν ημεραις οικοδομων σωσον σεαυτον ει υιος ει του θεου καταβηθι απο του σταυρου
matthew;27;41;ομοιως δε και οι αρχιερεις εμπαιζοντες μετα των γραμματεων και πρεσβυτερων ελεγον
matthew;27;42;αλλους εσωσεν εαυτον ου δυναται σωσαι ει βασιλευς ισραηλ εστιν καταβατω νυν απο του σταυρου και πιστευσομεν αυτω
matthew;27;43;πεποιθεν επι τον θεον ρυσασθω νυν αυτον ει θελει αυτον ειπεν γαρ οτι θεου ειμι υιος
matthew;27;44;το δ αυτο και οι λησται οι συσταυρωθεντες αυτω ωνειδιζον αυτω
matthew;27;45;απο δε εκτης ωρας σκοτος εγενετο επι πασαν την γην εως ωρας εννατης
matthew;27;46;περι δε την εννατην ωραν ανεβοησεν ο ιησους φωνη μεγαλη λεγων ηλι ηλι λαμα σαβαχθανι τουτ εστιν θεε μου θεε μου ινα τι με εγκατελιπες
matthew;27;47;τινες δε των εκει εστωτων ακουσαντες ελεγον οτι ηλιαν φωνει ουτος
matthew;27;48;και ευθεως δραμων εις εξ αυτων και λαβων σπογγον πλησας τε οξους και περιθεις καλαμω εποτιζεν αυτον
matthew;27;49;οι δε λοιποι ελεγον αφες ιδωμεν ει ερχεται ηλιας σωσων αυτον
matthew;27;50;ο δε ιησους παλιν κραξας φωνη μεγαλη αφηκεν το πνευμα
matthew;27;51;και ιδου το καταπετασμα του ναου εσχισθη εις δυο απο ανωθεν εως κατω και η γη εσεισθη και αι πετραι εσχισθησαν
matthew;27;52;και τα μνημεια ανεωχθησαν και πολλα σωματα των κεκοιμημενων αγιων ηγερθη
matthew;27;53;και εξελθοντες εκ των μνημειων μετα την εγερσιν αυτου εισηλθον εις την αγιαν πολιν και ενεφανισθησαν πολλοις
matthew;27;54;ο δε εκατονταρχος και οι μετ αυτου τηρουντες τον ιησουν ιδοντες τον σεισμον και τα γενομενα εφοβηθησαν σφοδρα λεγοντες αληθως θεου υιος ην ουτος
matthew;27;55;ησαν δε εκει γυναικες πολλαι απο μακροθεν θεωρουσαι αιτινες ηκολουθησαν τω ιησου απο της γαλιλαιας διακονουσαι αυτω
matthew;27;56;εν αις ην μαρια η μαγδαληνη και μαρια η του ιακωβου και ιωση μητηρ και η μητηρ των υιων ζεβεδαιου
matthew;27;57;οψιας δε γενομενης ηλθεν ανθρωπος πλουσιος απο αριμαθαιας τουνομα ιωσηφ ος και αυτος εμαθητευσεν τω ιησου
matthew;27;58;ουτος προσελθων τω πιλατω ητησατο το σωμα του ιησου τοτε ο πιλατος εκελευσεν αποδοθηναι το σωμα
matthew;27;59;και λαβων το σωμα ο ιωσηφ ενετυλιξεν αυτο σινδονι καθαρα
matthew;27;60;και εθηκεν αυτο εν τω καινω αυτου μνημειω ο ελατομησεν εν τη πετρα και προσκυλισας λιθον μεγαν τη θυρα του μνημειου απηλθεν
matthew;27;61;ην δε εκει μαρια η μαγδαληνη και η αλλη μαρια καθημεναι απεναντι του ταφου
matthew;27;62;τη δε επαυριον ητις εστιν μετα την παρασκευην συνηχθησαν οι αρχιερεις και οι φαρισαιοι προς πιλατον
matthew;27;63;λεγοντες κυριε εμνησθημεν οτι εκεινος ο πλανος ειπεν ετι ζων μετα τρεις ημερας εγειρομαι
matthew;27;64;κελευσον ουν ασφαλισθηναι τον ταφον εως της τριτης ημερας μηποτε ελθοντες οι μαθηται αυτου νυκτος κλεψωσιν αυτον και ειπωσιν τω λαω ηγερθη απο των νεκρων και εσται η εσχατη πλανη χειρων της πρωτης
matthew;27;65;εφη δε αυτοις ο πιλατος εχετε κουστωδιαν υπαγετε ασφαλισασθε ως οιδατε
matthew;27;66;οι δε πορευθεντες ησφαλισαντο τον ταφον σφραγισαντες τον λιθον μετα της κουστωδιας
matthew;28;1;οψε δε σαββατων τη επιφωσκουση εις μιαν σαββατων ηλθεν μαρια η μαγδαληνη και η αλλη μαρια θεωρησαι τον ταφον
matthew;28;2;και ιδου σεισμος εγενετο μεγας αγγελος γαρ κυριου καταβας εξ ουρανου προσελθων απεκυλισεν τον λιθον απο της θυρας και εκαθητο επανω αυτου
matthew;28;3;ην δε η ιδεα αυτου ως αστραπη και το ενδυμα αυτου λευκον ωσει χιων
matthew;28;4;απο δε του φοβου αυτου εσεισθησαν οι τηρουντες και εγενοντο ωσει νεκροι
matthew;28;5;αποκριθεις δε ο αγγελος ειπεν ταις γυναιξιν μη φοβεισθε υμεις οιδα γαρ οτι ιησουν τον εσταυρωμενον ζητειτε
matthew;28;6;ουκ εστιν ωδε ηγερθη γαρ καθως ειπεν δευτε ιδετε τον τοπον οπου εκειτο ο κυριος
matthew;28;7;και ταχυ πορευθεισαι ειπατε τοις μαθηταις αυτου οτι ηγερθη απο των νεκρων και ιδου προαγει υμας εις την γαλιλαιαν εκει αυτον οψεσθε ιδου ειπον υμιν
matthew;28;8;και εξελθουσαι ταχυ απο του μνημειου μετα φοβου και χαρας μεγαλης εδραμον απαγγειλαι τοις μαθηταις αυτου
matthew;28;9;ως δε επορευοντο απαγγειλαι τοις μαθηταις αυτου και ιδου ο ιησους απηντησεν αυταις λεγων χαιρετε αι δε προσελθουσαι εκρατησαν αυτου τους ποδας και προσεκυνησαν αυτω
matthew;28;10;τοτε λεγει αυταις ο ιησους μη φοβεισθε υπαγετε απαγγειλατε τοις αδελφοις μου ινα απελθωσιν εις την γαλιλαιαν κακει με οψονται
matthew;28;11;πορευομενων δε αυτων ιδου τινες της κουστωδιας ελθοντες εις την πολιν απηγγειλαν τοις αρχιερευσιν απαντα τα γενομενα
matthew;28;12;και συναχθεντες μετα των πρεσβυτερων συμβουλιον τε λαβοντες αργυρια ικανα εδωκαν τοις στρατιωταις
matthew;28;13;λεγοντες ειπατε οτι οι μαθηται αυτου νυκτος ελθοντες εκλεψαν αυτον ημων κοιμωμενων
matthew;28;14;και εαν ακουσθη τουτο επι του ηγεμονος ημεις πεισομεν αυτον και υμας αμεριμνους ποιησομεν
matthew;28;15;οι δε λαβοντες τα αργυρια εποιησαν ως εδιδαχθησαν και διεφημισθη ο λογος ουτος παρα ιουδαιοις μεχρι της σημερον
matthew;28;16;οι δε ενδεκα μαθηται επορευθησαν εις την γαλιλαιαν εις το ορος ου εταξατο αυτοις ο ιησους
matthew;28;17;και ιδοντες αυτον προσεκυνησαν αυτω οι δε εδιστασαν
matthew;28;18;και προσελθων ο ιησους ελαλησεν αυτοις λεγων εδοθη μοι πασα εξουσια εν ουρανω και επι γης
matthew;28;19;πορευθεντες ουν μαθητευσατε παντα τα εθνη βαπτιζοντες αυτους εις το ονομα του πατρος και του υιου και του αγιου πνευματος
matthew;28;20;διδασκοντες αυτους τηρειν παντα οσα ενετειλαμην υμιν και ιδου εγω μεθ υμων ειμι πασας τας ημερας εως της συντελειας του αιωνος αμην
mark;1;1;αρχη του ευαγγελιου ιησου χριστου υιου του θεου
mark;1;2;ως γεγραπται εν τοις προφηταις ιδου εγω αποστελλω τον αγγελον μου προ προσωπου σου ος κατασκευασει την οδον σου εμπροσθεν σου
mark;1;3;φωνη βοωντος εν τη ερημω ετοιμασατε την οδον κυριου ευθειας ποιειτε τας τριβους αυτου
mark;1;4;εγενετο ιωαννης βαπτιζων εν τη ερημω και κηρυσσων βαπτισμα μετανοιας εις αφεσιν αμαρτιων
mark;1;5;και εξεπορευετο προς αυτον πασα η ιουδαια χωρα και οι ιεροσολυμιται και εβαπτιζοντο παντες εν τω ιορδανη ποταμω υπ αυτου εξομολογουμενοι τας αμαρτιας αυτων
mark;1;6;ην δε ιωαννης ενδεδυμενος τριχας καμηλου και ζωνην δερματινην περι την οσφυν αυτου και εσθιων ακριδας και μελι αγριον
mark;1;7;και εκηρυσσεν λεγων ερχεται ο ισχυροτερος μου οπισω μου ου ουκ ειμι ικανος κυψας λυσαι τον ιμαντα των υποδηματων αυτου
mark;1;8;εγω μεν εβαπτισα υμας εν υδατι αυτος δε βαπτισει υμας εν πνευματι αγιω
mark;1;9;και εγενετο εν εκειναις ταις ημεραις ηλθεν ιησους απο της γαλιλαιας και εβαπτισθη υπο ιωαννου εις τον ιορδανην
mark;1;10;και ευθεως αναβαινων απο του υδατος ειδεν σχιζομενους τους ουρανους και το πνευμα ωσει περιστεραν καταβαινον επ αυτον
mark;1;11;και φωνη εγενετο εκ των ουρανων συ ει ο υιος μου ο αγαπητος εν ω ευδοκησα
mark;1;12;και ευθυς το πνευμα αυτον εκβαλλει εις την ερημον
mark;1;13;και ην εκει εν τη ερημω ημερας τεσσαρακοντα πειραζομενος υπο του σατανα και ην μετα των θηριων και οι αγγελοι διηκονουν αυτω
mark;1;14;μετα δε το παραδοθηναι τον ιωαννην ηλθεν ο ιησους εις την γαλιλαιαν κηρυσσων το ευαγγελιον της βασιλειας του θεου
mark;1;15;και λεγων οτι πεπληρωται ο καιρος και ηγγικεν η βασιλεια του θεου μετανοειτε και πιστευετε εν τω ευαγγελιω
mark;1;16;περιπατων δε παρα την θαλασσαν της γαλιλαιας ειδεν σιμωνα και ανδρεαν τον αδελφον αυτου βαλλοντας αμφιβληστρον εν τη θαλασση ησαν γαρ αλιεις
mark;1;17;και ειπεν αυτοις ο ιησους δευτε οπισω μου και ποιησω υμας γενεσθαι αλιεις ανθρωπων
mark;1;18;και ευθεως αφεντες τα δικτυα αυτων ηκολουθησαν αυτω
mark;1;19;και προβας εκειθεν ολιγον ειδεν ιακωβον τον του ζεβεδαιου και ιωαννην τον αδελφον αυτου και αυτους εν τω πλοιω καταρτιζοντας τα δικτυα
mark;1;20;και ευθεως εκαλεσεν αυτους και αφεντες τον πατερα αυτων ζεβεδαιον εν τω πλοιω μετα των μισθωτων απηλθον οπισω αυτου
mark;1;21;και εισπορευονται εις καπερναουμ και ευθεως τοις σαββασιν εισελθων εις την συναγωγην εδιδασκεν
mark;1;22;και εξεπλησσοντο επι τη διδαχη αυτου ην γαρ διδασκων αυτους ως εξουσιαν εχων και ουχ ως οι γραμματεις
mark;1;23;και ην εν τη συναγωγη αυτων ανθρωπος εν πνευματι ακαθαρτω και ανεκραξεν
mark;1;24;λεγων εα τι ημιν και σοι ιησου ναζαρηνε ηλθες απολεσαι ημας οιδα σε τις ει ο αγιος του θεου
mark;1;25;και επετιμησεν αυτω ο ιησους λεγων φιμωθητι και εξελθε εξ αυτου
mark;1;26;και σπαραξαν αυτον το πνευμα το ακαθαρτον και κραξαν φωνη μεγαλη εξηλθεν εξ αυτου
mark;1;27;και εθαμβηθησαν παντες ωστε συζητειν προς αυτους λεγοντας τι εστιν τουτο τις η διδαχη η καινη αυτη οτι κατ εξουσιαν και τοις πνευμασιν τοις ακαθαρτοις επιτασσει και υπακουουσιν αυτω
mark;1;28;εξηλθεν δε η ακοη αυτου ευθυς εις ολην την περιχωρον της γαλιλαιας
mark;1;29;και ευθεως εκ της συναγωγης εξελθοντες ηλθον εις την οικιαν σιμωνος και ανδρεου μετα ιακωβου και ιωαννου
mark;1;30;η δε πενθερα σιμωνος κατεκειτο πυρεσσουσα και ευθεως λεγουσιν αυτω περι αυτης
mark;1;31;και προσελθων ηγειρεν αυτην κρατησας της χειρος αυτης και αφηκεν αυτην ο πυρετος ευθεως και διηκονει αυτοις
mark;1;32;οψιας δε γενομενης οτε εδυ ο ηλιος εφερον προς αυτον παντας τους κακως εχοντας και τους δαιμονιζομενους
mark;1;33;και η πολις ολη επισυνηγμενη ην προς την θυραν
mark;1;34;και εθεραπευσεν πολλους κακως εχοντας ποικιλαις νοσοις και δαιμονια πολλα εξεβαλεν και ουκ ηφιεν λαλειν τα δαιμονια οτι ηδεισαν αυτον
mark;1;35;και πρωι εννυχον λιαν αναστας εξηλθεν και απηλθεν εις ερημον τοπον κακει προσηυχετο
mark;1;36;και κατεδιωξαν αυτον ο σιμων και οι μετ αυτου
mark;1;37;και ευροντες αυτον λεγουσιν αυτω οτι παντες ζητουσιν σε
mark;1;38;και λεγει αυτοις αγωμεν εις τας εχομενας κωμοπολεις ινα κακει κηρυξω εις τουτο γαρ εξεληλυθα
mark;1;39;και ην κηρυσσων εν ταις συναγωγαις αυτων εις ολην την γαλιλαιαν και τα δαιμονια εκβαλλων
mark;1;40;και ερχεται προς αυτον λεπρος παρακαλων αυτον και γονυπετων αυτον και λεγων αυτω οτι εαν θελης δυνασαι με καθαρισαι
mark;1;41;ο δε ιησους σπλαγχνισθεις εκτεινας την χειρα ηψατο αυτου και λεγει αυτω θελω καθαρισθητι
mark;1;42;και ειποντος αυτου ευθεως απηλθεν απ αυτου η λεπρα και εκαθαρισθη
mark;1;43;και εμβριμησαμενος αυτω ευθεως εξεβαλεν αυτον
mark;1;44;και λεγει αυτω ορα μηδενι μηδεν ειπης αλλ υπαγε σεαυτον δειξον τω ιερει και προσενεγκε περι του καθαρισμου σου α προσεταξεν μωσης εις μαρτυριον αυτοις
mark;1;45;ο δε εξελθων ηρξατο κηρυσσειν πολλα και διαφημιζειν τον λογον ωστε μηκετι αυτον δυνασθαι φανερως εις πολιν εισελθειν αλλ εξω εν ερημοις τοποις ην και ηρχοντο προς αυτον πανταχοθεν
mark;2;1;και παλιν εισηλθεν εις καπερναουμ δι ημερων και ηκουσθη οτι εις οικον εστιν
mark;2;2;και ευθεως συνηχθησαν πολλοι ωστε μηκετι χωρειν μηδε τα προς την θυραν και ελαλει αυτοις τον λογον
mark;2;3;και ερχονται προς αυτον παραλυτικον φεροντες αιρομενον υπο τεσσαρων
mark;2;4;και μη δυναμενοι προσεγγισαι αυτω δια τον οχλον απεστεγασαν την στεγην οπου ην και εξορυξαντες χαλωσιν τον κραββατον εφ ω ο παραλυτικος κατεκειτο
mark;2;5;ιδων δε ο ιησους την πιστιν αυτων λεγει τω παραλυτικω τεκνον αφεωνται σοι αι αμαρτιαι σου
mark;2;6;ησαν δε τινες των γραμματεων εκει καθημενοι και διαλογιζομενοι εν ταις καρδιαις αυτων
mark;2;7;τι ουτος ουτως λαλει βλασφημιας τις δυναται αφιεναι αμαρτιας ει μη εις ο θεος
mark;2;8;και ευθεως επιγνους ο ιησους τω πνευματι αυτου οτι ουτως διαλογιζονται εν εαυτοις ειπεν αυτοις τι ταυτα διαλογιζεσθε εν ταις καρδιαις υμων
mark;2;9;τι εστιν ευκοπωτερον ειπειν τω παραλυτικω αφεωνται σοι αι αμαρτιαι η ειπειν εγειραι και αρον σου τον κραββατον και περιπατει
mark;2;10;ινα δε ειδητε οτι εξουσιαν εχει ο υιος του ανθρωπου αφιεναι επι της γης αμαρτιας λεγει τω παραλυτικω
mark;2;11;σοι λεγω εγειραι και αρον τον κραββατον σου και υπαγε εις τον οικον σου
mark;2;12;και ηγερθη ευθεως και αρας τον κραββατον εξηλθεν εναντιον παντων ωστε εξιστασθαι παντας και δοξαζειν τον θεον λεγοντας οτι ουδεποτε ουτως ειδομεν
mark;2;13;και εξηλθεν παλιν παρα την θαλασσαν και πας ο οχλος ηρχετο προς αυτον και εδιδασκεν αυτους
mark;2;14;και παραγων ειδεν λευιν τον του αλφαιου καθημενον επι το τελωνιον και λεγει αυτω ακολουθει μοι και αναστας ηκολουθησεν αυτω
mark;2;15;και εγενετο εν τω κατακεισθαι αυτον εν τη οικια αυτου και πολλοι τελωναι και αμαρτωλοι συνανεκειντο τω ιησου και τοις μαθηταις αυτου ησαν γαρ πολλοι και ηκολουθησαν αυτω
mark;2;16;και οι γραμματεις και οι φαρισαιοι ιδοντες αυτον εσθιοντα μετα των τελωνων και αμαρτωλων ελεγον τοις μαθηταις αυτου τι οτι μετα των τελωνων και αμαρτωλων εσθιει και πινει
mark;2;17;και ακουσας ο ιησους λεγει αυτοις ου χρειαν εχουσιν οι ισχυοντες ιατρου αλλ οι κακως εχοντες ουκ ηλθον καλεσαι δικαιους αλλα αμαρτωλους εις μετανοιαν
mark;2;18;και ησαν οι μαθηται ιωαννου και οι των φαρισαιων νηστευοντες και ερχονται και λεγουσιν αυτω δια τι οι μαθηται ιωαννου και οι των φαρισαιων νηστευουσιν οι δε σοι μαθηται ου νηστευουσιν
mark;2;19;και ειπεν αυτοις ο ιησους μη δυνανται οι υιοι του νυμφωνος εν ω ο νυμφιος μετ αυτων εστιν νηστευειν οσον χρονον μεθ εαυτων εχουσιν τον νυμφιον ου δυνανται νηστευειν
mark;2;20;ελευσονται δε ημεραι οταν απαρθη απ αυτων ο νυμφιος και τοτε νηστευσουσιν εν εκειναις ταις ημεραις
mark;2;21;και ουδεις επιβλημα ρακους αγναφου επιρραπτει επι ιματιω παλαιω ει δε μη αιρει το πληρωμα αυτου το καινον του παλαιου και χειρον σχισμα γινεται
mark;2;22;και ουδεις βαλλει οινον νεον εις ασκους παλαιους ει δε μη ρησσει ο οινος ο νεος τους ασκους και ο οινος εκχειται και οι ασκοι απολουνται αλλα οινον νεον εις ασκους καινους βλητεον
mark;2;23;και εγενετο παραπορευεσθαι αυτον εν τοις σαββασιν δια των σποριμων και ηρξαντο οι μαθηται αυτου οδον ποιειν τιλλοντες τους σταχυας
mark;2;24;και οι φαρισαιοι ελεγον αυτω ιδε τι ποιουσιν εν τοις σαββασιν ο ουκ εξεστιν
mark;2;25;και αυτος ελεγεν αυτοις ουδεποτε ανεγνωτε τι εποιησεν δαβιδ οτε χρειαν εσχεν και επεινασεν αυτος και οι μετ αυτου
mark;2;26;πως εισηλθεν εις τον οικον του θεου επι αβιαθαρ του αρχιερεως και τους αρτους της προθεσεως εφαγεν ους ουκ εξεστιν φαγειν ει μη τοις ιερευσιν και εδωκεν και τοις συν αυτω ουσιν
mark;2;27;και ελεγεν αυτοις το σαββατον δια τον ανθρωπον εγενετο ουχ ο ανθρωπος δια το σαββατον
mark;2;28;ωστε κυριος εστιν ο υιος του ανθρωπου και του σαββατου
mark;3;1;και εισηλθεν παλιν εις την συναγωγην και ην εκει ανθρωπος εξηραμμενην εχων την χειρα
mark;3;2;και παρετηρουν αυτον ει τοις σαββασιν θεραπευσει αυτον ινα κατηγορησωσιν αυτου
mark;3;3;και λεγει τω ανθρωπω τω εξηραμμενην εχοντι την χειρα εγειραι εις το μεσον
mark;3;4;και λεγει αυτοις εξεστιν τοις σαββασιν αγαθοποιησαι η κακοποιησαι ψυχην σωσαι η αποκτειναι οι δε εσιωπων
mark;3;5;και περιβλεψαμενος αυτους μετ οργης συλλυπουμενος επι τη πωρωσει της καρδιας αυτων λεγει τω ανθρωπω εκτεινον την χειρα σου και εξετεινεν και αποκατεσταθη η χειρ αυτου υγιης ως η αλλη
mark;3;6;και εξελθοντες οι φαρισαιοι ευθεως μετα των ηρωδιανων συμβουλιον εποιουν κατ αυτου οπως αυτον απολεσωσιν
mark;3;7;και ο ιησους ανεχωρησεν μετα των μαθητων αυτου προς την θαλασσαν και πολυ πληθος απο της γαλιλαιας ηκολουθησαν αυτω και απο της ιουδαιας
mark;3;8;και απο ιεροσολυμων και απο της ιδουμαιας και περαν του ιορδανου και οι περι τυρον και σιδωνα πληθος πολυ ακουσαντες οσα εποιει ηλθον προς αυτον
mark;3;9;και ειπεν τοις μαθηταις αυτου ινα πλοιαριον προσκαρτερη αυτω δια τον οχλον ινα μη θλιβωσιν αυτον
mark;3;10;πολλους γαρ εθεραπευσεν ωστε επιπιπτειν αυτω ινα αυτου αψωνται οσοι ειχον μαστιγας
mark;3;11;και τα πνευματα τα ακαθαρτα οταν αυτον εθεωρει προσεπιπτεν αυτω και εκραζεν λεγοντα οτι συ ει ο υιος του θεου
mark;3;12;και πολλα επετιμα αυτοις ινα μη αυτον φανερον ποιησωσιν
mark;3;13;και αναβαινει εις το ορος και προσκαλειται ους ηθελεν αυτος και απηλθον προς αυτον
mark;3;14;και εποιησεν δωδεκα ινα ωσιν μετ αυτου και ινα αποστελλη αυτους κηρυσσειν
mark;3;15;και εχειν εξουσιαν θεραπευειν τας νοσους και εκβαλλειν τα δαιμονια
mark;3;16;και επεθηκεν τω σιμωνι ονομα πετρον
mark;3;17;και ιακωβον τον του ζεβεδαιου και ιωαννην τον αδελφον του ιακωβου και επεθηκεν αυτοις ονοματα βοανεργες ο εστιν υιοι βροντης
mark;3;18;και ανδρεαν και φιλιππον και βαρθολομαιον και ματθαιον και θωμαν και ιακωβον τον του αλφαιου και θαδδαιον και σιμωνα τον κανανιτην
mark;3;19;και ιουδαν ισκαριωτην ος και παρεδωκεν αυτον και ερχονται εις οικον
mark;3;20;και συνερχεται παλιν οχλος ωστε μη δυνασθαι αυτους μητε αρτον φαγειν
mark;3;21;και ακουσαντες οι παρ αυτου εξηλθον κρατησαι αυτον ελεγον γαρ οτι εξεστη
mark;3;22;και οι γραμματεις οι απο ιεροσολυμων καταβαντες ελεγον οτι βεελζεβουλ εχει και οτι εν τω αρχοντι των δαιμονιων εκβαλλει τα δαιμονια
mark;3;23;και προσκαλεσαμενος αυτους εν παραβολαις ελεγεν αυτοις πως δυναται σατανας σαταναν εκβαλλειν
mark;3;24;και εαν βασιλεια εφ εαυτην μερισθη ου δυναται σταθηναι η βασιλεια εκεινη
mark;3;25;και εαν οικια εφ εαυτην μερισθη ου δυναται σταθηναι η οικια εκεινη
mark;3;26;και ει ο σατανας ανεστη εφ εαυτον και μεμερισται ου δυναται σταθηναι αλλα τελος εχει
mark;3;27;ου δυναται ουδεις τα σκευη του ισχυρου εισελθων εις την οικιαν αυτου διαρπασαι εαν μη πρωτον τον ισχυρον δηση και τοτε την οικιαν αυτου διαρπασει
mark;3;28;αμην λεγω υμιν οτι παντα αφεθησεται τα αμαρτηματα τοις υιοις των ανθρωπων και βλασφημιαι οσας αν βλασφημησωσιν
mark;3;29;ος δ αν βλασφημηση εις το πνευμα το αγιον ουκ εχει αφεσιν εις τον αιωνα αλλ ενοχος εστιν αιωνιου κρισεως
mark;3;30;οτι ελεγον πνευμα ακαθαρτον εχει
mark;3;31;ερχονται ουν οι αδελφοι και η μητηρ αυτου και εξω εστωτες απεστειλαν προς αυτον φωνουντες αυτον
mark;3;32;και εκαθητο οχλος περι αυτον ειπον δε αυτω ιδου η μητηρ σου και οι αδελφοι σου εξω ζητουσιν σε
mark;3;33;και απεκριθη αυτοις λεγων τις εστιν η μητηρ μου η οι αδελφοι μου
mark;3;34;και περιβλεψαμενος κυκλω τους περι αυτον καθημενους λεγει ιδε η μητηρ μου και οι αδελφοι μου
mark;3;35;ος γαρ αν ποιηση το θελημα του θεου ουτος αδελφος μου και αδελφη μου και μητηρ εστιν
mark;4;1;και παλιν ηρξατο διδασκειν παρα την θαλασσαν και συνηχθη προς αυτον οχλος πολυς ωστε αυτον εμβαντα εις το πλοιον καθησθαι εν τη θαλασση και πας ο οχλος προς την θαλασσαν επι της γης ην
mark;4;2;και εδιδασκεν αυτους εν παραβολαις πολλα και ελεγεν αυτοις εν τη διδαχη αυτου
mark;4;3;ακουετε ιδου εξηλθεν ο σπειρων του σπειραι
mark;4;4;και εγενετο εν τω σπειρειν ο μεν επεσεν παρα την οδον και ηλθεν τα πετεινα του ουρανου και κατεφαγεν αυτο
mark;4;5;αλλο δε επεσεν επι το πετρωδες οπου ουκ ειχεν γην πολλην και ευθεως εξανετειλεν δια το μη εχειν βαθος γης
mark;4;6;ηλιου δε ανατειλαντος εκαυματισθη και δια το μη εχειν ριζαν εξηρανθη
mark;4;7;και αλλο επεσεν εις τας ακανθας και ανεβησαν αι ακανθαι και συνεπνιξαν αυτο και καρπον ουκ εδωκεν
mark;4;8;και αλλο επεσεν εις την γην την καλην και εδιδου καρπον αναβαινοντα και αυξανοντα και εφερεν εν τριακοντα και εν εξηκοντα και εν εκατον
mark;4;9;και ελεγεν αυτοις ο εχων ωτα ακουειν ακουετω
mark;4;10;οτε δε εγενετο καταμονας ηρωτησαν αυτον οι περι αυτον συν τοις δωδεκα την παραβολην
mark;4;11;και ελεγεν αυτοις υμιν δεδοται γνωναι το μυστηριον της βασιλειας του θεου εκεινοις δε τοις εξω εν παραβολαις τα παντα γινεται
mark;4;12;ινα βλεποντες βλεπωσιν και μη ιδωσιν και ακουοντες ακουωσιν και μη συνιωσιν μηποτε επιστρεψωσιν και αφεθη αυτοις τα αμαρτηματα
mark;4;13;και λεγει αυτοις ουκ οιδατε την παραβολην ταυτην και πως πασας τας παραβολας γνωσεσθε
mark;4;14;ο σπειρων τον λογον σπειρει
mark;4;15;ουτοι δε εισιν οι παρα την οδον οπου σπειρεται ο λογος και οταν ακουσωσιν ευθεως ερχεται ο σατανας και αιρει τον λογον τον εσπαρμενον εν ταις καρδιαις αυτων
mark;4;16;και ουτοι εισιν ομοιως οι επι τα πετρωδη σπειρομενοι οι οταν ακουσωσιν τον λογον ευθεως μετα χαρας λαμβανουσιν αυτον
mark;4;17;και ουκ εχουσιν ριζαν εν εαυτοις αλλα προσκαιροι εισιν ειτα γενομενης θλιψεως η διωγμου δια τον λογον ευθεως σκανδαλιζονται
mark;4;18;και ουτοι εισιν οι εις τας ακανθας σπειρομενοι οι τον λογον ακουοντες
mark;4;19;και αι μεριμναι του αιωνος τουτου και η απατη του πλουτου και αι περι τα λοιπα επιθυμιαι εισπορευομεναι συμπνιγουσιν τον λογον και ακαρπος γινεται
mark;4;20;και ουτοι εισιν οι επι την γην την καλην σπαρεντες οιτινες ακουουσιν τον λογον και παραδεχονται και καρποφορουσιν εν τριακοντα και εν εξηκοντα και εν εκατον
mark;4;21;και ελεγεν αυτοις μητι ο λυχνος ερχεται ινα υπο τον μοδιον τεθη η υπο την κλινην ουχ ινα επι την λυχνιαν επιτεθη
mark;4;22;ου γαρ εστιν τι κρυπτον ο εαν μη φανερωθη ουδε εγενετο αποκρυφον αλλ ινα εις φανερον ελθη
mark;4;23;ει τις εχει ωτα ακουειν ακουετω
mark;4;24;και ελεγεν αυτοις βλεπετε τι ακουετε εν ω μετρω μετρειτε μετρηθησεται υμιν και προστεθησεται υμιν τοις ακουουσιν
mark;4;25;ος γαρ αν εχη δοθησεται αυτω και ος ουκ εχει και ο εχει αρθησεται απ αυτου
mark;4;26;και ελεγεν ουτως εστιν η βασιλεια του θεου ως εαν ανθρωπος βαλη τον σπορον επι της γης
mark;4;27;και καθευδη και εγειρηται νυκτα και ημεραν και ο σπορος βλαστανη και μηκυνηται ως ουκ οιδεν αυτος
mark;4;28;αυτοματη γαρ η γη καρποφορει πρωτον χορτον ειτα σταχυν ειτα πληρη σιτον εν τω σταχυι
mark;4;29;οταν δε παραδω ο καρπος ευθεως αποστελλει το δρεπανον οτι παρεστηκεν ο θερισμος
mark;4;30;και ελεγεν τινι ομοιωσωμεν την βασιλειαν του θεου η εν ποια παραβολη παραβαλωμεν αυτην
mark;4;31;ως κοκκω σιναπεως ος οταν σπαρη επι της γης μικροτερος παντων των σπερματων εστιν των επι της γης
mark;4;32;και οταν σπαρη αναβαινει και γινεται παντων των λαχανων μειζων και ποιει κλαδους μεγαλους ωστε δυνασθαι υπο την σκιαν αυτου τα πετεινα του ουρανου κατασκηνουν
mark;4;33;και τοιαυταις παραβολαις πολλαις ελαλει αυτοις τον λογον καθως ηδυναντο ακουειν
mark;4;34;χωρις δε παραβολης ουκ ελαλει αυτοις κατ ιδιαν δε τοις μαθηταις αυτου επελυεν παντα
mark;4;35;και λεγει αυτοις εν εκεινη τη ημερα οψιας γενομενης διελθωμεν εις το περαν
mark;4;36;και αφεντες τον οχλον παραλαμβανουσιν αυτον ως ην εν τω πλοιω και αλλα δε πλοιαρια ην μετ αυτου
mark;4;37;και γινεται λαιλαψ ανεμου μεγαλη τα δε κυματα επεβαλλεν εις το πλοιον ωστε αυτο ηδη γεμιζεσθαι
mark;4;38;και ην αυτος επι τη πρυμνη επι το προσκεφαλαιον καθευδων και διεγειρουσιν αυτον και λεγουσιν αυτω διδασκαλε ου μελει σοι οτι απολλυμεθα
mark;4;39;και διεγερθεις επετιμησεν τω ανεμω και ειπεν τη θαλασση σιωπα πεφιμωσο και εκοπασεν ο ανεμος και εγενετο γαληνη μεγαλη
mark;4;40;και ειπεν αυτοις τι δειλοι εστε ουτως πως ουκ εχετε πιστιν
mark;4;41;και εφοβηθησαν φοβον μεγαν και ελεγον προς αλληλους τις αρα ουτος εστιν οτι και ο ανεμος και η θαλασσα υπακουουσιν αυτω
mark;5;1;και ηλθον εις το περαν της θαλασσης εις την χωραν των γαδαρηνων
mark;5;2;και εξελθοντι αυτω εκ του πλοιου ευθεως απηντησεν αυτω εκ των μνημειων ανθρωπος εν πνευματι ακαθαρτω
mark;5;3;ος την κατοικησιν ειχεν εν τοις μνημειοις και ουτε αλυσεσιν ουδεις ηδυνατο αυτον δησαι
mark;5;4;δια το αυτον πολλακις πεδαις και αλυσεσιν δεδεσθαι και διεσπασθαι υπ αυτου τας αλυσεις και τας πεδας συντετριφθαι και ουδεις αυτον ισχυεν δαμασαι
mark;5;5;και διαπαντος νυκτος και ημερας εν τοις ορεσιν και εν τοις μνημασιν ην κραζων και κατακοπτων εαυτον λιθοις
mark;5;6;ιδων δε τον ιησουν απο μακροθεν εδραμεν και προσεκυνησεν αυτω
mark;5;7;και κραξας φωνη μεγαλη ειπεν τι εμοι και σοι ιησου υιε του θεου του υψιστου ορκιζω σε τον θεον μη με βασανισης
mark;5;8;ελεγεν γαρ αυτω εξελθε το πνευμα το ακαθαρτον εκ του ανθρωπου
mark;5;9;και επηρωτα αυτον τι σοι ονομα και απεκριθη λεγων λεγεων ονομα μοι οτι πολλοι εσμεν
mark;5;10;και παρεκαλει αυτον πολλα ινα μη αυτους αποστειλη εξω της χωρας
mark;5;11;ην δε εκει προς τα ορη αγελη χοιρων μεγαλη βοσκομενη
mark;5;12;και παρεκαλεσαν αυτον παντες οι δαιμονες λεγοντες πεμψον ημας εις τους χοιρους ινα εις αυτους εισελθωμεν
mark;5;13;και επετρεψεν αυτοις ευθεως ο ιησους και εξελθοντα τα πνευματα τα ακαθαρτα εισηλθον εις τους χοιρους και ωρμησεν η αγελη κατα του κρημνου εις την θαλασσαν ησαν δε ως δισχιλιοι και επνιγοντο εν τη θαλασση
mark;5;14;οι δε βοσκοντες τους χοιρους εφυγον και ανηγγειλαν εις την πολιν και εις τους αγρους και εξηλθον ιδειν τι εστιν το γεγονος
mark;5;15;και ερχονται προς τον ιησουν και θεωρουσιν τον δαιμονιζομενον καθημενον και ιματισμενον και σωφρονουντα τον εσχηκοτα τον λεγεωνα και εφοβηθησαν
mark;5;16;και διηγησαντο αυτοις οι ιδοντες πως εγενετο τω δαιμονιζομενω και περι των χοιρων
mark;5;17;και ηρξαντο παρακαλειν αυτον απελθειν απο των οριων αυτων
mark;5;18;και εμβαντος αυτου εις το πλοιον παρεκαλει αυτον ο δαιμονισθεις ινα η μετ αυτου
mark;5;19;ο δε ιησους ουκ αφηκεν αυτον αλλα λεγει αυτω υπαγε εις τον οικον σου προς τους σους και αναγγειλον αυτοις οσα σοι ο κυριος εποιησεν και ηλεησεν σε
mark;5;20;και απηλθεν και ηρξατο κηρυσσειν εν τη δεκαπολει οσα εποιησεν αυτω ο ιησους και παντες εθαυμαζον
mark;5;21;και διαπερασαντος του ιησου εν τω πλοιω παλιν εις το περαν συνηχθη οχλος πολυς επ αυτον και ην παρα την θαλασσαν
mark;5;22;και ιδου ερχεται εις των αρχισυναγωγων ονοματι ιαειρος και ιδων αυτον πιπτει προς τους ποδας αυτου
mark;5;23;και παρεκαλει αυτον πολλα λεγων οτι το θυγατριον μου εσχατως εχει ινα ελθων επιθης αυτη τας χειρας οπως σωθη και ζησεται
mark;5;24;και απηλθεν μετ αυτου και ηκολουθει αυτω οχλος πολυς και συνεθλιβον αυτον
mark;5;25;και γυνη τις ουσα εν ρυσει αιματος ετη δωδεκα
mark;5;26;και πολλα παθουσα υπο πολλων ιατρων και δαπανησασα τα παρ εαυτης παντα και μηδεν ωφεληθεισα αλλα μαλλον εις το χειρον ελθουσα
mark;5;27;ακουσασα περι του ιησου ελθουσα εν τω οχλω οπισθεν ηψατο του ιματιου αυτου
mark;5;28;ελεγεν γαρ οτι καν των ιματιων αυτου αψωμαι σωθησομαι
mark;5;29;και ευθεως εξηρανθη η πηγη του αιματος αυτης και εγνω τω σωματι οτι ιαται απο της μαστιγος
mark;5;30;και ευθεως ο ιησους επιγνους εν εαυτω την εξ αυτου δυναμιν εξελθουσαν επιστραφεις εν τω οχλω ελεγεν τις μου ηψατο των ιματιων
mark;5;31;και ελεγον αυτω οι μαθηται αυτου βλεπεις τον οχλον συνθλιβοντα σε και λεγεις τις μου ηψατο
mark;5;32;και περιεβλεπετο ιδειν την τουτο ποιησασαν
mark;5;33;η δε γυνη φοβηθεισα και τρεμουσα ειδυια ο γεγονεν επ αυτη ηλθεν και προσεπεσεν αυτω και ειπεν αυτω πασαν την αληθειαν
mark;5;34;ο δε ειπεν αυτη θυγατερ η πιστις σου σεσωκεν σε υπαγε εις ειρηνην και ισθι υγιης απο της μαστιγος σου
mark;5;35;ετι αυτου λαλουντος ερχονται απο του αρχισυναγωγου λεγοντες οτι η θυγατηρ σου απεθανεν τι ετι σκυλλεις τον διδασκαλον
mark;5;36;ο δε ιησους ευθεως ακουσας τον λογον λαλουμενον λεγει τω αρχισυναγωγω μη φοβου μονον πιστευε
mark;5;37;και ουκ αφηκεν ουδενα αυτω συνακολουθησαι ει μη πετρον και ιακωβον και ιωαννην τον αδελφον ιακωβου
mark;5;38;και ερχεται εις τον οικον του αρχισυναγωγου και θεωρει θορυβον κλαιοντας και αλαλαζοντας πολλα
mark;5;39;και εισελθων λεγει αυτοις τι θορυβεισθε και κλαιετε το παιδιον ουκ απεθανεν αλλα καθευδει
mark;5;40;και κατεγελων αυτου ο δε εκβαλων απαντας παραλαμβανει τον πατερα του παιδιου και την μητερα και τους μετ αυτου και εισπορευεται οπου ην το παιδιον ανακειμενον
mark;5;41;και κρατησας της χειρος του παιδιου λεγει αυτη ταλιθα κουμι ο εστιν μεθερμηνευομενον το κορασιον σοι λεγω εγειραι
mark;5;42;και ευθεως ανεστη το κορασιον και περιεπατει ην γαρ ετων δωδεκα και εξεστησαν εκστασει μεγαλη
mark;5;43;και διεστειλατο αυτοις πολλα ινα μηδεις γνω τουτο και ειπεν δοθηναι αυτη φαγειν
mark;6;1;και εξηλθεν εκειθεν και ηλθεν εις την πατριδα αυτου και ακολουθουσιν αυτω οι μαθηται αυτου
mark;6;2;και γενομενου σαββατου ηρξατο εν τη συναγωγη διδασκειν και πολλοι ακουοντες εξεπλησσοντο λεγοντες ποθεν τουτω ταυτα και τις η σοφια η δοθεισα αυτω οτι και δυναμεις τοιαυται δια των χειρων αυτου γινονται
mark;6;3;ουχ ουτος εστιν ο τεκτων ο υιος μαριας αδελφος δε ιακωβου και ιωση και ιουδα και σιμωνος και ουκ εισιν αι αδελφαι αυτου ωδε προς ημας και εσκανδαλιζοντο εν αυτω
mark;6;4;ελεγεν δε αυτοις ο ιησους οτι ουκ εστιν προφητης ατιμος ει μη εν τη πατριδι αυτου και εν τοις συγγενεσιν και εν τη οικια αυτου
mark;6;5;και ουκ ηδυνατο εκει ουδεμιαν δυναμιν ποιησαι ει μη ολιγοις αρρωστοις επιθεις τας χειρας εθεραπευσεν
mark;6;6;και εθαυμαζεν δια την απιστιαν αυτων και περιηγεν τας κωμας κυκλω διδασκων
mark;6;7;και προσκαλειται τους δωδεκα και ηρξατο αυτους αποστελλειν δυο δυο και εδιδου αυτοις εξουσιαν των πνευματων των ακαθαρτων
mark;6;8;και παρηγγειλεν αυτοις ινα μηδεν αιρωσιν εις οδον ει μη ραβδον μονον μη πηραν μη αρτον μη εις την ζωνην χαλκον
mark;6;9;αλλ υποδεδεμενους σανδαλια και μη δυο χιτωνας
mark;6;10;και ελεγεν αυτοις οπου εαν εισελθητε εις οικιαν εκει μενετε εως αν εξελθητε εκειθεν
mark;6;11;και οσοι αν μη δεξωνται υμας μηδε ακουσωσιν υμων εκπορευομενοι εκειθεν εκτιναξατε τον χουν τον υποκατω των ποδων υμων εις μαρτυριον αυτοις αμην λεγω υμιν ανεκτοτερον εσται σοδομοις η γομορροις εν ημερα κρισεως η τη πολει εκεινη
mark;6;12;και εξελθοντες εκηρυσσον ινα μετανοησωσιν
mark;6;13;και δαιμονια πολλα εξεβαλλον και ηλειφον ελαιω πολλους αρρωστους και εθεραπευον
mark;6;14;και ηκουσεν ο βασιλευς ηρωδης φανερον γαρ εγενετο το ονομα αυτου και ελεγεν οτι ιωαννης ο βαπτιζων εκ νεκρων ηγερθη και δια τουτο ενεργουσιν αι δυναμεις εν αυτω
mark;6;15;αλλοι ελεγον οτι ηλιας εστιν αλλοι δε ελεγον οτι προφητης εστιν η ως εις των προφητων
mark;6;16;ακουσας δε ο ηρωδης ειπεν οτι ον εγω απεκεφαλισα ιωαννην ουτος εστιν αυτος ηγερθη εκ νεκρων
mark;6;17;αυτος γαρ ο ηρωδης αποστειλας εκρατησεν τον ιωαννην και εδησεν αυτον εν τη φυλακη δια ηρωδιαδα την γυναικα φιλιππου του αδελφου αυτου οτι αυτην εγαμησεν
mark;6;18;ελεγεν γαρ ο ιωαννης τω ηρωδη οτι ουκ εξεστιν σοι εχειν την γυναικα του αδελφου σου
mark;6;19;η δε ηρωδιας ενειχεν αυτω και ηθελεν αυτον αποκτειναι και ουκ ηδυνατο
mark;6;20;ο γαρ ηρωδης εφοβειτο τον ιωαννην ειδως αυτον ανδρα δικαιον και αγιον και συνετηρει αυτον και ακουσας αυτου πολλα εποιει και ηδεως αυτου ηκουεν
mark;6;21;και γενομενης ημερας ευκαιρου οτε ηρωδης τοις γενεσιοις αυτου δειπνον εποιει τοις μεγιστασιν αυτου και τοις χιλιαρχοις και τοις πρωτοις της γαλιλαιας
mark;6;22;και εισελθουσης της θυγατρος αυτης της ηρωδιαδος και ορχησαμενης και αρεσασης τω ηρωδη και τοις συνανακειμενοις ειπεν ο βασιλευς τω κορασιω αιτησον με ο εαν θελης και δωσω σοι
mark;6;23;και ωμοσεν αυτη οτι ο εαν με αιτησης δωσω σοι εως ημισους της βασιλειας μου
mark;6;24;η δε εξελθουσα ειπεν τη μητρι αυτης τι αιτησομαι η δε ειπεν την κεφαλην ιωαννου του βαπτιστου
mark;6;25;και εισελθουσα ευθεως μετα σπουδης προς τον βασιλεα ητησατο λεγουσα θελω ινα μοι δως εξαυτης επι πινακι την κεφαλην ιωαννου του βαπτιστου
mark;6;26;και περιλυπος γενομενος ο βασιλευς δια τους ορκους και τους συνανακειμενους ουκ ηθελησεν αυτην αθετησαι
mark;6;27;και ευθεως αποστειλας ο βασιλευς σπεκουλατωρα επεταξεν ενεχθηναι την κεφαλην αυτου
mark;6;28;ο δε απελθων απεκεφαλισεν αυτον εν τη φυλακη και ηνεγκεν την κεφαλην αυτου επι πινακι και εδωκεν αυτην τω κορασιω και το κορασιον εδωκεν αυτην τη μητρι αυτης
mark;6;29;και ακουσαντες οι μαθηται αυτου ηλθον και ηραν το πτωμα αυτου και εθηκαν αυτο εν μνημειω
mark;6;30;και συναγονται οι αποστολοι προς τον ιησουν και απηγγειλαν αυτω παντα και οσα εποιησαν και οσα εδιδαξαν
mark;6;31;και ειπεν αυτοις δευτε υμεις αυτοι κατ ιδιαν εις ερημον τοπον και αναπαυεσθε ολιγον ησαν γαρ οι ερχομενοι και οι υπαγοντες πολλοι και ουδε φαγειν ηυκαιρουν
mark;6;32;και απηλθον εις ερημον τοπον τω πλοιω κατ ιδιαν
mark;6;33;και ειδον αυτους υπαγοντας οι οχλοι και επεγνωσαν αυτον πολλοι και πεζη απο πασων των πολεων συνεδραμον εκει και προηλθον αυτους και συνηλθον προς αυτον
mark;6;34;και εξελθων ειδεν ο ιησους πολυν οχλον και εσπλαγχνισθη επ αυτοις οτι ησαν ως προβατα μη εχοντα ποιμενα και ηρξατο διδασκειν αυτους πολλα
mark;6;35;και ηδη ωρας πολλης γενομενης προσελθοντες αυτω οι μαθηται αυτου λεγουσιν οτι ερημος εστιν ο τοπος και ηδη ωρα πολλη
mark;6;36;απολυσον αυτους ινα απελθοντες εις τους κυκλω αγρους και κωμας αγορασωσιν εαυτοις αρτους τι γαρ φαγωσιν ουκ εχουσιν
mark;6;37;ο δε αποκριθεις ειπεν αυτοις δοτε αυτοις υμεις φαγειν και λεγουσιν αυτω απελθοντες αγορασωμεν διακοσιων δηναριων αρτους και δωμεν αυτοις φαγειν
mark;6;38;ο δε λεγει αυτοις ποσους αρτους εχετε υπαγετε και ιδετε και γνοντες λεγουσιν πεντε και δυο ιχθυας
mark;6;39;και επεταξεν αυτοις ανακλιναι παντας συμποσια συμποσια επι τω χλωρω χορτω
mark;6;40;και ανεπεσον πρασιαι πρασιαι ανα εκατον και ανα πεντηκοντα
mark;6;41;και λαβων τους πεντε αρτους και τους δυο ιχθυας αναβλεψας εις τον ουρανον ευλογησεν και κατεκλασεν τους αρτους και εδιδου τοις μαθηταις αυτου ινα παραθωσιν αυτοις και τους δυο ιχθυας εμερισεν πασιν
mark;6;42;και εφαγον παντες και εχορτασθησαν
mark;6;43;και ηραν κλασματων δωδεκα κοφινους πληρεις και απο των ιχθυων
mark;6;44;και ησαν οι φαγοντες τους αρτους ωσει πεντακισχιλιοι ανδρες
mark;6;45;και ευθεως ηναγκασεν τους μαθητας αυτου εμβηναι εις το πλοιον και προαγειν εις το περαν προς εως αυτος απολυση τον οχλον
mark;6;46;και αποταξαμενος αυτοις απηλθεν εις το ορος προσευξασθαι
mark;6;47;και οψιας γενομενης ην το πλοιον εν μεσω της θαλασσης και αυτος μονος επι της γης
mark;6;48;και ειδεν αυτους βασανιζομενους εν τω ελαυνειν ην γαρ ο ανεμος εναντιος αυτοις και περι τεταρτην φυλακην της νυκτος ερχεται προς αυτους περιπατων επι της θαλασσης και ηθελεν παρελθειν αυτους
mark;6;49;οι δε ιδοντες αυτον περιπατουντα επι της θαλασσης εδοξαν φαντασμα ειναι και ανεκραξαν
mark;6;50;παντες γαρ αυτον ειδον και εταραχθησαν και ευθεως ελαλησεν μετ αυτων και λεγει αυτοις θαρσειτε εγω ειμι μη φοβεισθε
mark;6;51;και ανεβη προς αυτους εις το πλοιον και εκοπασεν ο ανεμος και λιαν εκ περισσου εν εαυτοις εξισταντο και εθαυμαζον
mark;6;52;ου γαρ συνηκαν επι τοις αρτοις ην γαρ η καρδια αυτων πεπωρωμενη
mark;6;53;και διαπερασαντες ηλθον επι την γην και προσωρμισθησαν
mark;6;54;και εξελθοντων αυτων εκ του πλοιου ευθεως επιγνοντες αυτον
mark;6;55;περιδραμοντες ολην την περιχωρον εκεινην ηρξαντο επι τοις κραββατοις τους κακως εχοντας περιφερειν οπου ηκουον οτι εκει εστιν
mark;6;56;και οπου αν εισεπορευετο εις κωμας η πολεις η αγρους εν ταις αγοραις ετιθουν τους ασθενουντας και παρεκαλουν αυτον ινα καν του κρασπεδου του ιματιου αυτου αψωνται και οσοι αν ηπτοντο αυτου εσωζοντο
mark;7;1;και συναγονται προς αυτον οι φαρισαιοι και τινες των γραμματεων ελθοντες απο ιεροσολυμων
mark;7;2;και ιδοντες τινας των μαθητων αυτου κοιναις χερσιν τουτ εστιν ανιπτοις εσθιοντας αρτους εμεμψαντο
mark;7;3;οι γαρ φαρισαιοι και παντες οι ιουδαιοι εαν μη πυγμη νιψωνται τας χειρας ουκ εσθιουσιν κρατουντες την παραδοσιν των πρεσβυτερων
mark;7;4;και απο αγορας εαν μη βαπτισωνται ουκ εσθιουσιν και αλλα πολλα εστιν α παρελαβον κρατειν βαπτισμους ποτηριων και ξεστων και χαλκιων και κλινων
mark;7;5;επειτα επερωτωσιν αυτον οι φαρισαιοι και οι γραμματεις δια τι οι μαθηται σου ου περιπατουσιν κατα την παραδοσιν των πρεσβυτερων αλλα ανιπτοις χερσιν εσθιουσιν τον αρτον
mark;7;6;ο δε αποκριθεις ειπεν αυτοις οτι καλως προεφητευσεν ησαιας περι υμων των υποκριτων ως γεγραπται ουτος ο λαος τοις χειλεσιν με τιμα η δε καρδια αυτων πορρω απεχει απ εμου
mark;7;7;ματην δε σεβονται με διδασκοντες διδασκαλιας ενταλματα ανθρωπων
mark;7;8;αφεντες γαρ την εντολην του θεου κρατειτε την παραδοσιν των ανθρωπων βαπτισμους ξεστων και ποτηριων και αλλα παρομοια τοιαυτα πολλα ποιειτε
mark;7;9;και ελεγεν αυτοις καλως αθετειτε την εντολην του θεου ινα την παραδοσιν υμων τηρησητε
mark;7;10;μωσης γαρ ειπεν τιμα τον πατερα σου και την μητερα σου και ο κακολογων πατερα η μητερα θανατω τελευτατω
mark;7;11;υμεις δε λεγετε εαν ειπη ανθρωπος τω πατρι η τη μητρι κορβαν ο εστιν δωρον ο εαν εξ εμου ωφεληθης
mark;7;12;και ουκετι αφιετε αυτον ουδεν ποιησαι τω πατρι αυτου η τη μητρι αυτου
mark;7;13;ακυρουντες τον λογον του θεου τη παραδοσει υμων η παρεδωκατε και παρομοια τοιαυτα πολλα ποιειτε
mark;7;14;και προσκαλεσαμενος παντα τον οχλον ελεγεν αυτοις ακουετε μου παντες και συνιετε
mark;7;15;ουδεν εστιν εξωθεν του ανθρωπου εισπορευομενον εις αυτον ο δυναται αυτον κοινωσαι αλλα τα εκπορευομενα απ αυτου εκεινα εστιν τα κοινουντα τον ανθρωπον
mark;7;16;ει τις εχει ωτα ακουειν ακουετω
mark;7;17;και οτε εισηλθεν εις οικον απο του οχλου επηρωτων αυτον οι μαθηται αυτου περι της παραβολης
mark;7;18;και λεγει αυτοις ουτως και υμεις ασυνετοι εστε ου νοειτε οτι παν το εξωθεν εισπορευομενον εις τον ανθρωπον ου δυναται αυτον κοινωσαι
mark;7;19;οτι ουκ εισπορευεται αυτου εις την καρδιαν αλλ εις την κοιλιαν και εις τον αφεδρωνα εκπορευεται καθαριζον παντα τα βρωματα
mark;7;20;ελεγεν δε οτι το εκ του ανθρωπου εκπορευομενον εκεινο κοινοι τον ανθρωπον
mark;7;21;εσωθεν γαρ εκ της καρδιας των ανθρωπων οι διαλογισμοι οι κακοι εκπορευονται μοιχειαι πορνειαι φονοι
mark;7;22;κλοπαι πλεονεξιαι πονηριαι δολος ασελγεια οφθαλμος πονηρος βλασφημια υπερηφανια αφροσυνη
mark;7;23;παντα ταυτα τα πονηρα εσωθεν εκπορευεται και κοινοι τον ανθρωπον
mark;7;24;και εκειθεν αναστας απηλθεν εις τα μεθορια τυρου και σιδωνος και εισελθων εις την οικιαν ουδενα ηθελεν γνωναι και ουκ ηδυνηθη λαθειν
mark;7;25;ακουσασα γαρ γυνη περι αυτου ης ειχεν το θυγατριον αυτης πνευμα ακαθαρτον ελθουσα προσεπεσεν προς τους ποδας αυτου
mark;7;26;ην δε η γυνη ελληνις συροφοινισσα τω γενει και ηρωτα αυτον ινα το δαιμονιον εκβαλλη εκ της θυγατρος αυτης
mark;7;27;ο δε ιησους ειπεν αυτη αφες πρωτον χορτασθηναι τα τεκνα ου γαρ καλον εστιν λαβειν τον αρτον των τεκνων και βαλειν τοις κυναριοις
mark;7;28;η δε απεκριθη και λεγει αυτω ναι κυριε και γαρ τα κυναρια υποκατω της τραπεζης εσθιει απο των ψιχιων των παιδιων
mark;7;29;και ειπεν αυτη δια τουτον τον λογον υπαγε εξεληλυθεν το δαιμονιον εκ της θυγατρος σου
mark;7;30;και απελθουσα εις τον οικον αυτης ευρεν το δαιμονιον εξεληλυθος και την θυγατερα βεβλημενην επι της κλινης
mark;7;31;και παλιν εξελθων εκ των οριων τυρου και σιδωνος ηλθεν προς την θαλασσαν της γαλιλαιας ανα μεσον των οριων δεκαπολεως
mark;7;32;και φερουσιν αυτω κωφον μογιλαλον και παρακαλουσιν αυτον ινα επιθη αυτω την χειρα
mark;7;33;και απολαβομενος αυτον απο του οχλου κατ ιδιαν εβαλεν τους δακτυλους αυτου εις τα ωτα αυτου και πτυσας ηψατο της γλωσσης αυτου
mark;7;34;και αναβλεψας εις τον ουρανον εστεναξεν και λεγει αυτω εφφαθα ο εστιν διανοιχθητι
mark;7;35;και ευθεως διηνοιχθησαν αυτου αι ακοαι και ελυθη ο δεσμος της γλωσσης αυτου και ελαλει ορθως
mark;7;36;και διεστειλατο αυτοις ινα μηδενι ειπωσιν οσον δε αυτος αυτοις διεστελλετο μαλλον περισσοτερον εκηρυσσον
mark;7;37;και υπερπερισσως εξεπλησσοντο λεγοντες καλως παντα πεποιηκεν και τους κωφους ποιει ακουειν και τους αλαλους λαλειν
mark;8;1;εν εκειναις ταις ημεραις παμπολλου οχλου οντος και μη εχοντων τι φαγωσιν προσκαλεσαμενος ο ιησους τους μαθητας αυτου λεγει αυτοις
mark;8;2;σπλαγχνιζομαι επι τον οχλον οτι ηδη ημερας τρεις προσμενουσιν μοι και ουκ εχουσιν τι φαγωσιν
mark;8;3;και εαν απολυσω αυτους νηστεις εις οικον αυτων εκλυθησονται εν τη οδω τινες γαρ αυτων μακροθεν ηκασιν
mark;8;4;και απεκριθησαν αυτω οι μαθηται αυτου ποθεν τουτους δυνησεται τις ωδε χορτασαι αρτων επ ερημιας
mark;8;5;και επηρωτα αυτους ποσους εχετε αρτους οι δε ειπον επτα
mark;8;6;και παρηγγειλεν τω οχλω αναπεσειν επι της γης και λαβων τους επτα αρτους ευχαριστησας εκλασεν και εδιδου τοις μαθηταις αυτου ινα παραθωσιν και παρεθηκαν τω οχλω
mark;8;7;και ειχον ιχθυδια ολιγα και ευλογησας ειπεν παραθειναι και αυτα
mark;8;8;εφαγον δε και εχορτασθησαν και ηραν περισσευματα κλασματων επτα σπυριδας
mark;8;9;ησαν δε οι φαγοντες ως τετρακισχιλιοι και απελυσεν αυτους
mark;8;10;και ευθεως εμβας εις το πλοιον μετα των μαθητων αυτου ηλθεν εις τα μερη δαλμανουθα
mark;8;11;και εξηλθον οι φαρισαιοι και ηρξαντο συζητειν αυτω ζητουντες παρ αυτου σημειον απο του ουρανου πειραζοντες αυτον
mark;8;12;και αναστεναξας τω πνευματι αυτου λεγει τι η γενεα αυτη σημειον επιζητει αμην λεγω υμιν ει δοθησεται τη γενεα ταυτη σημειον
mark;8;13;και αφεις αυτους εμβας παλιν εις το πλοιον απηλθεν εις το περαν
mark;8;14;και επελαθοντο λαβειν αρτους και ει μη ενα αρτον ουκ ειχον μεθ εαυτων εν τω πλοιω
mark;8;15;και διεστελλετο αυτοις λεγων ορατε βλεπετε απο της ζυμης των φαρισαιων και της ζυμης ηρωδου
mark;8;16;και διελογιζοντο προς αλληλους λεγοντες οτι αρτους ουκ εχομεν
mark;8;17;και γνους ο ιησους λεγει αυτοις τι διαλογιζεσθε οτι αρτους ουκ εχετε ουπω νοειτε ουδε συνιετε ετι πεπωρωμενην εχετε την καρδιαν υμων
mark;8;18;οφθαλμους εχοντες ου βλεπετε και ωτα εχοντες ουκ ακουετε και ου μνημονευετε
mark;8;19;οτε τους πεντε αρτους εκλασα εις τους πεντακισχιλιους ποσους κοφινους πληρεις κλασματων ηρατε λεγουσιν αυτω δωδεκα
mark;8;20;οτε δε τους επτα εις τους τετρακισχιλιους ποσων σπυριδων πληρωματα κλασματων ηρατε οι δε ειπον επτα
mark;8;21;και ελεγεν αυτοις πως ου συνιετε
mark;8;22;και ερχεται εις και φερουσιν αυτω τυφλον και παρακαλουσιν αυτον ινα αυτου αψηται
mark;8;23;και επιλαβομενος της χειρος του τυφλου εξηγαγεν αυτον εξω της κωμης και πτυσας εις τα ομματα αυτου επιθεις τας χειρας αυτω επηρωτα αυτον ει τι βλεπει
mark;8;24;και αναβλεψας ελεγεν βλεπω τους ανθρωπους ως δενδρα περιπατουντας
mark;8;25;ειτα παλιν επεθηκεν τας χειρας επι τους οφθαλμους αυτου και εποιησεν αυτον αναβλεψαι και αποκατεσταθη και ενεβλεψεν τηλαυγως απαντας
mark;8;26;και απεστειλεν αυτον εις τον οικον αυτου λεγων μηδε εις την κωμην εισελθης μηδε ειπης τινι εν τη κωμη
mark;8;27;και εξηλθεν ο ιησους και οι μαθηται αυτου εις τας κωμας καισαρειας της φιλιππου και εν τη οδω επηρωτα τους μαθητας αυτου λεγων αυτοις τινα με λεγουσιν οι ανθρωποι ειναι
mark;8;28;οι δε απεκριθησαν ιωαννην τον βαπτιστην και αλλοι ηλιαν αλλοι δε ενα των προφητων
mark;8;29;και αυτος λεγει αυτοις υμεις δε τινα με λεγετε ειναι αποκριθεις δε ο πετρος λεγει αυτω συ ει ο χριστος
mark;8;30;και επετιμησεν αυτοις ινα μηδενι λεγωσιν περι αυτου
mark;8;31;και ηρξατο διδασκειν αυτους οτι δει τον υιον του ανθρωπου πολλα παθειν και αποδοκιμασθηναι απο των πρεσβυτερων και αρχιερεων και γραμματεων και αποκτανθηναι και μετα τρεις ημερας αναστηναι
mark;8;32;και παρρησια τον λογον ελαλει και προσλαβομενος αυτον ο πετρος ηρξατο επιτιμαν αυτω
mark;8;33;ο δε επιστραφεις και ιδων τους μαθητας αυτου επετιμησεν τω πετρω λεγων υπαγε οπισω μου σατανα οτι ου φρονεις τα του θεου αλλα τα των ανθρωπων
mark;8;34;και προσκαλεσαμενος τον οχλον συν τοις μαθηταις αυτου ειπεν αυτοις οστις θελει οπισω μου ελθειν απαρνησασθω εαυτον και αρατω τον σταυρον αυτου και ακολουθειτω μοι
mark;8;35;ος γαρ αν θελη την ψυχην αυτου σωσαι απολεσει αυτην ος δ αν απολεση την ψυχην αυτου ενεκεν εμου και του ευαγγελιου ουτος σωσει αυτην
mark;8;36;τι γαρ ωφελησει ανθρωπον εαν κερδηση τον κοσμον ολον και ζημιωθη την ψυχην αυτου
mark;8;37;η τι δωσει ανθρωπος ανταλλαγμα της ψυχης αυτου
mark;8;38;ος γαρ αν επαισχυνθη με και τους εμους λογους εν τη γενεα ταυτη τη μοιχαλιδι και αμαρτωλω και ο υιος του ανθρωπου επαισχυνθησεται αυτον οταν ελθη εν τη δοξη του πατρος αυτου μετα των αγγελων των αγιων
mark;9;1;και ελεγεν αυτοις αμην λεγω υμιν οτι εισιν τινες των ωδε εστηκοτων οιτινες ου μη γευσωνται θανατου εως αν ιδωσιν την βασιλειαν του θεου εληλυθυιαν εν δυναμει
mark;9;2;και μεθ ημερας εξ παραλαμβανει ο ιησους τον πετρον και τον ιακωβον και τον ιωαννην και αναφερει αυτους εις ορος υψηλον κατ ιδιαν μονους και μετεμορφωθη εμπροσθεν αυτων
mark;9;3;και τα ιματια αυτου εγενετο στιλβοντα λευκα λιαν ως χιων οια γναφευς επι της γης ου δυναται λευκαναι
mark;9;4;και ωφθη αυτοις ηλιας συν μωσει και ησαν συλλαλουντες τω ιησου
mark;9;5;και αποκριθεις ο πετρος λεγει τω ιησου ραββι καλον εστιν ημας ωδε ειναι και ποιησωμεν σκηνας τρεις σοι μιαν και μωσει μιαν και ηλια μιαν
mark;9;6;ου γαρ ηδει τι λαληση ησαν γαρ εκφοβοι
mark;9;7;και εγενετο νεφελη επισκιαζουσα αυτοις και ηλθεν φωνη εκ της νεφελης λεγουσα ουτος εστιν ο υιος μου ο αγαπητος αυτου ακουετε
mark;9;8;και εξαπινα περιβλεψαμενοι ουκετι ουδενα ειδον αλλα τον ιησουν μονον μεθ εαυτων
mark;9;9;καταβαινοντων δε αυτων απο του ορους διεστειλατο αυτοις ινα μηδενι διηγησωνται α ειδον ει μη οταν ο υιος του ανθρωπου εκ νεκρων αναστη
mark;9;10;και τον λογον εκρατησαν προς εαυτους συζητουντες τι εστιν το εκ νεκρων αναστηναι
mark;9;11;και επηρωτων αυτον λεγοντες οτι λεγουσιν οι γραμματεις οτι ηλιαν δει ελθειν πρωτον
mark;9;12;ο δε αποκριθεις ειπεν αυτοις ηλιας μεν ελθων πρωτον αποκαθιστα παντα και πως γεγραπται επι τον υιον του ανθρωπου ινα πολλα παθη και εξουδενωθη
mark;9;13;αλλα λεγω υμιν οτι και ηλιας εληλυθεν και εποιησαν αυτω οσα ηθελησαν καθως γεγραπται επ αυτον
mark;9;14;και ελθων προς τους μαθητας ειδεν οχλον πολυν περι αυτους και γραμματεις συζητουντας αυτοις
mark;9;15;και ευθεως πας ο οχλος ιδων αυτον εξεθαμβηθη και προστρεχοντες ησπαζοντο αυτον
mark;9;16;και επηρωτησεν τους γραμματεις τι συζητειτε προς αυτους
mark;9;17;και αποκριθεις εις εκ του οχλου ειπεν διδασκαλε ηνεγκα τον υιον μου προς σε εχοντα πνευμα αλαλον
mark;9;18;και οπου αν αυτον καταλαβη ρησσει αυτον και αφριζει και τριζει τους οδοντας αυτου και ξηραινεται και ειπον τοις μαθηταις σου ινα αυτο εκβαλωσιν και ουκ ισχυσαν
mark;9;19;ο δε αποκριθεις αυτω λεγει ω γενεα απιστος εως ποτε προς υμας εσομαι εως ποτε ανεξομαι υμων φερετε αυτον προς με
mark;9;20;και ηνεγκαν αυτον προς αυτον και ιδων αυτον ευθεως το πνευμα εσπαραξεν αυτον και πεσων επι της γης εκυλιετο αφριζων
mark;9;21;και επηρωτησεν τον πατερα αυτου ποσος χρονος εστιν ως τουτο γεγονεν αυτω ο δε ειπεν παιδιοθεν
mark;9;22;και πολλακις αυτον και εις πυρ εβαλεν και εις υδατα ινα απολεση αυτον αλλ ει τι δυνασαι βοηθησον ημιν σπλαγχνισθεις εφ ημας
mark;9;23;ο δε ιησους ειπεν αυτω το ει δυνασαι πιστευσαι παντα δυνατα τω πιστευοντι
mark;9;24;και ευθεως κραξας ο πατηρ του παιδιου μετα δακρυων ελεγεν πιστευω κυριε βοηθει μου τη απιστια
mark;9;25;ιδων δε ο ιησους οτι επισυντρεχει οχλος επετιμησεν τω πνευματι τω ακαθαρτω λεγων αυτω το πνευμα το αλαλον και κωφον εγω σοι επιτασσω εξελθε εξ αυτου και μηκετι εισελθης εις αυτον
mark;9;26;και κραξαν και πολλα σπαραξαν αυτον εξηλθεν και εγενετο ωσει νεκρος ωστε πολλους λεγειν οτι απεθανεν
mark;9;27;ο δε ιησους κρατησας αυτον της χειρος ηγειρεν αυτον και ανεστη
mark;9;28;και εισελθοντα αυτον εις οικον οι μαθηται αυτου επηρωτων αυτον κατ ιδιαν οτι ημεις ουκ ηδυνηθημεν εκβαλειν αυτο
mark;9;29;και ειπεν αυτοις τουτο το γενος εν ουδενι δυναται εξελθειν ει μη εν προσευχη και νηστεια
mark;9;30;και εκειθεν εξελθοντες παρεπορευοντο δια της γαλιλαιας και ουκ ηθελεν ινα τις γνω
mark;9;31;εδιδασκεν γαρ τους μαθητας αυτου και ελεγεν αυτοις οτι ο υιος του ανθρωπου παραδιδοται εις χειρας ανθρωπων και αποκτενουσιν αυτον και αποκτανθεις τη τριτη ημερα αναστησεται
mark;9;32;οι δε ηγνοουν το ρημα και εφοβουντο αυτον επερωτησαι
mark;9;33;και ηλθεν εις καπερναουμ και εν τη οικια γενομενος επηρωτα αυτους τι εν τη οδω προς εαυτους διελογιζεσθε
mark;9;34;οι δε εσιωπων προς αλληλους γαρ διελεχθησαν εν τη οδω τις μειζων
mark;9;35;και καθισας εφωνησεν τους δωδεκα και λεγει αυτοις ει τις θελει πρωτος ειναι εσται παντων εσχατος και παντων διακονος
mark;9;36;και λαβων παιδιον εστησεν αυτο εν μεσω αυτων και εναγκαλισαμενος αυτο ειπεν αυτοις
mark;9;37;ος εαν εν των τοιουτων παιδιων δεξηται επι τω ονοματι μου εμε δεχεται και ος εαν εμε δεξηται ουκ εμε δεχεται αλλα τον αποστειλαντα με
mark;9;38;απεκριθη δε αυτω ο ιωαννης λεγων διδασκαλε ειδομεν τινα τω ονοματι σου εκβαλλοντα δαιμονια ος ουκ ακολουθει ημιν και εκωλυσαμεν αυτον οτι ουκ ακολουθει ημιν
mark;9;39;ο δε ιησους ειπεν μη κωλυετε αυτον ουδεις γαρ εστιν ος ποιησει δυναμιν επι τω ονοματι μου και δυνησεται ταχυ κακολογησαι με
mark;9;40;ος γαρ ουκ εστιν καθ εστιν
mark;9;41;ος γαρ αν ποτιση υμας ποτηριον υδατος εν τω ονοματι μου οτι χριστου εστε αμην λεγω υμιν ου μη απολεση τον μισθον αυτου
mark;9;42;και ος αν σκανδαλιση ενα των μικρων των πιστευοντων εις εμε καλον εστιν αυτω μαλλον ει περικειται λιθος μυλικος περι τον τραχηλον αυτου και βεβληται εις την θαλασσαν
mark;9;43;και εαν σκανδαλιζη σε η χειρ σου αποκοψον αυτην καλον σοι εστιν κυλλον εις την ζωην εισελθειν η τας δυο χειρας εχοντα απελθειν εις την γεενναν εις το πυρ το ασβεστον
mark;9;44;οπου ο σκωληξ αυτων ου τελευτα και το πυρ ου σβεννυται
mark;9;45;και εαν ο πους σου σκανδαλιζη σε αποκοψον αυτον καλον εστιν σοι εισελθειν εις την ζωην χωλον η τους δυο ποδας εχοντα βληθηναι εις την γεενναν εις το πυρ το ασβεστον
mark;9;46;οπου ο σκωληξ αυτων ου τελευτα και το πυρ ου σβεννυται
mark;9;47;και εαν ο οφθαλμος σου σκανδαλιζη σε εκβαλε αυτον καλον σοι εστιν μονοφθαλμον εισελθειν εις την βασιλειαν του θεου η δυο οφθαλμους εχοντα βληθηναι εις την γεενναν του πυρος
mark;9;48;οπου ο σκωληξ αυτων ου τελευτα και το πυρ ου σβεννυται
mark;9;49;πας γαρ πυρι αλισθησεται και πασα θυσια αλι αλισθησεται
mark;9;50;καλον το αλας εαν δε το αλας αναλον γενηται εν τινι αυτο αρτυσετε εχετε εν εαυτοις αλας και ειρηνευετε εν αλληλοις
mark;10;1;κακειθεν αναστας ερχεται εις τα ορια της ιουδαιας δια του περαν του ιορδανου και συμπορευονται παλιν οχλοι προς αυτον και ως ειωθει παλιν εδιδασκεν αυτους
mark;10;2;και προσελθοντες οι φαρισαιοι επηρωτησαν αυτον ει εξεστιν ανδρι γυναικα απολυσαι πειραζοντες αυτον
mark;10;3;ο δε αποκριθεις ειπεν αυτοις τι υμιν ενετειλατο μωσης
mark;10;4;οι δε ειπον μωσης επετρεψεν βιβλιον αποστασιου γραψαι και απολυσαι
mark;10;5;και αποκριθεις ο ιησους ειπεν αυτοις προς την σκληροκαρδιαν υμων εγραψεν υμιν την εντολην ταυτην
mark;10;6;απο δε αρχης κτισεως αρσεν και θηλυ εποιησεν αυτους ο θεος
mark;10;7;ενεκεν τουτου καταλειψει ανθρωπος τον πατερα αυτου και την μητερα και προσκολληθησεται προς την γυναικα αυτου
mark;10;8;και εσονται οι δυο εις σαρκα μιαν ωστε ουκετι εισιν δυο αλλα μια σαρξ
mark;10;9;ο ουν ο θεος συνεζευξεν ανθρωπος μη χωριζετω
mark;10;10;και εν τη οικια παλιν οι μαθηται αυτου περι του αυτου επηρωτησαν αυτον
mark;10;11;και λεγει αυτοις ος εαν απολυση την γυναικα αυτου και γαμηση αλλην μοιχαται επ αυτην
mark;10;12;και εαν γυνη απολυση τον ανδρα αυτης και γαμηθη αλλω μοιχαται
mark;10;13;και προσεφερον αυτω παιδια ινα αψηται αυτων οι δε μαθηται επετιμων τοις προσφερουσιν
mark;10;14;ιδων δε ο ιησους ηγανακτησεν και ειπεν αυτοις αφετε τα παιδια ερχεσθαι προς με και μη κωλυετε αυτα των γαρ τοιουτων εστιν η βασιλεια του θεου
mark;10;15;αμην λεγω υμιν ος εαν μη δεξηται την βασιλειαν του θεου ως παιδιον ου μη εισελθη εις αυτην
mark;10;16;και εναγκαλισαμενος αυτα τιθεις τας χειρας επ αυτα ηυλογει αυτα
mark;10;17;και εκπορευομενου αυτου εις οδον προσδραμων εις και γονυπετησας αυτον επηρωτα αυτον διδασκαλε αγαθε τι ποιησω ινα ζωην αιωνιον κληρονομησω
mark;10;18;ο δε ιησους ειπεν αυτω τι με λεγεις αγαθον ουδεις αγαθος ει μη εις ο θεος
mark;10;19;τας εντολας οιδας μη μοιχευσης μη φονευσης μη κλεψης μη ψευδομαρτυρησης μη αποστερησης τιμα τον πατερα σου και την μητερα
mark;10;20;ο δε αποκριθεις ειπεν αυτω διδασκαλε ταυτα παντα εφυλαξαμην εκ νεοτητος μου
mark;10;21;ο δε ιησους εμβλεψας αυτω ηγαπησεν αυτον και ειπεν αυτω εν σοι υστερει υπαγε οσα εχεις πωλησον και δος τοις πτωχοις και εξεις θησαυρον εν ουρανω και δευρο ακολουθει μοι αρας τον σταυρον
mark;10;22;ο δε στυγνασας επι τω λογω απηλθεν λυπουμενος ην γαρ εχων κτηματα πολλα
mark;10;23;και περιβλεψαμενος ο ιησους λεγει τοις μαθηταις αυτου πως δυσκολως οι τα χρηματα εχοντες εις την βασιλειαν του θεου εισελευσονται
mark;10;24;οι δε μαθηται εθαμβουντο επι τοις λογοις αυτου ο δε ιησους παλιν αποκριθεις λεγει αυτοις τεκνα πως δυσκολον εστιν τους πεποιθοτας επι τοις χρημασιν εις την βασιλειαν του θεου εισελθειν
mark;10;25;ευκοπωτερον εστιν καμηλον δια της τρυμαλιας της ραφιδος η πλουσιον εις την βασιλειαν του θεου εισελθειν
mark;10;26;οι δε περισσως εξεπλησσοντο λεγοντες προς εαυτους και τις δυναται σωθηναι
mark;10;27;εμβλεψας δε αυτοις ο ιησους λεγει παρα ανθρωποις αδυνατον αλλ ου παρα τω θεω παντα γαρ δυνατα εστιν παρα τω θεω
mark;10;28;και ηρξατο ο πετρος λεγειν αυτω ιδου ημεις αφηκαμεν παντα και ηκολουθησαμεν σοι
mark;10;29;αποκριθεις δε ο ιησους ειπεν αμην λεγω υμιν ουδεις εστιν ος αφηκεν οικιαν η αδελφους η αδελφας η πατερα η μητερα η γυναικα η τεκνα η αγρους ενεκεν εμου και του ευαγγελιου
mark;10;30;εαν μη λαβη εκατονταπλασιονα νυν εν τω καιρω τουτω οικιας και αδελφους και αδελφας και μητερας και τεκνα και αγρους μετα διωγμων και εν τω αιωνι τω ερχομενω ζωην αιωνιον
mark;10;31;πολλοι δε εσονται πρωτοι εσχατοι και οι εσχατοι πρωτοι
mark;10;32;ησαν δε εν τη οδω αναβαινοντες εις ιεροσολυμα και ην προαγων αυτους ο ιησους και εθαμβουντο και ακολουθουντες εφοβουντο και παραλαβων παλιν τους δωδεκα ηρξατο αυτοις λεγειν τα μελλοντα αυτω συμβαινειν
mark;10;33;οτι ιδου αναβαινομεν εις ιεροσολυμα και ο υιος του ανθρωπου παραδοθησεται τοις αρχιερευσιν και τοις γραμματευσιν και κατακρινουσιν αυτον θανατω και παραδωσουσιν αυτον τοις εθνεσιν
mark;10;34;και εμπαιξουσιν αυτω και μαστιγωσουσιν αυτον και εμπτυσουσιν αυτω και αποκτενουσιν αυτον και τη τριτη ημερα αναστησεται
mark;10;35;και προσπορευονται αυτω ιακωβος και ιωαννης οι υιοι ζεβεδαιου λεγοντες διδασκαλε θελομεν ινα ο εαν αιτησωμεν ποιησης ημιν
mark;10;36;ο δε ειπεν αυτοις τι θελετε ποιησαι με υμιν
mark;10;37;οι δε ειπον αυτω δος ημιν ινα εις εκ δεξιων σου και εις εξ ευωνυμων σου καθισωμεν εν τη δοξη σου
mark;10;38;ο δε ιησους ειπεν αυτοις ουκ οιδατε τι αιτεισθε δυνασθε πιειν το ποτηριον ο εγω πινω και το βαπτισμα ο εγω βαπτιζομαι βαπτισθηναι
mark;10;39;οι δε ειπον αυτω δυναμεθα ο δε ιησους ειπεν αυτοις το μεν ποτηριον ο εγω πινω πιεσθε και το βαπτισμα ο εγω βαπτιζομαι βαπτισθησεσθε
mark;10;40;το δε καθισαι εκ δεξιων μου και εξ ευωνυμων μου ουκ εστιν εμον δουναι αλλ οις ητοιμασται
mark;10;41;και ακουσαντες οι δεκα ηρξαντο αγανακτειν περι ιακωβου και ιωαννου
mark;10;42;ο δε ιησους προσκαλεσαμενος αυτους λεγει αυτοις οιδατε οτι οι δοκουντες αρχειν των εθνων κατακυριευουσιν αυτων και οι μεγαλοι αυτων κατεξουσιαζουσιν αυτων
mark;10;43;ουχ ουτως δε εσται εν υμιν αλλ ος εαν θελη γενεσθαι μεγας εν υμιν εσται διακονος υμων
mark;10;44;και ος αν θελη υμων γενεσθαι πρωτος εσται παντων δουλος
mark;10;45;και γαρ ο υιος του ανθρωπου ουκ ηλθεν διακονηθηναι αλλα διακονησαι και δουναι την ψυχην αυτου λυτρον αντι πολλων
mark;10;46;και ερχονται εις ιεριχω και εκπορευομενου αυτου απο ιεριχω και των μαθητων αυτου και οχλου ικανου υιος τιμαιου βαρτιμαιος ο τυφλος εκαθητο παρα την οδον προσαιτων
mark;10;47;και ακουσας οτι ιησους ο ναζωραιος εστιν ηρξατο κραζειν και λεγειν ο υιος δαβιδ ιησου ελεησον με
mark;10;48;και επετιμων αυτω πολλοι ινα σιωπηση ο δε πολλω μαλλον εκραζεν υιε δαβιδ ελεησον με
mark;10;49;και στας ο ιησους ειπεν αυτον φωνηθηναι και φωνουσιν τον τυφλον λεγοντες αυτω θαρσει εγειραι φωνει σε
mark;10;50;ο δε αποβαλων το ιματιον αυτου αναστας ηλθεν προς τον ιησουν
mark;10;51;και αποκριθεις λεγει αυτω ο ιησους τι θελεις ποιησω σοι ο δε τυφλος ειπεν αυτω ραββονι ινα αναβλεψω
mark;10;52;ο δε ιησους ειπεν αυτω υπαγε η πιστις σου σεσωκεν σε και ευθεως ανεβλεψεν και ηκολουθει τω ιησου εν τη οδω
mark;11;1;και οτε εγγιζουσιν εις ιερουσαλημ εις βηθφαγη και βηθανιαν προς το ορος των ελαιων αποστελλει δυο των μαθητων αυτου
mark;11;2;και λεγει αυτοις υπαγετε εις την κωμην την κατεναντι υμων και ευθεως εισπορευομενοι εις αυτην ευρησετε πωλον δεδεμενον εφ ον ουδεις ανθρωπων κεκαθικεν λυσαντες αυτον αγαγετε
mark;11;3;και εαν τις υμιν ειπη τι ποιειτε τουτο ειπατε οτι ο κυριος αυτου χρειαν εχει και ευθεως αυτον αποστελει ωδε
mark;11;4;απηλθον δε και ευρον τον πωλον δεδεμενον προς την θυραν εξω επι του αμφοδου και λυουσιν αυτον
mark;11;5;και τινες των εκει εστηκοτων ελεγον αυτοις τι ποιειτε λυοντες τον πωλον
mark;11;6;οι δε ειπον αυτοις καθως ενετειλατο ο ιησους και αφηκαν αυτους
mark;11;7;και ηγαγον τον πωλον προς τον ιησουν και επεβαλον αυτω τα ιματια αυτων και εκαθισεν επ αυτω
mark;11;8;πολλοι δε τα ιματια αυτων εστρωσαν εις την οδον αλλοι δε στοιβαδας εκοπτον εκ των δενδρων και εστρωννυον εις την οδον
mark;11;9;και οι προαγοντες και οι ακολουθουντες εκραζον λεγοντες ωσαννα ευλογημενος ο ερχομενος εν ονοματι κυριου
mark;11;10;ευλογημενη η ερχομενη βασιλεια εν ονοματι κυριου του πατρος ημων δαβιδ ωσαννα εν τοις υψιστοις
mark;11;11;και εισηλθεν εις ιεροσολυμα ο ιησους και εις το ιερον και περιβλεψαμενος παντα οψιας ηδη ουσης της ωρας εξηλθεν εις βηθανιαν μετα των δωδεκα
mark;11;12;και τη επαυριον εξελθοντων αυτων απο βηθανιας επεινασεν
mark;11;13;και ιδων συκην μακροθεν εχουσαν φυλλα ηλθεν ει αρα ευρησει τι εν αυτη και ελθων επ αυτην ουδεν ευρεν ει μη φυλλα ου γαρ ην καιρος συκων
mark;11;14;και αποκριθεις ο ιησους ειπεν αυτη μηκετι εκ σου εις τον αιωνα μηδεις καρπον φαγοι και ηκουον οι μαθηται αυτου
mark;11;15;και ερχονται εις ιεροσολυμα και εισελθων ο ιησους εις το ιερον ηρξατο εκβαλλειν τους πωλουντας και αγοραζοντας εν τω ιερω και τας τραπεζας των κολλυβιστων και τας καθεδρας των πωλουντων τας περιστερας κατεστρεψεν
mark;11;16;και ουκ ηφιεν ινα τις διενεγκη σκευος δια του ιερου
mark;11;17;και εδιδασκεν λεγων αυτοις ου γεγραπται οτι ο οικος μου οικος προσευχης κληθησεται πασιν τοις εθνεσιν υμεις δε εποιησατε αυτον σπηλαιον ληστων
mark;11;18;και ηκουσαν οι γραμματεις και οι αρχιερεις και εζητουν πως αυτον απολεσουσιν εφοβουντο γαρ αυτον οτι πας ο οχλος εξεπλησσετο επι τη διδαχη αυτου
mark;11;19;και οτε οψε εγενετο εξεπορευετο εξω της πολεως
mark;11;20;και πρωι παραπορευομενοι ειδον την συκην εξηραμμενην εκ ριζων
mark;11;21;και αναμνησθεις ο πετρος λεγει αυτω ραββι ιδε η συκη ην κατηρασω εξηρανται
mark;11;22;και αποκριθεις ιησους λεγει αυτοις εχετε πιστιν θεου
mark;11;23;αμην γαρ λεγω υμιν οτι ος αν ειπη τω ορει τουτω αρθητι και βληθητι εις την θαλασσαν και μη διακριθη εν τη καρδια αυτου αλλα πιστευση οτι α λεγει γινεται εσται αυτω ο εαν ειπη
mark;11;24;δια τουτο λεγω υμιν παντα οσα αν προσευχομενοι αιτεισθε πιστευετε οτι λαμβανετε και εσται υμιν
mark;11;25;και οταν στηκητε προσευχομενοι αφιετε ει τι εχετε κατα τινος ινα και ο πατηρ υμων ο εν τοις ουρανοις αφη υμιν τα παραπτωματα υμων
mark;11;26;ει δε υμεις ουκ αφιετε ουδε ο πατηρ υμων ο εν τοις ουρανοις αφησει τα παραπτωματα υμων
mark;11;27;και ερχονται παλιν εις ιεροσολυμα και εν τω ιερω περιπατουντος αυτου ερχονται προς αυτον οι αρχιερεις και οι γραμματεις και οι πρεσβυτεροι
mark;11;28;και λεγουσιν αυτω εν ποια εξουσια ταυτα ποιεις και τις σοι την εξουσιαν ταυτην εδωκεν ινα ταυτα ποιης
mark;11;29;ο δε ιησους αποκριθεις ειπεν αυτοις επερωτησω υμας καγω ενα λογον και αποκριθητε μοι και ερω υμιν εν ποια εξουσια ταυτα ποιω
mark;11;30;το βαπτισμα ιωαννου εξ ουρανου ην η εξ ανθρωπων αποκριθητε μοι
mark;11;31;και ελογιζοντο προς εαυτους λεγοντες εαν ειπωμεν εξ ουρανου ερει δια τι ουν ουκ επιστευσατε αυτω
mark;11;32;αλλ εαν ειπωμεν εξ ανθρωπων εφοβουντο τον λαον απαντες γαρ ειχον τον ιωαννην οτι οντως προφητης ην
mark;11;33;και αποκριθεντες λεγουσιν τω ιησου ουκ οιδαμεν και ο ιησους αποκριθεις λεγει αυτοις ουδε εγω λεγω υμιν εν ποια εξουσια ταυτα ποιω
mark;12;1;και ηρξατο αυτοις εν παραβολαις λεγειν αμπελωνα εφυτευσεν ανθρωπος και περιεθηκεν φραγμον και ωρυξεν υποληνιον και ωκοδομησεν πυργον και εξεδοτο αυτον γεωργοις και απεδημησεν
mark;12;2;και απεστειλεν προς τους γεωργους τω καιρω δουλον ινα παρα των γεωργων λαβη απο του καρπου του αμπελωνος
mark;12;3;οι δε λαβοντες αυτον εδειραν και απεστειλαν κενον
mark;12;4;και παλιν απεστειλεν προς αυτους αλλον δουλον κακεινον λιθοβολησαντες εκεφαλαιωσαν και απεστειλαν ητιμωμενον
mark;12;5;και παλιν αλλον απεστειλεν κακεινον απεκτειναν και πολλους αλλους τους μεν δεροντες τους δε αποκτεινοντες
mark;12;6;ετι ουν ενα υιον εχων αγαπητον αυτου απεστειλεν και αυτον προς αυτους εσχατον λεγων οτι εντραπησονται τον υιον μου
mark;12;7;εκεινοι δε οι γεωργοι ειπον προς εαυτους οτι ουτος εστιν ο κληρονομος δευτε αποκτεινωμεν αυτον και ημων εσται η κληρονομια
mark;12;8;και λαβοντες αυτον απεκτειναν και εξεβαλον εξω του αμπελωνος
mark;12;9;τι ουν ποιησει ο κυριος του αμπελωνος ελευσεται και απολεσει τους γεωργους και δωσει τον αμπελωνα αλλοις
mark;12;10;ουδε την γραφην ταυτην ανεγνωτε λιθον ον απεδοκιμασαν οι οικοδομουντες ουτος εγενηθη εις κεφαλην γωνιας
mark;12;11;παρα κυριου εγενετο αυτη και εστιν θαυμαστη εν οφθαλμοις ημων
mark;12;12;και εζητουν αυτον κρατησαι και εφοβηθησαν τον οχλον εγνωσαν γαρ οτι προς αυτους την παραβολην ειπεν και αφεντες αυτον απηλθον
mark;12;13;και αποστελλουσιν προς αυτον τινας των φαρισαιων και των ηρωδιανων ινα αυτον αγρευσωσιν λογω
mark;12;14;οι δε ελθοντες λεγουσιν αυτω διδασκαλε οιδαμεν οτι αληθης ει και ου μελει σοι περι ουδενος ου γαρ βλεπεις εις προσωπον ανθρωπων αλλ επ αληθειας την οδον του θεου διδασκεις εξεστιν κηνσον καισαρι δουναι η ου
mark;12;15;δωμεν η μη δωμεν ο δε ειδως αυτων την υποκρισιν ειπεν αυτοις τι με πειραζετε φερετε μοι δηναριον ινα ιδω
mark;12;16;οι δε ηνεγκαν και λεγει αυτοις τινος η εικων αυτη και η επιγραφη οι δε ειπον αυτω καισαρος
mark;12;17;και αποκριθεις ο ιησους ειπεν αυτοις αποδοτε τα καισαρος καισαρι και τα του θεου τω θεω και εθαυμασαν επ αυτω
mark;12;18;και ερχονται σαδδουκαιοι προς αυτον οιτινες λεγουσιν αναστασιν μη ειναι και επηρωτησαν αυτον λεγοντες
mark;12;19;διδασκαλε μωσης εγραψεν ημιν οτι εαν τινος αδελφος αποθανη και καταλιπη γυναικα και τεκνα μη αφη ινα λαβη ο αδελφος αυτου την γυναικα αυτου και εξαναστηση σπερμα τω αδελφω αυτου
mark;12;20;επτα αδελφοι ησαν και ο πρωτος ελαβεν γυναικα και αποθνησκων ουκ αφηκεν σπερμα
mark;12;21;και ο δευτερος ελαβεν αυτην και απεθανεν και ουδε αυτος αφηκεν σπερμα και ο τριτος ωσαυτως
mark;12;22;και ελαβον αυτην οι επτα και ουκ αφηκαν σπερμα εσχατη παντων απεθανεν και η γυνη
mark;12;23;εν τη ουν αναστασει οταν αναστωσιν τινος αυτων εσται γυνη οι γαρ επτα εσχον αυτην γυναικα
mark;12;24;και αποκριθεις ο ιησους ειπεν αυτοις ου δια τουτο πλανασθε μη ειδοτες τας γραφας μηδε την δυναμιν του θεου
mark;12;25;οταν γαρ εκ νεκρων αναστωσιν ουτε γαμουσιν ουτε γαμισκονται αλλ εισιν ως αγγελοι οι εν τοις ουρανοις
mark;12;26;περι δε των νεκρων οτι εγειρονται ουκ ανεγνωτε εν τη βιβλω μωσεως επι της βατου ως ειπεν αυτω ο θεος λεγων εγω ο θεος αβρααμ και ο θεος ισαακ και ο θεος ιακωβ
mark;12;27;ουκ εστιν ο θεος νεκρων αλλα θεος ζωντων υμεις ουν πολυ πλανασθε
mark;12;28;και προσελθων εις των γραμματεων ακουσας αυτων συζητουντων ειδως οτι καλως αυτοις απεκριθη επηρωτησεν αυτον ποια εστιν πρωτη πασων εντολη
mark;12;29;ο δε ιησους απεκριθη αυτω οτι πρωτη πασων των εντολων ακουε ισραηλ κυριος ο θεος ημων κυριος εις εστιν
mark;12;30;και αγαπησεις κυριον τον θεον σου εξ ολης της καρδιας σου και εξ ολης της ψυχης σου και εξ ολης της διανοιας σου και εξ ολης της ισχυος σου αυτη πρωτη εντολη
mark;12;31;και δευτερα ομοια αυτη αγαπησεις τον πλησιον σου ως σεαυτον μειζων τουτων αλλη εντολη ουκ εστιν
mark;12;32;και ειπεν αυτω ο γραμματευς καλως διδασκαλε επ αληθειας ειπας οτι εις εστιν θεος και ουκ εστιν αλλος πλην αυτου
mark;12;33;και το αγαπαν αυτον εξ ολης της καρδιας και εξ ολης της συνεσεως και εξ ολης της ψυχης και εξ ολης της ισχυος και το αγαπαν τον πλησιον ως εαυτον πλειον εστιν παντων των ολοκαυτωματων και των θυσιων
mark;12;34;και ο ιησους ιδων αυτον οτι νουνεχως απεκριθη ειπεν αυτω ου μακραν ει απο της βασιλειας του θεου και ουδεις ουκετι ετολμα αυτον επερωτησαι
mark;12;35;και αποκριθεις ο ιησους ελεγεν διδασκων εν τω ιερω πως λεγουσιν οι γραμματεις οτι ο χριστος υιος εστιν δαβιδ
mark;12;36;αυτος γαρ δαβιδ ειπεν εν τω πνευματι τω αγιω ειπεν ο κυριος τω κυριω μου καθου εκ δεξιων μου εως αν θω τους εχθρους σου υποποδιον των ποδων σου
mark;12;37;αυτος ουν δαβιδ λεγει αυτον κυριον και ποθεν υιος αυτου εστιν και ο πολυς οχλος ηκουεν αυτου ηδεως
mark;12;38;και ελεγεν αυτοις εν τη διδαχη αυτου βλεπετε απο των γραμματεων των θελοντων εν στολαις περιπατειν και ασπασμους εν ταις αγοραις
mark;12;39;και πρωτοκαθεδριας εν ταις συναγωγαις και πρωτοκλισιας εν τοις δειπνοις
mark;12;40;οι κατεσθιοντες τας οικιας των χηρων και προφασει μακρα προσευχομενοι ουτοι ληψονται περισσοτερον κριμα
mark;12;41;και καθισας ο ιησους κατεναντι του γαζοφυλακιου εθεωρει πως ο οχλος βαλλει χαλκον εις το γαζοφυλακιον και πολλοι πλουσιοι εβαλλον πολλα
mark;12;42;και ελθουσα μια χηρα πτωχη εβαλεν λεπτα δυο ο εστιν κοδραντης
mark;12;43;και προσκαλεσαμενος τους μαθητας αυτου λεγει αυτοις αμην λεγω υμιν οτι η χηρα αυτη η πτωχη πλειον παντων βεβληκεν των βαλοντων εις το γαζοφυλακιον
mark;12;44;παντες γαρ εκ του περισσευοντος αυτοις εβαλον αυτη δε εκ της υστερησεως αυτης παντα οσα ειχεν εβαλεν ολον τον βιον αυτης
mark;13;1;και εκπορευομενου αυτου εκ του ιερου λεγει αυτω εις των μαθητων αυτου διδασκαλε ιδε ποταποι λιθοι και ποταπαι οικοδομαι
mark;13;2;και ο ιησους αποκριθεις ειπεν αυτω βλεπεις ταυτας τας μεγαλας οικοδομας ου μη αφεθη λιθος επι λιθω ος ου μη καταλυθη
mark;13;3;και καθημενου αυτου εις το ορος των ελαιων κατεναντι του ιερου επηρωτων αυτον κατ ιδιαν πετρος και ιακωβος και ιωαννης και ανδρεας
mark;13;4;ειπε ημιν ποτε ταυτα εσται και τι το σημειον οταν μελλη παντα ταυτα συντελεισθαι
mark;13;5;ο δε ιησους αποκριθεις αυτοις ηρξατο λεγειν βλεπετε μη τις υμας πλανηση
mark;13;6;πολλοι γαρ ελευσονται επι τω ονοματι μου λεγοντες οτι εγω ειμι και πολλους πλανησουσιν
mark;13;7;οταν δε ακουσητε πολεμους και ακοας πολεμων μη θροεισθε δει γαρ γενεσθαι αλλ ουπω το τελος
mark;13;8;εγερθησεται γαρ εθνος επι εθνος και βασιλεια επι βασιλειαν και εσονται σεισμοι κατα τοπους και εσονται λιμοι και ταραχαι αρχαι ωδινων ταυτα
mark;13;9;βλεπετε δε υμεις εαυτους παραδωσουσιν γαρ υμας εις συνεδρια και εις συναγωγας δαρησεσθε και επι ηγεμονων και βασιλεων ενεκεν εμου εις μαρτυριον αυτοις
mark;13;10;και εις παντα τα εθνη δει πρωτον κηρυχθηναι το ευαγγελιον
mark;13;11;οταν δε αγαγωσιν υμας παραδιδοντες μη προμεριμνατε τι λαλησητε μηδε μελετατε αλλ ο εαν δοθη υμιν εν εκεινη τη ωρα τουτο λαλειτε ου γαρ εστε υμεις οι λαλουντες αλλα το πνευμα το αγιον
mark;13;12;παραδωσει δε αδελφος αδελφον εις θανατον και πατηρ τεκνον και επαναστησονται τεκνα επι γονεις και θανατωσουσιν αυτους
mark;13;13;και εσεσθε μισουμενοι υπο παντων δια το ονομα μου ο δε υπομεινας εις τελος ουτος σωθησεται
mark;13;14;οταν δε ιδητε το βδελυγμα της ερημωσεως το ρηθεν υπο δανιηλ του προφητου οπου ου δει ο αναγινωσκων νοειτω τοτε οι εν τη ιουδαια φευγετωσαν εις τα ορη
mark;13;15;ο δε επι του δωματος μη καταβατω εις την οικιαν μηδε εισελθετω αραι τι εκ της οικιας αυτου
mark;13;16;και ο εις τον αγρον ων μη επιστρεψατω εις τα οπισω αραι το ιματιον αυτου
mark;13;17;ουαι δε ταις εν γαστρι εχουσαις και ταις θηλαζουσαις εν εκειναις ταις ημεραις
mark;13;18;προσευχεσθε δε ινα μη γενηται η φυγη υμων χειμωνος
mark;13;19;εσονται γαρ αι ημεραι εκειναι θλιψις οια ου γεγονεν τοιαυτη απ αρχης κτισεως ης εκτισεν ο θεος εως του νυν και ου μη γενηται
mark;13;20;και ει μη κυριος εκολοβωσεν τας ημερας ουκ αν εσωθη πασα σαρξ αλλα δια τους εκλεκτους ους εξελεξατο εκολοβωσεν τας ημερας
mark;13;21;και τοτε εαν τις υμιν ειπη ιδου ωδε ο χριστος η ιδου εκει μη πιστευσητε
mark;13;22;εγερθησονται γαρ ψευδοχριστοι και ψευδοπροφηται και δωσουσιν σημεια και τερατα προς το αποπλαναν ει δυνατον και τους εκλεκτους
mark;13;23;υμεις δε βλεπετε ιδου προειρηκα υμιν παντα
mark;13;24;αλλ εν εκειναις ταις ημεραις μετα την θλιψιν εκεινην ο ηλιος σκοτισθησεται και η σεληνη ου δωσει το φεγγος αυτης
mark;13;25;και οι αστερες του ουρανου εσονται εκπιπτοντες και αι δυναμεις αι εν τοις ουρανοις σαλευθησονται
mark;13;26;και τοτε οψονται τον υιον του ανθρωπου ερχομενον εν νεφελαις μετα δυναμεως πολλης και δοξης
mark;13;27;και τοτε αποστελει τους αγγελους αυτου και επισυναξει τους εκλεκτους αυτου εκ των τεσσαρων ανεμων απ ακρου γης εως ακρου ουρανου
mark;13;28;απο δε της συκης μαθετε την παραβολην οταν αυτης ηδη ο κλαδος απαλος γενηται και εκφυη τα φυλλα γινωσκετε οτι εγγυς το θερος εστιν
mark;13;29;ουτως και υμεις οταν ταυτα ιδητε γινομενα γινωσκετε οτι εγγυς εστιν επι θυραις
mark;13;30;αμην λεγω υμιν οτι ου μη παρελθη η γενεα αυτη μεχρις ου παντα ταυτα γενηται
mark;13;31;ο ουρανος και η γη παρελευσονται οι δε λογοι μου ου μη παρελθωσιν
mark;13;32;περι δε της ημερας εκεινης και της ωρας ουδεις οιδεν ουδε οι αγγελοι οι εν ουρανω ουδε ο υιος ει μη ο πατηρ
mark;13;33;βλεπετε αγρυπνειτε και προσευχεσθε ουκ οιδατε γαρ ποτε ο καιρος εστιν
mark;13;34;ως ανθρωπος αποδημος αφεις την οικιαν αυτου και δους τοις δουλοις αυτου την εξουσιαν και εκαστω το εργον αυτου και τω θυρωρω ενετειλατο ινα γρηγορη
mark;13;35;γρηγορειτε ουν ουκ οιδατε γαρ ποτε ο κυριος της οικιας ερχεται οψε η μεσονυκτιου η αλεκτοροφωνιας η πρωι
mark;13;36;μη ελθων εξαιφνης ευρη υμας καθευδοντας
mark;13;37;α δε υμιν λεγω πασιν λεγω γρηγορειτε
mark;14;1;ην δε το πασχα και τα αζυμα μετα δυο ημερας και εζητουν οι αρχιερεις και οι γραμματεις πως αυτον εν δολω κρατησαντες αποκτεινωσιν
mark;14;2;ελεγον δε μη εν τη εορτη μηποτε θορυβος εσται του λαου
mark;14;3;και οντος αυτου εν βηθανια εν τη οικια σιμωνος του λεπρου κατακειμενου αυτου ηλθεν γυνη εχουσα αλαβαστρον μυρου ναρδου πιστικης πολυτελους και συντριψασα το αλαβαστρον κατεχεεν αυτου κατα της κεφαλης
mark;14;4;ησαν δε τινες αγανακτουντες προς εαυτους και λεγοντες εις τι η απωλεια αυτη του μυρου γεγονεν
mark;14;5;ηδυνατο γαρ τουτο πραθηναι επανω τριακοσιων δηναριων και δοθηναι τοις πτωχοις και ενεβριμωντο αυτη
mark;14;6;ο δε ιησους ειπεν αφετε αυτην τι αυτη κοπους παρεχετε καλον εργον ειργασατο εις εμε
mark;14;7;παντοτε γαρ τους πτωχους εχετε μεθ εαυτων και οταν θελητε δυνασθε αυτους ευ ποιησαι εμε δε ου παντοτε εχετε
mark;14;8;ο ειχεν αυτη εποιησεν προελαβεν μυρισαι μου το σωμα εις τον ενταφιασμον
mark;14;9;αμην λεγω υμιν οπου αν κηρυχθη το ευαγγελιον τουτο εις ολον τον κοσμον και ο εποιησεν αυτη λαληθησεται εις μνημοσυνον αυτης
mark;14;10;και ο ιουδας ο ισκαριωτης εις των δωδεκα απηλθεν προς τους αρχιερεις ινα παραδω αυτον αυτοις
mark;14;11;οι δε ακουσαντες εχαρησαν και επηγγειλαντο αυτω αργυριον δουναι και εζητει πως ευκαιρως αυτον παραδω
mark;14;12;και τη πρωτη ημερα των αζυμων οτε το πασχα εθυον λεγουσιν αυτω οι μαθηται αυτου που θελεις απελθοντες ετοιμασωμεν ινα φαγης το πασχα
mark;14;13;και αποστελλει δυο των μαθητων αυτου και λεγει αυτοις υπαγετε εις την πολιν και απαντησει υμιν ανθρωπος κεραμιον υδατος βασταζων ακολουθησατε αυτω
mark;14;14;και οπου εαν εισελθη ειπατε τω οικοδεσποτη οτι ο διδασκαλος λεγει που εστιν το καταλυμα οπου το πασχα μετα των μαθητων μου φαγω
mark;14;15;και αυτος υμιν δειξει ανωγεον μεγα εστρωμενον ετοιμον εκει ετοιμασατε ημιν
mark;14;16;και εξηλθον οι μαθηται αυτου και ηλθον εις την πολιν και ευρον καθως ειπεν αυτοις και ητοιμασαν το πασχα
mark;14;17;και οψιας γενομενης ερχεται μετα των δωδεκα
mark;14;18;και ανακειμενων αυτων και εσθιοντων ειπεν ο ιησους αμην λεγω υμιν οτι εις εξ υμων παραδωσει με ο εσθιων μετ εμου
mark;14;19;οι δε ηρξαντο λυπεισθαι και λεγειν αυτω εις καθ εις μητι εγω και αλλος μητι εγω
mark;14;20;ο δε αποκριθεις ειπεν αυτοις εις εκ των δωδεκα ο εμβαπτομενος μετ εμου εις το τρυβλιον
mark;14;21;ο μεν υιος του ανθρωπου υπαγει καθως γεγραπται περι αυτου ουαι δε τω ανθρωπω εκεινω δι ου ο υιος του ανθρωπου παραδιδοται καλον ην αυτω ει ουκ εγεννηθη ο ανθρωπος εκεινος
mark;14;22;και εσθιοντων αυτων λαβων ο ιησους αρτον ευλογησας εκλασεν και εδωκεν αυτοις και ειπεν λαβετε φαγετε τουτο εστιν το σωμα μου
mark;14;23;και λαβων το ποτηριον ευχαριστησας εδωκεν αυτοις και επιον εξ αυτου παντες
mark;14;24;και ειπεν αυτοις τουτο εστιν το αιμα μου το της καινης διαθηκης το περι πολλων εκχυνομενον
mark;14;25;αμην λεγω υμιν οτι ουκετι ου μη πιω εκ του γεννηματος της αμπελου εως της ημερας εκεινης οταν αυτο πινω καινον εν τη βασιλεια του θεου
mark;14;26;και υμνησαντες εξηλθον εις το ορος των ελαιων
mark;14;27;και λεγει αυτοις ο ιησους οτι παντες σκανδαλισθησεσθε εν εμοι εν τη νυκτι ταυτη οτι γεγραπται παταξω τον ποιμενα και διασκορπισθησεται τα προβατα
mark;14;28;αλλα μετα το εγερθηναι με προαξω υμας εις την γαλιλαιαν
mark;14;29;ο δε πετρος εφη αυτω και ει παντες σκανδαλισθησονται αλλ ουκ εγω
mark;14;30;και λεγει αυτω ο ιησους αμην λεγω σοι οτι σημερον εν τη νυκτι ταυτη πριν η δις αλεκτορα φωνησαι τρις απαρνηση με
mark;14;31;ο δε εκ περισσου ελεγεν μαλλον εαν με δεη συναποθανειν σοι ου μη σε απαρνησομαι ωσαυτως δε και παντες ελεγον
mark;14;32;και ερχονται εις χωριον ου το ονομα γεθσημανη και λεγει τοις μαθηταις αυτου καθισατε ωδε εως προσευξωμαι
mark;14;33;και παραλαμβανει τον πετρον και τον ιακωβον και ιωαννην μεθ εαυτου και ηρξατο εκθαμβεισθαι και αδημονειν
mark;14;34;και λεγει αυτοις περιλυπος εστιν η ψυχη μου εως θανατου μεινατε ωδε και γρηγορειτε
mark;14;35;και προελθων μικρον επεσεν επι της γης και προσηυχετο ινα ει δυνατον εστιν παρελθη απ αυτου η ωρα
mark;14;36;και ελεγεν αββα ο πατηρ παντα δυνατα σοι παρενεγκε το ποτηριον απ εμου τουτο αλλ ου τι εγω θελω αλλα τι συ
mark;14;37;και ερχεται και ευρισκει αυτους καθευδοντας και λεγει τω πετρω σιμων καθευδεις ουκ ισχυσας μιαν ωραν γρηγορησαι
mark;14;38;γρηγορειτε και προσευχεσθε ινα μη εισελθητε εις πειρασμον το μεν πνευμα προθυμον η δε σαρξ ασθενης
mark;14;39;και παλιν απελθων προσηυξατο τον αυτον λογον ειπων
mark;14;40;και υποστρεψας ευρεν αυτους παλιν καθευδοντας ησαν γαρ οι οφθαλμοι αυτων βεβαρημενοι και ουκ ηδεισαν τι αυτω αποκριθωσιν
mark;14;41;και ερχεται το τριτον και λεγει αυτοις καθευδετε το λοιπον και αναπαυεσθε απεχει ηλθεν η ωρα ιδου παραδιδοται ο υιος του ανθρωπου εις τας χειρας των αμαρτωλων
mark;14;42;εγειρεσθε αγωμεν ιδου ο παραδιδους με ηγγικεν
mark;14;43;και ευθεως ετι αυτου λαλουντος παραγινεται ιουδας εις ων των δωδεκα και μετ αυτου οχλος πολυς μετα μαχαιρων και ξυλων παρα των αρχιερεων και των γραμματεων και των πρεσβυτερων
mark;14;44;δεδωκει δε ο παραδιδους αυτον συσσημον αυτοις λεγων ον αν φιλησω αυτος εστιν κρατησατε αυτον και απαγαγετε ασφαλως
mark;14;45;και ελθων ευθεως προσελθων αυτω λεγει ραββι ραββι και κατεφιλησεν αυτον
mark;14;46;οι δε επεβαλον επ αυτον τας χειρας αυτων και εκρατησαν αυτον
mark;14;47;εις δε τις των παρεστηκοτων σπασαμενος την μαχαιραν επαισεν τον δουλον του αρχιερεως και αφειλεν αυτου το ωτιον
mark;14;48;και αποκριθεις ο ιησους ειπεν αυτοις ως επι ληστην εξηλθετε μετα μαχαιρων και ξυλων συλλαβειν με
mark;14;49;καθ ημεραν ημην προς υμας εν τω ιερω διδασκων και ουκ εκρατησατε με αλλ ινα πληρωθωσιν αι γραφαι
mark;14;50;και αφεντες αυτον παντες εφυγον
mark;14;51;και εις τις νεανισκος ηκολουθει αυτω περιβεβλημενος σινδονα επι γυμνου και κρατουσιν αυτον οι νεανισκοι
mark;14;52;ο δε καταλιπων την σινδονα γυμνος εφυγεν απ αυτων
mark;14;53;και απηγαγον τον ιησουν προς τον αρχιερεα και συνερχονται αυτω παντες οι αρχιερεις και οι πρεσβυτεροι και οι γραμματεις
mark;14;54;και ο πετρος απο μακροθεν ηκολουθησεν αυτω εως εσω εις την αυλην του αρχιερεως και ην συγκαθημενος μετα των υπηρετων και θερμαινομενος προς το φως
mark;14;55;οι δε αρχιερεις και ολον το συνεδριον εζητουν κατα του ιησου μαρτυριαν εις το θανατωσαι αυτον και ουχ ευρισκον
mark;14;56;πολλοι γαρ εψευδομαρτυρουν κατ αυτου και ισαι αι μαρτυριαι ουκ ησαν
mark;14;57;και τινες ανασταντες εψευδομαρτυρουν κατ αυτου λεγοντες
mark;14;58;οτι ημεις ηκουσαμεν αυτου λεγοντος οτι εγω καταλυσω τον ναον τουτον τον χειροποιητον και δια τριων ημερων αλλον αχειροποιητον οικοδομησω
mark;14;59;και ουδε ουτως ιση ην η μαρτυρια αυτων
mark;14;60;και αναστας ο αρχιερευς εις το μεσον επηρωτησεν τον ιησουν λεγων ουκ αποκρινη ουδεν τι ουτοι σου καταμαρτυρουσιν
mark;14;61;ο δε εσιωπα και ουδεν απεκρινατο παλιν ο αρχιερευς επηρωτα αυτον και λεγει αυτω συ ει ο χριστος ο υιος του ευλογητου
mark;14;62;ο δε ιησους ειπεν εγω ειμι και οψεσθε τον υιον του ανθρωπου καθημενον εκ δεξιων της δυναμεως και ερχομενον μετα των νεφελων του ουρανου
mark;14;63;ο δε αρχιερευς διαρρηξας τους χιτωνας αυτου λεγει τι ετι χρειαν εχομεν μαρτυρων
mark;14;64;ηκουσατε της βλασφημιας τι υμιν φαινεται οι δε παντες κατεκριναν αυτον ειναι ενοχον θανατου
mark;14;65;και ηρξαντο τινες εμπτυειν αυτω και περικαλυπτειν το προσωπον αυτου και κολαφιζειν αυτον και λεγειν αυτω προφητευσον και οι υπηρεται ραπισμασιν αυτον εβαλλον
mark;14;66;και οντος του πετρου εν τη αυλη κατω ερχεται μια των παιδισκων του αρχιερεως
mark;14;67;και ιδουσα τον πετρον θερμαινομενον εμβλεψασα αυτω λεγει και συ μετα του ναζαρηνου ιησου ησθα
mark;14;68;ο δε ηρνησατο λεγων ουκ οιδα ουδε επισταμαι τι συ λεγεις και εξηλθεν εξω εις το προαυλιον και αλεκτωρ εφωνησεν
mark;14;69;και η παιδισκη ιδουσα αυτον παλιν ηρξατο λεγειν τοις παρεστηκοσιν οτι ουτος εξ αυτων εστιν
mark;14;70;ο δε παλιν ηρνειτο και μετα μικρον παλιν οι παρεστωτες ελεγον τω πετρω αληθως εξ αυτων ει και γαρ γαλιλαιος ει και η λαλια σου ομοιαζει
mark;14;71;ο δε ηρξατο αναθεματιζειν και ομνυειν οτι ουκ οιδα τον ανθρωπον τουτον ον λεγετε
mark;14;72;και εκ δευτερου αλεκτωρ εφωνησεν και ανεμνησθη ο πετρος του ρηματος ου ειπεν αυτω ο ιησους οτι πριν αλεκτορα φωνησαι δις απαρνηση με τρις και επιβαλων εκλαιεν
mark;15;1;και ευθεως επι το πρωι συμβουλιον ποιησαντες οι αρχιερεις μετα των πρεσβυτερων και γραμματεων και ολον το συνεδριον δησαντες τον ιησουν απηνεγκαν και παρεδωκαν τω πιλατω
mark;15;2;και επηρωτησεν αυτον ο πιλατος συ ει ο βασιλευς των ιουδαιων ο δε αποκριθεις ειπεν αυτω συ λεγεις
mark;15;3;και κατηγορουν αυτου οι αρχιερεις πολλα
mark;15;4;ο δε πιλατος παλιν επηρωτησεν αυτον λεγων ουκ αποκρινη ουδεν ιδε ποσα σου καταμαρτυρουσιν
mark;15;5;ο δε ιησους ουκετι ουδεν απεκριθη ωστε θαυμαζειν τον πιλατον
mark;15;6;κατα δε εορτην απελυεν αυτοις ενα δεσμιον ονπερ ητουντο
mark;15;7;ην δε ο λεγομενος βαραββας μετα των συστασιαστων δεδεμενος οιτινες εν τη στασει φονον πεποιηκεισαν
mark;15;8;και αναβοησας ο οχλος ηρξατο αιτεισθαι καθως αει εποιει αυτοις
mark;15;9;ο δε πιλατος απεκριθη αυτοις λεγων θελετε απολυσω υμιν τον βασιλεα των ιουδαιων
mark;15;10;εγινωσκεν γαρ οτι δια φθονον παραδεδωκεισαν αυτον οι αρχιερεις
mark;15;11;οι δε αρχιερεις ανεσεισαν τον οχλον ινα μαλλον τον βαραββαν απολυση αυτοις
mark;15;12;ο δε πιλατος αποκριθεις παλιν ειπεν αυτοις τι ουν θελετε ποιησω ον λεγετε βασιλεα των ιουδαιων
mark;15;13;οι δε παλιν εκραξαν σταυρωσον αυτον
mark;15;14;ο δε πιλατος ελεγεν αυτοις τι γαρ κακον εποιησεν οι δε περισσοτερως εκραξαν σταυρωσον αυτον
mark;15;15;ο δε πιλατος βουλομενος τω οχλω το ικανον ποιησαι απελυσεν αυτοις τον βαραββαν και παρεδωκεν τον ιησουν φραγελλωσας ινα σταυρωθη
mark;15;16;οι δε στρατιωται απηγαγον αυτον εσω της αυλης ο εστιν πραιτωριον και συγκαλουσιν ολην την σπειραν
mark;15;17;και ενδυουσιν αυτον πορφυραν και περιτιθεασιν αυτω πλεξαντες ακανθινον στεφανον
mark;15;18;και ηρξαντο ασπαζεσθαι αυτον χαιρε βασιλευ των ιουδαιων
mark;15;19;και ετυπτον αυτου την κεφαλην καλαμω και ενεπτυον αυτω και τιθεντες τα γονατα προσεκυνουν αυτω
mark;15;20;και οτε ενεπαιξαν αυτω εξεδυσαν αυτον την πορφυραν και ενεδυσαν αυτον τα ιματια τα ιδια και εξαγουσιν αυτον ινα σταυρωσωσιν αυτον
mark;15;21;και αγγαρευουσιν παραγοντα τινα σιμωνα κυρηναιον ερχομενον απ αγρου τον πατερα αλεξανδρου και ρουφου ινα αρη τον σταυρον αυτου
mark;15;22;και φερουσιν αυτον επι γολγοθα τοπον ο εστιν μεθερμηνευομενον κρανιου τοπος
mark;15;23;και εδιδουν αυτω πιειν εσμυρνισμενον οινον ο δε ουκ ελαβεν
mark;15;24;και σταυρωσαντες αυτον διεμεριζον τα ιματια αυτου βαλλοντες κληρον επ αυτα τις τι αρη
mark;15;25;ην δε ωρα τριτη και εσταυρωσαν αυτον
mark;15;26;και ην η επιγραφη της αιτιας αυτου επιγεγραμμενη ο βασιλευς των ιουδαιων
mark;15;27;και συν αυτω σταυρουσιν δυο ληστας ενα εκ δεξιων και ενα εξ ευωνυμων αυτου
mark;15;28;και επληρωθη η γραφη η λεγουσα και μετα ανομων ελογισθη
mark;15;29;και οι παραπορευομενοι εβλασφημουν αυτον κινουντες τας κεφαλας αυτων και λεγοντες ουα ο καταλυων τον ναον και εν τρισιν ημεραις οικοδομων
mark;15;30;σωσον σεαυτον και καταβα απο του σταυρου
mark;15;31;ομοιως δε και οι αρχιερεις εμπαιζοντες προς αλληλους μετα των γραμματεων ελεγον αλλους εσωσεν εαυτον ου δυναται σωσαι
mark;15;32;ο χριστος ο βασιλευς του ισραηλ καταβατω νυν απο του σταυρου ινα ιδωμεν και πιστευσωμεν και οι συνεσταυρωμενοι αυτω ωνειδιζον αυτον
mark;15;33;γενομενης δε ωρας εκτης σκοτος εγενετο εφ ολην την γην εως ωρας εννατης
mark;15;34;και τη ωρα τη εννατη εβοησεν ο ιησους φωνη μεγαλη λεγων ελωι ελωι λαμμα σαβαχθανι ο εστιν μεθερμηνευομενον ο θεος μου ο θεος μου εις τι με εγκατελιπες
mark;15;35;και τινες των παρεστηκοτων ακουσαντες ελεγον ιδου ηλιαν φωνει
mark;15;36;δραμων δε εις και γεμισας σπογγον οξους περιθεις τε καλαμω εποτιζεν αυτον λεγων αφετε ιδωμεν ει ερχεται ηλιας καθελειν αυτον
mark;15;37;ο δε ιησους αφεις φωνην μεγαλην εξεπνευσεν
mark;15;38;και το καταπετασμα του ναου εσχισθη εις δυο απο ανωθεν εως κατω
mark;15;39;ιδων δε ο κεντυριων ο παρεστηκως εξ εναντιας αυτου οτι ουτως κραξας εξεπνευσεν ειπεν αληθως ο ανθρωπος ουτος υιος ην θεου
mark;15;40;ησαν δε και γυναικες απο μακροθεν θεωρουσαι εν αις ην και μαρια η μαγδαληνη και μαρια η του ιακωβου του μικρου και ιωση μητηρ και σαλωμη
mark;15;41;αι και οτε ην εν τη γαλιλαια ηκολουθουν αυτω και διηκονουν αυτω και αλλαι πολλαι αι συναναβασαι αυτω εις ιεροσολυμα
mark;15;42;και ηδη οψιας γενομενης επει ην παρασκευη ο εστιν προσαββατον
mark;15;43;ηλθεν ιωσηφ ο απο αριμαθαιας ευσχημων βουλευτης ος και αυτος ην προσδεχομενος την βασιλειαν του θεου τολμησας εισηλθεν προς πιλατον και ητησατο το σωμα του ιησου
mark;15;44;ο δε πιλατος εθαυμασεν ει ηδη τεθνηκεν και προσκαλεσαμενος τον κεντυριωνα επηρωτησεν αυτον ει παλαι απεθανεν
mark;15;45;και γνους απο του κεντυριωνος εδωρησατο το σωμα τω ιωσηφ
mark;15;46;και αγορασας σινδονα και καθελων αυτον ενειλησεν τη σινδονι και κατεθηκεν αυτον εν μνημειω ο ην λελατομημενον εκ πετρας και προσεκυλισεν λιθον επι την θυραν του μνημειου
mark;15;47;η δε μαρια η μαγδαληνη και μαρια ιωση εθεωρουν που τιθεται
mark;16;1;και διαγενομενου του σαββατου μαρια η μαγδαληνη και μαρια η του ιακωβου και σαλωμη ηγορασαν αρωματα ινα ελθουσαι αλειψωσιν αυτον
mark;16;2;και λιαν πρωι της μιας σαββατων ερχονται επι το μνημειον ανατειλαντος του ηλιου
mark;16;3;και ελεγον προς εαυτας τις αποκυλισει ημιν τον λιθον εκ της θυρας του μνημειου
mark;16;4;και αναβλεψασαι θεωρουσιν οτι αποκεκυλισται ο λιθος ην γαρ μεγας σφοδρα
mark;16;5;και εισελθουσαι εις το μνημειον ειδον νεανισκον καθημενον εν τοις δεξιοις περιβεβλημενον στολην λευκην και εξεθαμβηθησαν
mark;16;6;ο δε λεγει αυταις μη εκθαμβεισθε ιησουν ζητειτε τον ναζαρηνον τον εσταυρωμενον ηγερθη ουκ εστιν ωδε ιδε ο τοπος οπου εθηκαν αυτον
mark;16;7;αλλ υπαγετε ειπατε τοις μαθηταις αυτου και τω πετρω οτι προαγει υμας εις την γαλιλαιαν εκει αυτον οψεσθε καθως ειπεν υμιν
mark;16;8;και εξελθουσαι ταχυ εφυγον απο του μνημειου ειχεν δε αυτας τρομος και εκστασις και ουδενι ουδεν ειπον εφοβουντο γαρ
mark;16;9;αναστας δε πρωι πρωτη σαββατου εφανη πρωτον μαρια τη μαγδαληνη αφ ης εκβεβληκει επτα δαιμονια
mark;16;10;εκεινη πορευθεισα απηγγειλεν τοις μετ αυτου γενομενοις πενθουσιν και κλαιουσιν
mark;16;11;κακεινοι ακουσαντες οτι ζη και εθεαθη υπ αυτης ηπιστησαν
mark;16;12;μετα δε ταυτα δυσιν εξ αυτων περιπατουσιν εφανερωθη εν ετερα μορφη πορευομενοις εις αγρον
mark;16;13;κακεινοι απελθοντες απηγγειλαν τοις λοιποις ουδε εκεινοις επιστευσαν
mark;16;14;υστερον ανακειμενοις αυτοις τοις ενδεκα εφανερωθη και ωνειδισεν την απιστιαν αυτων και σκληροκαρδιαν οτι τοις θεασαμενοις αυτον εγηγερμενον ουκ επιστευσαν
mark;16;15;και ειπεν αυτοις πορευθεντες εις τον κοσμον απαντα κηρυξατε το ευαγγελιον παση τη κτισει
mark;16;16;ο πιστευσας και βαπτισθεις σωθησεται ο δε απιστησας κατακριθησεται
mark;16;17;σημεια δε τοις πιστευσασιν ταυτα παρακολουθησει εν τω ονοματι μου δαιμονια εκβαλουσιν γλωσσαις λαλησουσιν καιναις
mark;16;18;οφεις αρουσιν καν θανασιμον τι πιωσιν ου μη αυτους βλαψει επι αρρωστους χειρας επιθησουσιν και καλως εξουσιν
mark;16;19;ο μεν ουν κυριος μετα το λαλησαι αυτοις ανεληφθη εις τον ουρανον και εκαθισεν εκ δεξιων του θεου
mark;16;20;εκεινοι δε εξελθοντες εκηρυξαν πανταχου του κυριου συνεργουντος και τον λογον βεβαιουντος δια των επακολουθουντων σημειων αμην
luke;1;1;επειδηπερ πολλοι επεχειρησαν αναταξασθαι διηγησιν περι των πεπληροφορημενων εν ημιν πραγματων
luke;1;2;καθως παρεδοσαν ημιν οι απ αρχης αυτοπται και υπηρεται γενομενοι του λογου
luke;1;3;εδοξεν καμοι παρηκολουθηκοτι ανωθεν πασιν ακριβως καθεξης σοι γραψαι κρατιστε θεοφιλε
luke;1;4;ινα επιγνως περι ων κατηχηθης λογων την ασφαλειαν
luke;1;5;εγενετο εν ταις ημεραις ηρωδου του βασιλεως της ιουδαιας ιερευς τις ονοματι ζαχαριας εξ εφημεριας αβια και η γυνη αυτου εκ των θυγατερων ααρων και το ονομα αυτης ελισαβετ
luke;1;6;ησαν δε δικαιοι αμφοτεροι ενωπιον του θεου πορευομενοι εν πασαις ταις εντολαις και δικαιωμασιν του κυριου αμεμπτοι
luke;1;7;και ουκ ην αυτοις τεκνον καθοτι η ελισαβετ ην στειρα και αμφοτεροι προβεβηκοτες εν ταις ημεραις αυτων ησαν
luke;1;8;εγενετο δε εν τω ιερατευειν αυτον εν τη ταξει της εφημεριας αυτου εναντι του θεου
luke;1;9;κατα το εθος της ιερατειας ελαχεν του θυμιασαι εισελθων εις τον ναον του κυριου
luke;1;10;και παν το πληθος του λαου ην προσευχομενον εξω τη ωρα του θυμιαματος
luke;1;11;ωφθη δε αυτω αγγελος κυριου εστως εκ δεξιων του θυσιαστηριου του θυμιαματος
luke;1;12;και εταραχθη ζαχαριας ιδων και φοβος επεπεσεν επ αυτον
luke;1;13;ειπεν δε προς αυτον ο αγγελος μη φοβου ζαχαρια διοτι εισηκουσθη η δεησις σου και η γυνη σου ελισαβετ γεννησει υιον σοι και καλεσεις το ονομα αυτου ιωαννην
luke;1;14;και εσται χαρα σοι και αγαλλιασις και πολλοι επι τη γεννησει αυτου χαρησονται
luke;1;15;εσται γαρ μεγας ενωπιον του κυριου και οινον και σικερα ου μη πιη και πνευματος αγιου πλησθησεται ετι εκ κοιλιας μητρος αυτου
luke;1;16;και πολλους των υιων ισραηλ επιστρεψει επι κυριον τον θεον αυτων
luke;1;17;και αυτος προελευσεται ενωπιον αυτου εν πνευματι και δυναμει ηλιου επιστρεψαι καρδιας πατερων επι τεκνα και απειθεις εν φρονησει δικαιων ετοιμασαι κυριω λαον κατεσκευασμενον
luke;1;18;και ειπεν ζαχαριας προς τον αγγελον κατα τι γνωσομαι τουτο εγω γαρ ειμι πρεσβυτης και η γυνη μου προβεβηκυια εν ταις ημεραις αυτης
luke;1;19;και αποκριθεις ο αγγελος ειπεν αυτω εγω ειμι γαβριηλ ο παρεστηκως ενωπιον του θεου και απεσταλην λαλησαι προς σε και ευαγγελισασθαι σοι ταυτα
luke;1;20;και ιδου εση σιωπων και μη δυναμενος λαλησαι αχρι ης ημερας γενηται ταυτα ανθ ων ουκ επιστευσας τοις λογοις μου οιτινες πληρωθησονται εις τον καιρον αυτων
luke;1;21;και ην ο λαος προσδοκων τον ζαχαριαν και εθαυμαζον εν τω χρονιζειν αυτον εν τω ναω
luke;1;22;εξελθων δε ουκ ηδυνατο λαλησαι αυτοις και επεγνωσαν οτι οπτασιαν εωρακεν εν τω ναω και αυτος ην διανευων αυτοις και διεμενεν κωφος
luke;1;23;και εγενετο ως επλησθησαν αι ημεραι της λειτουργιας αυτου απηλθεν εις τον οικον αυτου
luke;1;24;μετα δε ταυτας τας ημερας συνελαβεν ελισαβετ η γυνη αυτου και περιεκρυβεν εαυτην μηνας πεντε λεγουσα
luke;1;25;οτι ουτως μοι πεποιηκεν ο κυριος εν ημεραις αις επειδεν αφελειν το ονειδος μου εν ανθρωποις
luke;1;26;εν δε τω μηνι τω εκτω απεσταλη ο αγγελος γαβριηλ υπο του θεου εις πολιν της γαλιλαιας η ονομα
luke;1;27;προς παρθενον μεμνηστευμενην ανδρι ω ονομα ιωσηφ εξ οικου δαβιδ και το ονομα της παρθενου μαριαμ
luke;1;28;και εισελθων ο αγγελος προς αυτην ειπεν χαιρε κεχαριτωμενη ο κυριος μετα σου ευλογημενη συ εν γυναιξιν
luke;1;29;η δε ιδουσα διεταραχθη επι τω λογω αυτου και διελογιζετο ποταπος ειη ο ασπασμος ουτος
luke;1;30;και ειπεν ο αγγελος αυτη μη φοβου μαριαμ ευρες γαρ χαριν παρα τω θεω
luke;1;31;και ιδου συλληψη εν γαστρι και τεξη υιον και καλεσεις το ονομα αυτου ιησουν
luke;1;32;ουτος εσται μεγας και υιος υψιστου κληθησεται και δωσει αυτω κυριος ο θεος τον θρονον δαβιδ του πατρος αυτου
luke;1;33;και βασιλευσει επι τον οικον ιακωβ εις τους αιωνας και της βασιλειας αυτου ουκ εσται τελος
luke;1;34;ειπεν δε μαριαμ προς τον αγγελον πως εσται τουτο επει ανδρα ου γινωσκω
luke;1;35;και αποκριθεις ο αγγελος ειπεν αυτη πνευμα αγιον επελευσεται επι σε και δυναμις υψιστου επισκιασει σοι διο και το γεννωμενον αγιον κληθησεται υιος θεου
luke;1;36;και ιδου ελισαβετ η συγγενης σου και αυτη συνειληφυια υιον εν γηρα αυτης και ουτος μην εκτος εστιν αυτη τη καλουμενη στειρα
luke;1;37;οτι ουκ αδυνατησει παρα τω θεω παν ρημα
luke;1;38;ειπεν δε μαριαμ ιδου η δουλη κυριου γενοιτο μοι κατα το ρημα σου και απηλθεν απ αυτης ο αγγελος
luke;1;39;αναστασα δε μαριαμ εν ταις ημεραις ταυταις επορευθη εις την ορεινην μετα σπουδης εις πολιν ιουδα
luke;1;40;και εισηλθεν εις τον οικον ζαχαριου και ησπασατο την ελισαβετ
luke;1;41;και εγενετο ως ηκουσεν η ελισαβετ τον ασπασμον της μαριας εσκιρτησεν το βρεφος εν τη κοιλια αυτης και επλησθη πνευματος αγιου η ελισαβετ
luke;1;42;και ανεφωνησεν φωνη μεγαλη και ειπεν ευλογημενη συ εν γυναιξιν και ευλογημενος ο καρπος της κοιλιας σου
luke;1;43;και ποθεν μοι τουτο ινα ελθη η μητηρ του κυριου μου προς με
luke;1;44;ιδου γαρ ως εγενετο η φωνη του ασπασμου σου εις τα ωτα μου εσκιρτησεν εν αγαλλιασει το βρεφος εν τη κοιλια μου
luke;1;45;και μακαρια η πιστευσασα οτι εσται τελειωσις τοις λελαλημενοις αυτη παρα κυριου
luke;1;46;και ειπεν μαριαμ μεγαλυνει η ψυχη μου τον κυριον
luke;1;47;και ηγαλλιασεν το πνευμα μου επι τω θεω τω σωτηρι μου
luke;1;48;οτι επεβλεψεν επι την ταπεινωσιν της δουλης αυτου ιδου γαρ απο του νυν μακαριουσιν με πασαι αι γενεαι
luke;1;49;οτι εποιησεν μοι μεγαλεια ο δυνατος και αγιον το ονομα αυτου
luke;1;50;και το ελεος αυτου εις γενεας γενεων τοις φοβουμενοις αυτον
luke;1;51;εποιησεν κρατος εν βραχιονι αυτου διεσκορπισεν υπερηφανους διανοια καρδιας αυτων
luke;1;52;καθειλεν δυναστας απο θρονων και υψωσεν ταπεινους
luke;1;53;πεινωντας ενεπλησεν αγαθων και πλουτουντας εξαπεστειλεν κενους
luke;1;54;αντελαβετο ισραηλ παιδος αυτου μνησθηναι ελεους
luke;1;55;καθως ελαλησεν προς τους πατερας ημων τω αβρααμ και τω σπερματι αυτου εις τον αιωνα
luke;1;56;εμεινεν δε μαριαμ συν αυτη ωσει μηνας τρεις και υπεστρεψεν εις τον οικον αυτης
luke;1;57;τη δε ελισαβετ επλησθη ο χρονος του τεκειν αυτην και εγεννησεν υιον
luke;1;58;και ηκουσαν οι περιοικοι και οι συγγενεις αυτης οτι εμεγαλυνεν κυριος το ελεος αυτου μετ αυτης και συνεχαιρον αυτη
luke;1;59;και εγενετο εν τη ογδοη ημερα ηλθον περιτεμειν το παιδιον και εκαλουν αυτο επι τω ονοματι του πατρος αυτου ζαχαριαν
luke;1;60;και αποκριθεισα η μητηρ αυτου ειπεν ουχι αλλα κληθησεται ιωαννης
luke;1;61;και ειπον προς αυτην οτι ουδεις εστιν εν τη συγγενεια σου ος καλειται τω ονοματι τουτω
luke;1;62;ενενευον δε τω πατρι αυτου το τι αν θελοι καλεισθαι αυτον
luke;1;63;και αιτησας πινακιδιον εγραψεν λεγων ιωαννης εστιν το ονομα αυτου και εθαυμασαν παντες
luke;1;64;ανεωχθη δε το στομα αυτου παραχρημα και η γλωσσα αυτου και ελαλει ευλογων τον θεον
luke;1;65;και εγενετο επι παντας φοβος τους περιοικουντας αυτους και εν ολη τη ορεινη της ιουδαιας διελαλειτο παντα τα ρηματα ταυτα
luke;1;66;και εθεντο παντες οι ακουσαντες εν τη καρδια αυτων λεγοντες τι αρα το παιδιον τουτο εσται και χειρ κυριου ην μετ αυτου
luke;1;67;και ζαχαριας ο πατηρ αυτου επλησθη πνευματος αγιου και προεφητευσεν λεγων
luke;1;68;ευλογητος κυριος ο θεος του ισραηλ οτι επεσκεψατο και εποιησεν λυτρωσιν τω λαω αυτου
luke;1;69;και ηγειρεν κερας σωτηριας ημιν εν τω οικω δαβιδ του παιδος αυτου
luke;1;70;καθως ελαλησεν δια στοματος των αγιων των απ αιωνος προφητων αυτου
luke;1;71;σωτηριαν εξ εχθρων ημων και εκ χειρος παντων των μισουντων ημας
luke;1;72;ποιησαι ελεος μετα των πατερων ημων και μνησθηναι διαθηκης αγιας αυτου
luke;1;73;ορκον ον ωμοσεν προς αβρααμ τον πατερα ημων
luke;1;74;του δουναι ημιν αφοβως εκ χειρος των εχθρων ημων ρυσθεντας λατρευειν αυτω
luke;1;75;εν οσιοτητι και δικαιοσυνη ενωπιον αυτου πασας τας ημερας της ζωης ημων
luke;1;76;και συ παιδιον προφητης υψιστου κληθηση προπορευση γαρ προ προσωπου κυριου ετοιμασαι οδους αυτου
luke;1;77;του δουναι γνωσιν σωτηριας τω λαω αυτου εν αφεσει αμαρτιων αυτων
luke;1;78;δια σπλαγχνα ελεους θεου ημων εν οις επεσκεψατο ημας ανατολη εξ υψους
luke;1;79;επιφαναι τοις εν σκοτει και σκια θανατου καθημενοις του κατευθυναι τους ποδας ημων εις οδον ειρηνης
luke;1;80;το δε παιδιον ηυξανεν και εκραταιουτο πνευματι και ην εν ταις ερημοις εως ημερας αναδειξεως αυτου προς τον ισραηλ
luke;2;1;εγενετο δε εν ταις ημεραις εκειναις εξηλθεν δογμα παρα καισαρος αυγουστου απογραφεσθαι πασαν την οικουμενην
luke;2;2;αυτη η απογραφη πρωτη εγενετο ηγεμονευοντος της συριας κυρηνιου
luke;2;3;και επορευοντο παντες απογραφεσθαι εκαστος εις την ιδιαν πολιν
luke;2;4;ανεβη δε και ιωσηφ απο της γαλιλαιας εκ πολεως εις την ιουδαιαν εις πολιν δαβιδ ητις καλειται βηθλεεμ δια το ειναι αυτον εξ οικου και πατριας δαβιδ
luke;2;5;απογραψασθαι συν μαριαμ τη μεμνηστευμενη αυτω γυναικι ουση εγκυω
luke;2;6;εγενετο δε εν τω ειναι αυτους εκει επλησθησαν αι ημεραι του τεκειν αυτην
luke;2;7;και ετεκεν τον υιον αυτης τον πρωτοτοκον και εσπαργανωσεν αυτον και ανεκλινεν αυτον εν τη φατνη διοτι ουκ ην αυτοις τοπος εν τω καταλυματι
luke;2;8;και ποιμενες ησαν εν τη χωρα τη αυτη αγραυλουντες και φυλασσοντες φυλακας της νυκτος επι την ποιμνην αυτων
luke;2;9;και ιδου αγγελος κυριου επεστη αυτοις και δοξα κυριου περιελαμψεν αυτους και εφοβηθησαν φοβον μεγαν
luke;2;10;και ειπεν αυτοις ο αγγελος μη φοβεισθε ιδου γαρ ευαγγελιζομαι υμιν χαραν μεγαλην ητις εσται παντι τω λαω
luke;2;11;οτι ετεχθη υμιν σημερον σωτηρ ος εστιν χριστος κυριος εν πολει δαβιδ
luke;2;12;και τουτο υμιν το σημειον ευρησετε βρεφος εσπαργανωμενον κειμενον εν τη φατνη
luke;2;13;και εξαιφνης εγενετο συν τω αγγελω πληθος στρατιας ουρανιου αινουντων τον θεον και λεγοντων
luke;2;14;δοξα εν υψιστοις θεω και επι γης ειρηνη εν ανθρωποις ευδοκια
luke;2;15;και εγενετο ως απηλθον απ αυτων εις τον ουρανον οι αγγελοι και οι ανθρωποι οι ποιμενες ειπον προς αλληλους διελθωμεν δη εως βηθλεεμ και ιδωμεν το ρημα τουτο το γεγονος ο ο κυριος εγνωρισεν ημιν
luke;2;16;και ηλθον σπευσαντες και ανευρον την τε μαριαμ και τον ιωσηφ και το βρεφος κειμενον εν τη φατνη
luke;2;17;ιδοντες δε διεγνωρισαν περι του ρηματος του λαληθεντος αυτοις περι του παιδιου τουτου
luke;2;18;και παντες οι ακουσαντες εθαυμασαν περι των λαληθεντων υπο των ποιμενων προς αυτους
luke;2;19;η δε μαριαμ παντα συνετηρει τα ρηματα ταυτα συμβαλλουσα εν τη καρδια αυτης
luke;2;20;και επεστρεψαν οι ποιμενες δοξαζοντες και αινουντες τον θεον επι πασιν οις ηκουσαν και ειδον καθως ελαληθη προς αυτους
luke;2;21;και οτε επλησθησαν ημεραι οκτω του περιτεμειν το παιδιον και εκληθη το ονομα αυτου ιησους το κληθεν υπο του αγγελου προ του συλληφθηναι αυτον εν τη κοιλια
luke;2;22;και οτε επλησθησαν αι ημεραι του καθαρισμου κατα τον νομον μωσεως ανηγαγον αυτον εις ιεροσολυμα παραστησαι τω κυριω
luke;2;23;καθως γεγραπται εν νομω κυριου οτι παν αρσεν διανοιγον μητραν αγιον τω κυριω κληθησεται
luke;2;24;και του δουναι θυσιαν κατα το ειρημενον εν νομω κυριου ζευγος τρυγονων η δυο νεοσσους περιστερων
luke;2;25;και ιδου ην ανθρωπος εν ιερουσαλημ ω ονομα και ο ανθρωπος ουτος δικαιος και ευλαβης προσδεχομενος παρακλησιν του ισραηλ και πνευμα αγιον ην επ αυτον
luke;2;26;και ην αυτω κεχρηματισμενον υπο του πνευματος του αγιου μη ιδειν θανατον πριν η ιδη τον χριστον κυριου
luke;2;27;και ηλθεν εν τω πνευματι εις το ιερον και εν τω εισαγαγειν τους γονεις το παιδιον ιησουν του ποιησαι αυτους κατα το ειθισμενον του νομου περι αυτου
luke;2;28;και αυτος εδεξατο αυτο εις τας αγκαλας αυτου και ευλογησεν τον θεον και ειπεν
luke;2;29;νυν απολυεις τον δουλον σου δεσποτα κατα το ρημα σου εν ειρηνη
luke;2;30;οτι ειδον οι οφθαλμοι μου το σωτηριον σου
luke;2;31;ο ητοιμασας κατα προσωπον παντων των λαων
luke;2;32;φως εις αποκαλυψιν εθνων και δοξαν λαου σου ισραηλ
luke;2;33;και ην ιωσηφ και η μητηρ αυτου θαυμαζοντες επι τοις λαλουμενοις περι αυτου
luke;2;34;και ευλογησεν αυτους και ειπεν προς μαριαμ την μητερα αυτου ιδου ουτος κειται εις πτωσιν και αναστασιν πολλων εν τω ισραηλ και εις σημειον αντιλεγομενον
luke;2;35;και σου δε αυτης την ψυχην διελευσεται ρομφαια οπως αν αποκαλυφθωσιν εκ πολλων καρδιων διαλογισμοι
luke;2;36;και ην αννα προφητις θυγατηρ φανουηλ εκ φυλης ασηρ αυτη προβεβηκυια εν ημεραις πολλαις ζησασα ετη μετα ανδρος επτα απο της παρθενιας αυτης
luke;2;37;και αυτη χηρα ως ετων ογδοηκοντατεσσαρων η ουκ αφιστατο απο του ιερου νηστειαις και δεησεσιν λατρευουσα νυκτα και ημεραν
luke;2;38;και αυτη αυτη τη ωρα επιστασα ανθωμολογειτο τω κυριω και ελαλει περι αυτου πασιν τοις προσδεχομενοις λυτρωσιν εν ιερουσαλημ
luke;2;39;και ως ετελεσαν απαντα τα κατα τον νομον κυριου υπεστρεψαν εις την γαλιλαιαν εις την πολιν αυτων
luke;2;40;το δε παιδιον ηυξανεν και εκραταιουτο πνευματι πληρουμενον σοφιας και χαρις θεου ην επ αυτο
luke;2;41;και επορευοντο οι γονεις αυτου κατ ετος εις ιερουσαλημ τη εορτη του πασχα
luke;2;42;και οτε εγενετο ετων δωδεκα αναβαντων αυτων εις ιεροσολυμα κατα το εθος της εορτης
luke;2;43;και τελειωσαντων τας ημερας εν τω υποστρεφειν αυτους υπεμεινεν ιησους ο παις εν ιερουσαλημ και ουκ εγνω ιωσηφ και η μητηρ αυτου
luke;2;44;νομισαντες δε αυτον εν τη συνοδια ειναι ηλθον ημερας οδον και ανεζητουν αυτον εν τοις συγγενεσιν και εν τοις γνωστοις
luke;2;45;και μη ευροντες αυτον υπεστρεψαν εις ιερουσαλημ ζητουντες αυτον
luke;2;46;και εγενετο μεθ ημερας τρεις ευρον αυτον εν τω ιερω καθεζομενον εν μεσω των διδασκαλων και ακουοντα αυτων και επερωτωντα αυτους
luke;2;47;εξισταντο δε παντες οι ακουοντες αυτου επι τη συνεσει και ταις αποκρισεσιν αυτου
luke;2;48;και ιδοντες αυτον εξεπλαγησαν και προς αυτον η μητηρ αυτου ειπεν τεκνον τι εποιησας ημιν ουτως ιδου ο πατηρ σου καγω οδυνωμενοι εζητουμεν σε
luke;2;49;και ειπεν προς αυτους τι οτι εζητειτε με ουκ ηδειτε οτι εν τοις του πατρος μου δει ειναι με
luke;2;50;και αυτοι ου συνηκαν το ρημα ο ελαλησεν αυτοις
luke;2;51;και κατεβη μετ αυτων και ηλθεν εις και ην υποτασσομενος αυτοις και η μητηρ αυτου διετηρει παντα τα ρηματα ταυτα εν τη καρδια αυτης
luke;2;52;και ιησους προεκοπτεν σοφια και ηλικια και χαριτι παρα θεω και ανθρωποις
luke;3;1;εν ετει δε πεντεκαιδεκατω της ηγεμονιας τιβεριου καισαρος ηγεμονευοντος ποντιου πιλατου της ιουδαιας και τετραρχουντος της γαλιλαιας ηρωδου φιλιππου δε του αδελφου αυτου τετραρχουντος της ιτουραιας και τραχωνιτιδος χωρας και λυσανιου της αβιληνης τετραρχουντος
luke;3;2;επ αρχιερεων αννα και καιαφα εγενετο ρημα θεου επι ιωαννην τον του ζαχαριου υιον εν τη ερημω
luke;3;3;και ηλθεν εις πασαν την περιχωρον του ιορδανου κηρυσσων βαπτισμα μετανοιας εις αφεσιν αμαρτιων
luke;3;4;ως γεγραπται εν βιβλω λογων ησαιου του προφητου λεγοντος φωνη βοωντος εν τη ερημω ετοιμασατε την οδον κυριου ευθειας ποιειτε τας τριβους αυτου
luke;3;5;πασα φαραγξ πληρωθησεται και παν ορος και βουνος ταπεινωθησεται και εσται τα σκολια εις ευθειαν και αι τραχειαι εις οδους λειας
luke;3;6;και οψεται πασα σαρξ το σωτηριον του θεου
luke;3;7;ελεγεν ουν τοις εκπορευομενοις οχλοις βαπτισθηναι υπ αυτου γεννηματα εχιδνων τις υπεδειξεν υμιν φυγειν απο της μελλουσης οργης
luke;3;8;ποιησατε ουν καρπους αξιους της μετανοιας και μη αρξησθε λεγειν εν εαυτοις πατερα εχομεν τον αβρααμ λεγω γαρ υμιν οτι δυναται ο θεος εκ των λιθων τουτων εγειραι τεκνα τω αβρααμ
luke;3;9;ηδη δε και η αξινη προς την ριζαν των δενδρων κειται παν ουν δενδρον μη ποιουν καρπον καλον εκκοπτεται και εις πυρ βαλλεται
luke;3;10;και επηρωτων αυτον οι οχλοι λεγοντες τι ουν ποιησομεν
luke;3;11;αποκριθεις δε λεγει αυτοις ο εχων δυο χιτωνας μεταδοτω τω μη εχοντι και ο εχων βρωματα ομοιως ποιειτω
luke;3;12;ηλθον δε και τελωναι βαπτισθηναι και ειπον προς αυτον διδασκαλε τι ποιησομεν
luke;3;13;ο δε ειπεν προς αυτους μηδεν πλεον παρα το διατεταγμενον υμιν πρασσετε
luke;3;14;επηρωτων δε αυτον και στρατευομενοι λεγοντες και ημεις τι ποιησομεν και ειπεν προς αυτους μηδενα διασεισητε μηδε συκοφαντησητε και αρκεισθε τοις οψωνιοις υμων
luke;3;15;προσδοκωντος δε του λαου και διαλογιζομενων παντων εν ταις καρδιαις αυτων περι του ιωαννου μηποτε αυτος ειη ο χριστος
luke;3;16;απεκρινατο ο ιωαννης απασιν λεγων εγω μεν υδατι βαπτιζω υμας ερχεται δε ο ισχυροτερος μου ου ουκ ειμι ικανος λυσαι τον ιμαντα των υποδηματων αυτου αυτος υμας βαπτισει εν πνευματι αγιω και πυρι
luke;3;17;ου το πτυον εν τη χειρι αυτου και διακαθαριει την αλωνα αυτου και συναξει τον σιτον εις την αποθηκην αυτου το δε αχυρον κατακαυσει πυρι ασβεστω
luke;3;18;πολλα μεν ουν και ετερα παρακαλων ευηγγελιζετο τον λαον
luke;3;19;ο δε ηρωδης ο τετραρχης ελεγχομενος υπ αυτου περι ηρωδιαδος της γυναικος φιλιππου του αδελφου αυτου και περι παντων ων εποιησεν πονηρων ο ηρωδης
luke;3;20;προσεθηκεν και τουτο επι πασιν και κατεκλεισεν τον ιωαννην εν τη φυλακη
luke;3;21;εγενετο δε εν τω βαπτισθηναι απαντα τον λαον και ιησου βαπτισθεντος και προσευχομενου ανεωχθηναι τον ουρανον
luke;3;22;και καταβηναι το πνευμα το αγιον σωματικω ειδει ωσει περιστεραν επ αυτον και φωνην εξ ουρανου γενεσθαι λεγουσαν συ ει ο υιος μου ο αγαπητος εν σοι ηυδοκησα
luke;3;23;και αυτος ην ο ιησους ωσει ετων τριακοντα αρχομενος ων ως ενομιζετο υιος ιωσηφ του ηλι
luke;3;24;του ματθατ του λευι του μελχι του ιαννα του ιωσηφ
luke;3;25;του ματταθιου του αμως του ναουμ του εσλι του ναγγαι
luke;3;26;του μααθ του ματταθιου του σεμει του ιωσηφ του ιουδα
luke;3;27;του ιωαννα του ρησα του ζοροβαβελ του σαλαθιηλ του νηρι
luke;3;28;του μελχι του αδδι του κωσαμ του ελμωδαμ του ηρ
luke;3;29;του ιωση του ελιεζερ του ιωρειμ του ματθατ του λευι
luke;3;30;του του ιουδα του ιωσηφ του ιωναν του ελιακειμ
luke;3;31;του μελεα του του ματταθα του ναθαν του δαβιδ
luke;3;32;του ιεσσαι του ωβηδ του βοοζ του σαλμων του ναασσων
luke;3;33;του αμιναδαβ του αραμ του εσρωμ του φαρες του ιουδα
luke;3;34;του ιακωβ του ισαακ του αβρααμ του θαρα του ναχωρ
luke;3;35;του σαρουχ του ραγαυ του φαλεκ του εβερ του σαλα
luke;3;36;του καιναν του αρφαξαδ του σημ του νωε του λαμεχ
luke;3;37;του μαθουσαλα του ενωχ του ιαρεδ του μαλελεηλ του καιναν
luke;3;38;του ενως του σηθ του αδαμ του θεου
luke;4;1;ιησους δε πνευματος αγιου πληρης υπεστρεψεν απο του ιορδανου και ηγετο εν τω πνευματι εις την ερημον
luke;4;2;ημερας τεσσαρακοντα πειραζομενος υπο του διαβολου και ουκ εφαγεν ουδεν εν ταις ημεραις εκειναις και συντελεσθεισων αυτων υστερον επεινασεν
luke;4;3;και ειπεν αυτω ο διαβολος ει υιος ει του θεου ειπε τω λιθω τουτω ινα γενηται αρτος
luke;4;4;και απεκριθη ιησους προς αυτον λεγων γεγραπται οτι ουκ επ αρτω μονω ζησεται ο ανθρωπος αλλ επι παντι ρηματι θεου
luke;4;5;και αναγαγων αυτον ο διαβολος εις ορος υψηλον εδειξεν αυτω πασας τας βασιλειας της οικουμενης εν στιγμη χρονου
luke;4;6;και ειπεν αυτω ο διαβολος σοι δωσω την εξουσιαν ταυτην απασαν και την δοξαν αυτων οτι εμοι παραδεδοται και ω εαν θελω διδωμι αυτην
luke;4;7;συ ουν εαν προσκυνησης ενωπιον μου εσται σου παντα
luke;4;8;και αποκριθεις αυτω ειπεν ο ιησους υπαγε οπισω μου σατανα γεγραπται γαρ προσκυνησεις κυριον τον θεον σου και αυτω μονω λατρευσεις
luke;4;9;και ηγαγεν αυτον εις ιερουσαλημ και εστησεν αυτον επι το πτερυγιον του ιερου και ειπεν αυτω ει ο υιος ει του θεου βαλε σεαυτον εντευθεν κατω
luke;4;10;γεγραπται γαρ οτι τοις αγγελοις αυτου εντελειται περι σου του διαφυλαξαι σε
luke;4;11;και οτι επι χειρων αρουσιν σε μηποτε προσκοψης προς λιθον τον ποδα σου
luke;4;12;και αποκριθεις ειπεν αυτω ο ιησους οτι ειρηται ουκ εκπειρασεις κυριον τον θεον σου
luke;4;13;και συντελεσας παντα πειρασμον ο διαβολος απεστη απ αυτου αχρι καιρου
luke;4;14;και υπεστρεψεν ο ιησους εν τη δυναμει του πνευματος εις την γαλιλαιαν και φημη εξηλθεν καθ ολης της περιχωρου περι αυτου
luke;4;15;και αυτος εδιδασκεν εν ταις συναγωγαις αυτων δοξαζομενος υπο παντων
luke;4;16;και ηλθεν εις την ου ην τεθραμμενος και εισηλθεν κατα το ειωθος αυτω εν τη ημερα των σαββατων εις την συναγωγην και ανεστη αναγνωναι
luke;4;17;και επεδοθη αυτω βιβλιον ησαιου του προφητου και αναπτυξας το βιβλιον ευρεν τον τοπον ου ην γεγραμμενον
luke;4;18;πνευμα κυριου επ εμε ου ενεκεν εχρισεν με ευαγγελιζεσθαι πτωχοις απεσταλκεν με ιασασθαι τους συντετριμμενους την καρδιαν κηρυξαι αιχμαλωτοις αφεσιν και τυφλοις αναβλεψιν αποστειλαι τεθραυσμενους εν αφεσει
luke;4;19;κηρυξαι ενιαυτον κυριου δεκτον
luke;4;20;και πτυξας το βιβλιον αποδους τω υπηρετη εκαθισεν και παντων εν τη συναγωγη οι οφθαλμοι ησαν ατενιζοντες αυτω
luke;4;21;ηρξατο δε λεγειν προς αυτους οτι σημερον πεπληρωται η γραφη αυτη εν τοις ωσιν υμων
luke;4;22;και παντες εμαρτυρουν αυτω και εθαυμαζον επι τοις λογοις της χαριτος τοις εκπορευομενοις εκ του στοματος αυτου και ελεγον ουχ ουτος εστιν ο υιος ιωσηφ
luke;4;23;και ειπεν προς αυτους παντως ερειτε μοι την παραβολην ταυτην ιατρε θεραπευσον σεαυτον οσα ηκουσαμεν γενομενα εν τη καπερναουμ ποιησον και ωδε εν τη πατριδι σου
luke;4;24;ειπεν δε αμην λεγω υμιν οτι ουδεις προφητης δεκτος εστιν εν τη πατριδι αυτου
luke;4;25;επ αληθειας δε λεγω υμιν πολλαι χηραι ησαν εν ταις ημεραις ηλιου εν τω ισραηλ οτε εκλεισθη ο ουρανος επι ετη τρια και μηνας εξ ως εγενετο λιμος μεγας επι πασαν την γην
luke;4;26;και προς ουδεμιαν αυτων επεμφθη ηλιας ει μη εις σαρεπτα της σιδωνος προς γυναικα χηραν
luke;4;27;και πολλοι λεπροι ησαν επι ελισσαιου του προφητου εν τω ισραηλ και ουδεις αυτων εκαθαρισθη ει μη νεεμαν ο συρος
luke;4;28;και επλησθησαν παντες θυμου εν τη συναγωγη ακουοντες ταυτα
luke;4;29;και ανασταντες εξεβαλον αυτον εξω της πολεως και ηγαγον αυτον εως της οφρυος του ορους εφ ου η πολις αυτων ωκοδομητο εις το κατακρημνισαι αυτον
luke;4;30;αυτος δε διελθων δια μεσου αυτων επορευετο
luke;4;31;και κατηλθεν εις καπερναουμ πολιν της γαλιλαιας και ην διδασκων αυτους εν τοις σαββασιν
luke;4;32;και εξεπλησσοντο επι τη διδαχη αυτου οτι εν εξουσια ην ο λογος αυτου
luke;4;33;και εν τη συναγωγη ην ανθρωπος εχων πνευμα δαιμονιου ακαθαρτου και ανεκραξεν φωνη μεγαλη
luke;4;34;λεγων εα τι ημιν και σοι ιησου ναζαρηνε ηλθες απολεσαι ημας οιδα σε τις ει ο αγιος του θεου
luke;4;35;και επετιμησεν αυτω ο ιησους λεγων φιμωθητι και εξελθε εξ αυτου και ριψαν αυτον το δαιμονιον εις το μεσον εξηλθεν απ αυτου μηδεν βλαψαν αυτον
luke;4;36;και εγενετο θαμβος επι παντας και συνελαλουν προς αλληλους λεγοντες τις ο λογος ουτος οτι εν εξουσια και δυναμει επιτασσει τοις ακαθαρτοις πνευμασιν και εξερχονται
luke;4;37;και εξεπορευετο ηχος περι αυτου εις παντα τοπον της περιχωρου
luke;4;38;αναστας δε εκ της συναγωγης εισηλθεν εις την οικιαν σιμωνος η πενθερα δε του σιμωνος ην συνεχομενη πυρετω μεγαλω και ηρωτησαν αυτον περι αυτης
luke;4;39;και επιστας επανω αυτης επετιμησεν τω πυρετω και αφηκεν αυτην παραχρημα δε αναστασα διηκονει αυτοις
luke;4;40;δυνοντος δε του ηλιου παντες οσοι ειχον ασθενουντας νοσοις ποικιλαις ηγαγον αυτους προς αυτον ο δε ενι εκαστω αυτων τας χειρας επιθεις εθεραπευσεν αυτους
luke;4;41;εξηρχετο δε και δαιμονια απο πολλων κραζοντα και λεγοντα οτι συ ει ο χριστος ο υιος του θεου και επιτιμων ουκ εια αυτα λαλειν οτι ηδεισαν τον χριστον αυτον ειναι
luke;4;42;γενομενης δε ημερας εξελθων επορευθη εις ερημον τοπον και οι οχλοι εζητουν αυτον και ηλθον εως αυτου και κατειχον αυτον του μη πορευεσθαι απ αυτων
luke;4;43;ο δε ειπεν προς αυτους οτι και ταις ετεραις πολεσιν ευαγγελισασθαι με δει την βασιλειαν του θεου οτι εις τουτο απεσταλμαι
luke;4;44;και ην κηρυσσων εν ταις συναγωγαις της γαλιλαιας
luke;5;1;εγενετο δε εν τω τον οχλον επικεισθαι αυτω του ακουειν τον λογον του θεου και αυτος ην εστως παρα την λιμνην γεννησαρετ
luke;5;2;και ειδεν δυο πλοια εστωτα παρα την λιμνην οι δε αλιεις αποβαντες απ αυτων απεπλυναν τα δικτυα
luke;5;3;εμβας δε εις εν των πλοιων ο ην του σιμωνος ηρωτησεν αυτον απο της γης επαναγαγειν ολιγον και καθισας εδιδασκεν εκ του πλοιου τους οχλους
luke;5;4;ως δε επαυσατο λαλων ειπεν προς τον σιμωνα επαναγαγε εις το βαθος και χαλασατε τα δικτυα υμων εις αγραν
luke;5;5;και αποκριθεις ο σιμων ειπεν αυτω επιστατα δι ολης της νυκτος κοπιασαντες ουδεν ελαβομεν επι δε τω ρηματι σου χαλασω το δικτυον
luke;5;6;και τουτο ποιησαντες συνεκλεισαν ιχθυων πληθος πολυ διερρηγνυτο δε το δικτυον αυτων
luke;5;7;και κατενευσαν τοις μετοχοις τοις εν τω ετερω πλοιω του ελθοντας συλλαβεσθαι αυτοις και ηλθον και επλησαν αμφοτερα τα πλοια ωστε βυθιζεσθαι αυτα
luke;5;8;ιδων δε σιμων πετρος προσεπεσεν τοις γονασιν του ιησου λεγων εξελθε απ εμου οτι ανηρ αμαρτωλος ειμι κυριε
luke;5;9;θαμβος γαρ περιεσχεν αυτον και παντας τους συν αυτω επι τη αγρα των ιχθυων η συνελαβον
luke;5;10;ομοιως δε και ιακωβον και ιωαννην υιους ζεβεδαιου οι ησαν κοινωνοι τω σιμωνι και ειπεν προς τον σιμωνα ο ιησους μη φοβου απο του νυν ανθρωπους εση ζωγρων
luke;5;11;και καταγαγοντες τα πλοια επι την γην αφεντες απαντα ηκολουθησαν αυτω
luke;5;12;και εγενετο εν τω ειναι αυτον εν μια των πολεων και ιδου ανηρ πληρης λεπρας και ιδων τον ιησουν πεσων επι προσωπον εδεηθη αυτου λεγων κυριε εαν θελης δυνασαι με καθαρισαι
luke;5;13;και εκτεινας την χειρα ηψατο αυτου ειπων θελω καθαρισθητι και ευθεως η λεπρα απηλθεν απ αυτου
luke;5;14;και αυτος παρηγγειλεν αυτω μηδενι ειπειν αλλα απελθων δειξον σεαυτον τω ιερει και προσενεγκε περι του καθαρισμου σου καθως προσεταξεν μωσης εις μαρτυριον αυτοις
luke;5;15;διηρχετο δε μαλλον ο λογος περι αυτου και συνηρχοντο οχλοι πολλοι ακουειν και θεραπευεσθαι υπ αυτου απο των ασθενειων αυτων
luke;5;16;αυτος δε ην υποχωρων εν ταις ερημοις και προσευχομενος
luke;5;17;και εγενετο εν μια των ημερων και αυτος ην διδασκων και ησαν καθημενοι φαρισαιοι και νομοδιδασκαλοι οι ησαν εληλυθοτες εκ πασης κωμης της γαλιλαιας και ιουδαιας και ιερουσαλημ και δυναμις κυριου ην εις το ιασθαι αυτους
luke;5;18;και ιδου ανδρες φεροντες επι κλινης ανθρωπον ος ην παραλελυμενος και εζητουν αυτον εισενεγκειν και θειναι ενωπιον αυτου
luke;5;19;και μη ευροντες δια ποιας εισενεγκωσιν αυτον δια τον οχλον αναβαντες επι το δωμα δια των κεραμων καθηκαν αυτον συν τω κλινιδιω εις το μεσον εμπροσθεν του ιησου
luke;5;20;και ιδων την πιστιν αυτων ειπεν αυτω ανθρωπε αφεωνται σοι αι αμαρτιαι σου
luke;5;21;και ηρξαντο διαλογιζεσθαι οι γραμματεις και οι φαρισαιοι λεγοντες τις εστιν ουτος ος λαλει βλασφημιας τις δυναται αφιεναι αμαρτιας ει μη μονος ο θεος
luke;5;22;επιγνους δε ο ιησους τους διαλογισμους αυτων αποκριθεις ειπεν προς αυτους τι διαλογιζεσθε εν ταις καρδιαις υμων
luke;5;23;τι εστιν ευκοπωτερον ειπειν αφεωνται σοι αι αμαρτιαι σου η ειπειν εγειραι και περιπατει
luke;5;24;ινα δε ειδητε οτι εξουσιαν εχει ο υιος του ανθρωπου επι της γης αφιεναι αμαρτιας ειπεν τω παραλελυμενω σοι λεγω εγειραι και αρας το κλινιδιον σου πορευου εις τον οικον σου
luke;5;25;και παραχρημα αναστας ενωπιον αυτων αρας εφ ω κατεκειτο απηλθεν εις τον οικον αυτου δοξαζων τον θεον
luke;5;26;και εκστασις ελαβεν απαντας και εδοξαζον τον θεον και επλησθησαν φοβου λεγοντες οτι ειδομεν παραδοξα σημερον
luke;5;27;και μετα ταυτα εξηλθεν και εθεασατο τελωνην ονοματι λευιν καθημενον επι το τελωνιον και ειπεν αυτω ακολουθει μοι
luke;5;28;και καταλιπων απαντα αναστας ηκολουθησεν αυτω
luke;5;29;και εποιησεν δοχην μεγαλην ο λευις αυτω εν τη οικια αυτου και ην οχλος τελωνων πολυς και αλλων οι ησαν μετ αυτων κατακειμενοι
luke;5;30;και εγογγυζον οι γραμματεις αυτων και οι φαρισαιοι προς τους μαθητας αυτου λεγοντες δια τι μετα τελωνων και αμαρτωλων εσθιετε και πινετε
luke;5;31;και αποκριθεις ο ιησους ειπεν προς αυτους ου χρειαν εχουσιν οι υγιαινοντες ιατρου αλλ οι κακως εχοντες
luke;5;32;ουκ εληλυθα καλεσαι δικαιους αλλα αμαρτωλους εις μετανοιαν
luke;5;33;οι δε ειπον προς αυτον δια τι οι μαθηται ιωαννου νηστευουσιν πυκνα και δεησεις ποιουνται ομοιως και οι των φαρισαιων οι δε σοι εσθιουσιν και πινουσιν
luke;5;34;ο δε ειπεν προς αυτους μη δυνασθε τους υιους του νυμφωνος εν ω ο νυμφιος μετ αυτων εστιν ποιησαι νηστευειν
luke;5;35;ελευσονται δε ημεραι και οταν απαρθη απ αυτων ο νυμφιος τοτε νηστευσουσιν εν εκειναις ταις ημεραις
luke;5;36;ελεγεν δε και παραβολην προς αυτους οτι ουδεις επιβλημα ιματιου καινου επιβαλλει επι ιματιον παλαιον ει δε μηγε και το καινον σχιζει και τω παλαιω ου συμφωνει επιβλημα το απο του καινου
luke;5;37;και ουδεις βαλλει οινον νεον εις ασκους παλαιους ει δε μηγε ρηξει ο νεος οινος τους ασκους και αυτος εκχυθησεται και οι ασκοι απολουνται
luke;5;38;αλλα οινον νεον εις ασκους καινους βλητεον και αμφοτεροι συντηρουνται
luke;5;39;και ουδεις πιων παλαιον ευθεως θελει νεον λεγει γαρ ο παλαιος χρηστοτερος εστιν
luke;6;1;εγενετο δε εν σαββατω δευτεροπρωτω διαπορευεσθαι αυτον δια των σποριμων και ετιλλον οι μαθηται αυτου τους σταχυας και ησθιον ψωχοντες ταις χερσιν
luke;6;2;τινες δε των φαρισαιων ειπον αυτοις τι ποιειτε ο ουκ εξεστιν ποιειν εν τοις σαββασιν
luke;6;3;και αποκριθεις προς αυτους ειπεν ο ιησους ουδε τουτο ανεγνωτε ο εποιησεν δαβιδ οποτε επεινασεν αυτος και οι μετ αυτου οντες
luke;6;4;ως εισηλθεν εις τον οικον του θεου και τους αρτους της προθεσεως ελαβεν και εφαγεν και εδωκεν και τοις μετ αυτου ους ουκ εξεστιν φαγειν ει μη μονους τους ιερεις
luke;6;5;και ελεγεν αυτοις οτι κυριος εστιν ο υιος του ανθρωπου και του σαββατου
luke;6;6;εγενετο δε και εν ετερω σαββατω εισελθειν αυτον εις την συναγωγην και διδασκειν και ην εκει ανθρωπος και η χειρ αυτου η δεξια ην ξηρα
luke;6;7;παρετηρουν δε αυτον οι γραμματεις και οι φαρισαιοι ει εν τω σαββατω θεραπευσει ινα ευρωσιν κατηγοριαν αυτου
luke;6;8;αυτος δε ηδει τους διαλογισμους αυτων και ειπεν τω ανθρωπω τω ξηραν εχοντι την χειρα εγειραι και στηθι εις το μεσον ο δε αναστας εστη
luke;6;9;ειπεν ουν ο ιησους προς αυτους επερωτησω υμας τι εξεστιν τοις σαββασιν αγαθοποιησαι η κακοποιησαι ψυχην σωσαι η απολεσαι
luke;6;10;και περιβλεψαμενος παντας αυτους ειπεν τω ανθρωπω εκτεινον την χειρα σου ο δε εποιησεν ουτως και αποκατεσταθη η χειρ αυτου υγιης ως η αλλη
luke;6;11;αυτοι δε επλησθησαν ανοιας και διελαλουν προς αλληλους τι αν ποιησειαν τω ιησου
luke;6;12;εγενετο δε εν ταις ημεραις ταυταις εξηλθεν εις το ορος προσευξασθαι και ην διανυκτερευων εν τη προσευχη του θεου
luke;6;13;και οτε εγενετο ημερα προσεφωνησεν τους μαθητας αυτου και εκλεξαμενος απ αυτων δωδεκα ους και αποστολους ωνομασεν
luke;6;14;σιμωνα ον και ωνομασεν πετρον και ανδρεαν τον αδελφον αυτου ιακωβον και ιωαννην φιλιππον και βαρθολομαιον
luke;6;15;ματθαιον και θωμαν ιακωβον τον του αλφαιου και σιμωνα τον καλουμενον ζηλωτην
luke;6;16;ιουδαν ιακωβου και ιουδαν ισκαριωτην ος και εγενετο προδοτης
luke;6;17;και καταβας μετ αυτων εστη επι τοπου πεδινου και οχλος μαθητων αυτου και πληθος πολυ του λαου απο πασης της ιουδαιας και ιερουσαλημ και της παραλιου τυρου και σιδωνος οι ηλθον ακουσαι αυτου και ιαθηναι απο των νοσων αυτων
luke;6;18;και οι οχλουμενοι υπο πνευματων ακαθαρτων και εθεραπευοντο
luke;6;19;και πας ο οχλος εζητει απτεσθαι αυτου οτι δυναμις παρ αυτου εξηρχετο και ιατο παντας
luke;6;20;και αυτος επαρας τους οφθαλμους αυτου εις τους μαθητας αυτου ελεγεν μακαριοι οι πτωχοι οτι υμετερα εστιν η βασιλεια του θεου
luke;6;21;μακαριοι οι πεινωντες νυν οτι χορτασθησεσθε μακαριοι οι κλαιοντες νυν οτι γελασετε
luke;6;22;μακαριοι εστε οταν μισησωσιν υμας οι ανθρωποι και οταν αφορισωσιν υμας και ονειδισωσιν και εκβαλωσιν το ονομα υμων ως πονηρον ενεκα του υιου του ανθρωπου
luke;6;23;χαιρετε εν εκεινη τη ημερα και σκιρτησατε ιδου γαρ ο μισθος υμων πολυς εν τω ουρανω κατα ταυτα γαρ εποιουν τοις προφηταις οι πατερες αυτων
luke;6;24;πλην ουαι υμιν τοις πλουσιοις οτι απεχετε την παρακλησιν υμων
luke;6;25;ουαι υμιν οι εμπεπλησμενοι οτι πεινασετε ουαι υμιν οι γελωντες νυν οτι πενθησετε και κλαυσετε
luke;6;26;ουαι υμιν οταν καλως υμας ειπωσιν παντες οι ανθρωποι κατα ταυτα γαρ εποιουν τοις ψευδοπροφηταις οι πατερες αυτων
luke;6;27;αλλ υμιν λεγω τοις ακουουσιν αγαπατε τους εχθρους υμων καλως ποιειτε τοις μισουσιν υμας
luke;6;28;ευλογειτε τους καταρωμενους υμιν και προσευχεσθε υπερ των επηρεαζοντων υμας
luke;6;29;τω τυπτοντι σε επι την σιαγονα παρεχε και την αλλην και απο του αιροντος σου το ιματιον και τον χιτωνα μη κωλυσης
luke;6;30;παντι δε τω αιτουντι σε διδου και απο του αιροντος τα σα μη απαιτει
luke;6;31;και καθως θελετε ινα ποιωσιν υμιν οι ανθρωποι και υμεις ποιειτε αυτοις ομοιως
luke;6;32;και ει αγαπατε τους αγαπωντας υμας ποια υμιν χαρις εστιν και γαρ οι αμαρτωλοι τους αγαπωντας αυτους αγαπωσιν
luke;6;33;και εαν αγαθοποιητε τους αγαθοποιουντας υμας ποια υμιν χαρις εστιν και γαρ οι αμαρτωλοι το αυτο ποιουσιν
luke;6;34;και εαν δανειζητε παρ ων απολαβειν ποια υμιν χαρις εστιν και γαρ οι αμαρτωλοι αμαρτωλοις δανειζουσιν ινα απολαβωσιν τα ισα
luke;6;35;πλην αγαπατε τους εχθρους υμων και αγαθοποιειτε και δανειζετε μηδεν απελπιζοντες και εσται ο μισθος υμων πολυς και εσεσθε υιοι του υψιστου οτι αυτος χρηστος εστιν επι τους αχαριστους και πονηρους
luke;6;36;γινεσθε ουν οικτιρμονες καθως και ο πατηρ υμων οικτιρμων εστιν
luke;6;37;{VA
luke;1: και } μη κρινετε και ου μη κριθητε μη καταδικαζετε και ου μη καταδικασθητε απολυετε και απολυθησεσθε
luke;6;38;διδοτε και δοθησεται υμιν μετρον καλον πεπιεσμενον και σεσαλευμενον και υπερεκχυνομενον δωσουσιν εις τον κολπον υμων τω γαρ αυτω μετρω ω μετρειτε αντιμετρηθησεται υμιν
luke;6;39;ειπεν δε παραβολην αυτοις μητι δυναται τυφλος τυφλον οδηγειν ουχι αμφοτεροι εις βοθυνον πεσουνται
luke;6;40;ουκ εστιν μαθητης υπερ τον διδασκαλον αυτου κατηρτισμενος δε πας εσται ως ο διδασκαλος αυτου
luke;6;41;τι δε βλεπεις το καρφος το εν τω οφθαλμω του αδελφου σου την δε δοκον την εν τω ιδιω οφθαλμω ου κατανοεις
luke;6;42;η πως δυνασαι λεγειν τω αδελφω σου αδελφε αφες εκβαλω το καρφος το εν τω οφθαλμω σου αυτος την εν τω οφθαλμω σου δοκον ου βλεπων υποκριτα εκβαλε πρωτον την δοκον εκ του οφθαλμου σου και τοτε διαβλεψεις εκβαλειν το καρφος το εν τω οφθαλμω του αδελφου σου
luke;6;43;ου γαρ εστιν δενδρον καλον ποιουν καρπον σαπρον ουδε δενδρον σαπρον ποιουν καρπον καλον
luke;6;44;εκαστον γαρ δενδρον εκ του ιδιου καρπου γινωσκεται ου γαρ εξ ακανθων συλλεγουσιν συκα ουδε εκ βατου τρυγωσιν σταφυλην
luke;6;45;ο αγαθος ανθρωπος εκ του αγαθου θησαυρου της καρδιας αυτου προφερει το αγαθον και ο πονηρος ανθρωπος εκ του πονηρου θησαυρου της καρδιας αυτου προφερει το πονηρον εκ γαρ του περισσευματος της καρδιας λαλει το στομα αυτου
luke;6;46;τι δε με καλειτε κυριε κυριε και ου ποιειτε α λεγω
luke;6;47;πας ο ερχομενος προς με και ακουων μου των λογων και ποιων αυτους υποδειξω υμιν τινι εστιν ομοιος
luke;6;48;ομοιος εστιν ανθρωπω οικοδομουντι οικιαν ος εσκαψεν και εβαθυνεν και εθηκεν θεμελιον επι την πετραν πλημμυρας δε γενομενης προσερρηξεν ο ποταμος τη οικια εκεινη και ουκ ισχυσεν σαλευσαι αυτην τεθεμελιωτο γαρ επι την πετραν
luke;6;49;ο δε ακουσας και μη ποιησας ομοιος εστιν ανθρωπω οικοδομησαντι οικιαν επι την γην χωρις θεμελιου η προσερρηξεν ο ποταμος και ευθεως επεσεν και εγενετο το ρηγμα της οικιας εκεινης μεγα
luke;7;1;επει δε επληρωσεν παντα τα ρηματα αυτου εις τας ακοας του λαου εισηλθεν εις καπερναουμ
luke;7;2;εκατονταρχου δε τινος δουλος κακως εχων ημελλεν τελευταν ος ην αυτω εντιμος
luke;7;3;ακουσας δε περι του ιησου απεστειλεν προς αυτον πρεσβυτερους των ιουδαιων ερωτων αυτον οπως ελθων διασωση τον δουλον αυτου
luke;7;4;οι δε παραγενομενοι προς τον ιησουν παρεκαλουν αυτον σπουδαιως λεγοντες οτι αξιος εστιν ω παρεξει τουτο
luke;7;5;αγαπα γαρ το εθνος ημων και την συναγωγην αυτος ωκοδομησεν ημιν
luke;7;6;ο δε ιησους επορευετο συν αυτοις ηδη δε αυτου ου μακραν απεχοντος απο της οικιας επεμψεν προς αυτον ο εκατονταρχος φιλους λεγων αυτω κυριε μη σκυλλου ου γαρ ειμι ικανος ινα υπο την στεγην μου εισελθης
luke;7;7;διο ουδε εμαυτον ηξιωσα προς σε ελθειν αλλα ειπε λογω και ιαθησεται ο παις μου
luke;7;8;και γαρ εγω ανθρωπος ειμι υπο εξουσιαν τασσομενος εχων υπ εμαυτον στρατιωτας και λεγω τουτω πορευθητι και πορευεται και αλλω ερχου και ερχεται και τω δουλω μου ποιησον τουτο και ποιει
luke;7;9;ακουσας δε ταυτα ο ιησους εθαυμασεν αυτον και στραφεις τω ακολουθουντι αυτω οχλω ειπεν λεγω υμιν ουδε εν τω ισραηλ τοσαυτην πιστιν ευρον
luke;7;10;και υποστρεψαντες οι πεμφθεντες εις τον οικον ευρον τον ασθενουντα δουλον υγιαινοντα
luke;7;11;και εγενετο εν τη εξης επορευετο εις πολιν καλουμενην ναιν και συνεπορευοντο αυτω οι μαθηται αυτου ικανοι και οχλος πολυς
luke;7;12;ως δε ηγγισεν τη πυλη της πολεως και ιδου εξεκομιζετο τεθνηκως υιος μονογενης τη μητρι αυτου και αυτη ην χηρα και οχλος της πολεως ικανος συν αυτη
luke;7;13;και ιδων αυτην ο κυριος εσπλαγχνισθη επ αυτη και ειπεν αυτη μη κλαιε
luke;7;14;και προσελθων ηψατο της σορου οι δε βασταζοντες εστησαν και ειπεν νεανισκε σοι λεγω εγερθητι
luke;7;15;και ανεκαθισεν ο νεκρος και ηρξατο λαλειν και εδωκεν αυτον τη μητρι αυτου
luke;7;16;ελαβεν δε φοβος απαντας και εδοξαζον τον θεον λεγοντες οτι προφητης μεγας εγηγερται εν ημιν και οτι επεσκεψατο ο θεος τον λαον αυτου
luke;7;17;και εξηλθεν ο λογος ουτος εν ολη τη ιουδαια περι αυτου και εν παση τη περιχωρω
luke;7;18;και απηγγειλαν ιωαννη οι μαθηται αυτου περι παντων τουτων
luke;7;19;και προσκαλεσαμενος δυο τινας των μαθητων αυτου ο ιωαννης επεμψεν προς τον ιησουν λεγων συ ει ο ερχομενος η αλλον προσδοκωμεν
luke;7;20;παραγενομενοι δε προς αυτον οι ανδρες ειπον ιωαννης ο βαπτιστης απεσταλκεν ημας προς σε λεγων συ ει ο ερχομενος η αλλον προσδοκωμεν
luke;7;21;εν αυτη δε τη ωρα εθεραπευσεν πολλους απο νοσων και μαστιγων και πνευματων πονηρων και τυφλοις πολλοις εχαρισατο το βλεπειν
luke;7;22;και αποκριθεις ο ιησους ειπεν αυτοις πορευθεντες απαγγειλατε ιωαννη α ειδετε και ηκουσατε οτι τυφλοι αναβλεπουσιν χωλοι περιπατουσιν λεπροι καθαριζονται κωφοι ακουουσιν νεκροι εγειρονται πτωχοι ευαγγελιζονται
luke;7;23;και μακαριος εστιν ος εαν μη σκανδαλισθη εν εμοι
luke;7;24;απελθοντων δε των αγγελων ιωαννου ηρξατο λεγειν προς τους οχλους περι ιωαννου τι εξεληλυθατε εις την ερημον θεασασθαι καλαμον υπο ανεμου σαλευομενον
luke;7;25;αλλα τι εξεληλυθατε ιδειν ανθρωπον εν μαλακοις ιματιοις ημφιεσμενον ιδου οι εν ιματισμω ενδοξω και τρυφη υπαρχοντες εν τοις βασιλειοις εισιν
luke;7;26;αλλα τι εξεληλυθατε ιδειν προφητην ναι λεγω υμιν και περισσοτερον προφητου
luke;7;27;ουτος εστιν περι ου γεγραπται ιδου εγω αποστελλω τον αγγελον μου προ προσωπου σου ος κατασκευασει την οδον σου εμπροσθεν σου
luke;7;28;λεγω γαρ υμιν μειζων εν γεννητοις γυναικων προφητης ιωαννου του βαπτιστου ουδεις εστιν ο δε μικροτερος εν τη βασιλεια του θεου μειζων αυτου εστιν
luke;7;29;και πας ο λαος ακουσας και οι τελωναι εδικαιωσαν τον θεον βαπτισθεντες το βαπτισμα ιωαννου
luke;7;30;οι δε φαρισαιοι και οι νομικοι την βουλην του θεου ηθετησαν εις εαυτους μη βαπτισθεντες υπ αυτου
luke;7;31;ειπεν δε ο κυριος τινι ουν ομοιωσω τους ανθρωπους της γενεας ταυτης και τινι εισιν ομοιοι
luke;7;32;ομοιοι εισιν παιδιοις τοις εν αγορα καθημενοις και προσφωνουσιν αλληλοις και λεγουσιν ηυλησαμεν υμιν και ουκ ωρχησασθε εθρηνησαμεν υμιν και ουκ εκλαυσατε
luke;7;33;εληλυθεν γαρ ιωαννης ο βαπτιστης μητε αρτον εσθιων μητε οινον πινων και λεγετε δαιμονιον εχει
luke;7;34;εληλυθεν ο υιος του ανθρωπου εσθιων και πινων και λεγετε ιδου ανθρωπος φαγος και οινοποτης τελωνων φιλος και αμαρτωλων
luke;7;35;και εδικαιωθη η σοφια απο των τεκνων αυτης παντων
luke;7;36;ηρωτα δε τις αυτον των φαρισαιων ινα φαγη μετ αυτου και εισελθων εις την οικιαν του φαρισαιου ανεκλιθη
luke;7;37;και ιδου γυνη εν τη πολει ητις ην αμαρτωλος επιγνουσα οτι ανακειται εν τη οικια του φαρισαιου κομισασα αλαβαστρον μυρου
luke;7;38;και στασα παρα τους ποδας αυτου οπισω κλαιουσα ηρξατο βρεχειν τους ποδας αυτου τοις δακρυσιν και ταις θριξιν της κεφαλης αυτης εξεμασσεν και κατεφιλει τους ποδας αυτου και ηλειφεν τω μυρω
luke;7;39;ιδων δε ο φαρισαιος ο καλεσας αυτον ειπεν εν εαυτω λεγων ουτος ει ην προφητης εγινωσκεν αν τις και ποταπη η γυνη ητις απτεται αυτου οτι αμαρτωλος εστιν
luke;7;40;και αποκριθεις ο ιησους ειπεν προς αυτον σιμων εχω σοι τι ειπειν ο δε φησιν διδασκαλε ειπε
luke;7;41;δυο χρεωφειλεται ησαν δανειστη τινι ο εις ωφειλεν δηναρια πεντακοσια ο δε ετερος πεντηκοντα
luke;7;42;μη εχοντων δε αυτων αποδουναι αμφοτεροις εχαρισατο τις ουν αυτων ειπε πλειον αυτον αγαπησει
luke;7;43;αποκριθεις δε ο σιμων ειπεν υπολαμβανω οτι ω το πλειον εχαρισατο ο δε ειπεν αυτω ορθως εκρινας
luke;7;44;και στραφεις προς την γυναικα τω σιμωνι εφη βλεπεις ταυτην την γυναικα εισηλθον σου εις την οικιαν υδωρ επι τους ποδας μου ουκ εδωκας αυτη δε τοις δακρυσιν εβρεξεν μου τους ποδας και ταις θριξιν της κεφαλης αυτης εξεμαξεν
luke;7;45;φιλημα μοι ουκ εδωκας αυτη δε αφ ης εισηλθον ου διελιπεν καταφιλουσα μου τους ποδας
luke;7;46;ελαιω την κεφαλην μου ουκ ηλειψας αυτη δε μυρω ηλειψεν μου τους ποδας
luke;7;47;ου χαριν λεγω σοι αφεωνται αι αμαρτιαι αυτης αι πολλαι οτι ηγαπησεν πολυ ω δε ολιγον αφιεται ολιγον αγαπα
luke;7;48;ειπεν δε αυτη αφεωνται σου αι αμαρτιαι
luke;7;49;και ηρξαντο οι συνανακειμενοι λεγειν εν εαυτοις τις ουτος εστιν ος και αμαρτιας αφιησιν
luke;7;50;ειπεν δε προς την γυναικα η πιστις σου σεσωκεν σε πορευου εις ειρηνην
luke;8;1;και εγενετο εν τω καθεξης και αυτος διωδευεν κατα πολιν και κωμην κηρυσσων και ευαγγελιζομενος την βασιλειαν του θεου και οι δωδεκα συν αυτω
luke;8;2;και γυναικες τινες αι ησαν τεθεραπευμεναι απο πνευματων πονηρων και ασθενειων μαρια η καλουμενη μαγδαληνη αφ ης δαιμονια επτα εξεληλυθει
luke;8;3;και ιωαννα γυνη χουζα επιτροπου ηρωδου και σουσαννα και ετεραι πολλαι αιτινες διηκονουν αυτω απο των υπαρχοντων αυταις
luke;8;4;συνιοντος δε οχλου πολλου και των κατα πολιν επιπορευομενων προς αυτον ειπεν δια παραβολης
luke;8;5;εξηλθεν ο σπειρων του σπειραι τον σπορον αυτου και εν τω σπειρειν αυτον ο μεν επεσεν παρα την οδον και κατεπατηθη και τα πετεινα του ουρανου κατεφαγεν αυτο
luke;8;6;και ετερον επεσεν επι την πετραν και φυεν εξηρανθη δια το μη εχειν ικμαδα
luke;8;7;και ετερον επεσεν εν μεσω των ακανθων και συμφυεισαι αι ακανθαι απεπνιξαν αυτο
luke;8;8;και ετερον επεσεν επι την γην την αγαθην και φυεν εποιησεν καρπον εκατονταπλασιονα ταυτα λεγων εφωνει ο εχων ωτα ακουειν ακουετω
luke;8;9;επηρωτων δε αυτον οι μαθηται αυτου λεγοντες τις ειη η παραβολη αυτη
luke;8;10;ο δε ειπεν υμιν δεδοται γνωναι τα μυστηρια της βασιλειας του θεου τοις δε λοιποις εν παραβολαις ινα βλεποντες μη βλεπωσιν και ακουοντες μη συνιωσιν
luke;8;11;εστιν δε αυτη η παραβολη ο σπορος εστιν ο λογος του θεου
luke;8;12;οι δε παρα την οδον εισιν οι ακουοντες ειτα ερχεται ο διαβολος και αιρει τον λογον απο της καρδιας αυτων ινα μη πιστευσαντες σωθωσιν
luke;8;13;οι δε επι της πετρας οι οταν ακουσωσιν μετα χαρας δεχονται τον λογον και ουτοι ριζαν ουκ εχουσιν οι προς καιρον πιστευουσιν και εν καιρω πειρασμου αφιστανται
luke;8;14;το δε εις τας ακανθας πεσον ουτοι εισιν οι ακουσαντες και υπο μεριμνων και πλουτου και ηδονων του βιου πορευομενοι συμπνιγονται και ου τελεσφορουσιν
luke;8;15;το δε εν τη καλη γη ουτοι εισιν οιτινες εν καρδια καλη και αγαθη ακουσαντες τον λογον κατεχουσιν και καρποφορουσιν εν υπομονη
luke;8;16;ουδεις δε λυχνον αψας καλυπτει αυτον σκευει η υποκατω κλινης τιθησιν αλλ επι λυχνιας επιτιθησιν ινα οι εισπορευομενοι βλεπωσιν το φως
luke;8;17;ου γαρ εστιν κρυπτον ο ου φανερον γενησεται ουδε αποκρυφον ο ου γνωσθησεται και εις φανερον ελθη
luke;8;18;βλεπετε ουν πως ακουετε ος γαρ αν εχη δοθησεται αυτω και ος αν μη εχη και ο δοκει εχειν αρθησεται απ αυτου
luke;8;19;παρεγενοντο δε προς αυτον η μητηρ και οι αδελφοι αυτου και ουκ ηδυναντο συντυχειν αυτω δια τον οχλον
luke;8;20;και απηγγελη αυτω λεγοντων η μητηρ σου και οι αδελφοι σου εστηκασιν εξω ιδειν σε θελοντες
luke;8;21;ο δε αποκριθεις ειπεν προς αυτους μητηρ μου και αδελφοι μου ουτοι εισιν οι τον λογον του θεου ακουοντες και ποιουντες αυτον
luke;8;22;και εγενετο εν μια των ημερων και αυτος ενεβη εις πλοιον και οι μαθηται αυτου και ειπεν προς αυτους διελθωμεν εις το περαν της λιμνης και ανηχθησαν
luke;8;23;πλεοντων δε αυτων αφυπνωσεν και κατεβη λαιλαψ ανεμου εις την λιμνην και συνεπληρουντο και εκινδυνευον
luke;8;24;προσελθοντες δε διηγειραν αυτον λεγοντες επιστατα επιστατα απολλυμεθα ο δε εγερθεις επετιμησεν τω ανεμω και τω κλυδωνι του υδατος και επαυσαντο και εγενετο γαληνη
luke;8;25;ειπεν δε αυτοις που εστιν η πιστις υμων φοβηθεντες δε εθαυμασαν λεγοντες προς αλληλους τις αρα ουτος εστιν οτι και τοις ανεμοις επιτασσει και τω υδατι και υπακουουσιν αυτω
luke;8;26;και κατεπλευσαν εις την χωραν των γαδαρηνων ητις εστιν αντιπεραν της γαλιλαιας
luke;8;27;εξελθοντι δε αυτω επι την γην υπηντησεν αυτω ανηρ τις εκ της πολεως ος ειχεν δαιμονια εκ χρονων ικανων και ιματιον ουκ ενεδιδυσκετο και εν οικια ουκ εμενεν αλλ εν τοις μνημασιν
luke;8;28;ιδων δε τον ιησουν και ανακραξας προσεπεσεν αυτω και φωνη μεγαλη ειπεν τι εμοι και σοι ιησου υιε του θεου του υψιστου δεομαι σου μη με βασανισης
luke;8;29;{VA
luke;1: παρηγγελλεν } γαρ τω πνευματι τω ακαθαρτω εξελθειν απο του ανθρωπου πολλοις γαρ χρονοις συνηρπακει αυτον και εδεσμειτο αλυσεσιν και πεδαις φυλασσομενος και διαρρησσων τα δεσμα ηλαυνετο υπο του δαιμονος εις τας ερημους
luke;8;30;επηρωτησεν δε αυτον ο ιησους λεγων τι σοι εστιν ονομα ο δε ειπεν λεγεων οτι δαιμονια πολλα εισηλθεν εις αυτον
luke;8;31;και αυτον ινα μη επιταξη αυτοις εις την αβυσσον απελθειν
luke;8;32;ην δε εκει αγελη χοιρων ικανων βοσκομενων εν τω ορει και παρεκαλουν αυτον ινα επιτρεψη αυτοις εις εκεινους εισελθειν και επετρεψεν αυτοις
luke;8;33;εξελθοντα δε τα δαιμονια απο του ανθρωπου εισηλθεν εις τους χοιρους και ωρμησεν η αγελη κατα του κρημνου εις την λιμνην και απεπνιγη
luke;8;34;ιδοντες δε οι βοσκοντες το γεγενημενον εφυγον και απελθοντες απηγγειλαν εις την πολιν και εις τους αγρους
luke;8;35;εξηλθον δε ιδειν το γεγονος και ηλθον προς τον ιησουν και ευρον καθημενον τον ανθρωπον αφ ου τα δαιμονια εξεληλυθει ιματισμενον και σωφρονουντα παρα τους ποδας του ιησου και εφοβηθησαν
luke;8;36;απηγγειλαν δε αυτοις και οι ιδοντες πως εσωθη ο δαιμονισθεις
luke;8;37;και ηρωτησαν αυτον απαν το πληθος της περιχωρου των γαδαρηνων απελθειν απ αυτων οτι φοβω μεγαλω συνειχοντο αυτος δε εμβας εις το πλοιον υπεστρεψεν
luke;8;38;εδεετο δε αυτου ο ανηρ αφ ου εξεληλυθει τα δαιμονια ειναι συν αυτω απελυσεν δε αυτον ο ιησους λεγων
luke;8;39;υποστρεφε εις τον οικον σου και διηγου οσα εποιησεν σοι ο θεος και απηλθεν καθ ολην την πολιν κηρυσσων οσα εποιησεν αυτω ο ιησους
luke;8;40;εγενετο δε εν τω υποστρεψαι τον ιησουν απεδεξατο αυτον ο οχλος ησαν γαρ παντες προσδοκωντες αυτον
luke;8;41;και ιδου ηλθεν ανηρ ω ονομα ιαειρος και αυτος αρχων της συναγωγης υπηρχεν και πεσων παρα τους ποδας του ιησου παρεκαλει αυτον εισελθειν εις τον οικον αυτου
luke;8;42;οτι θυγατηρ μονογενης ην αυτω ως ετων δωδεκα και αυτη απεθνησκεν εν δε τω υπαγειν αυτον οι οχλοι συνεπνιγον αυτον
luke;8;43;και γυνη ουσα εν ρυσει αιματος απο ετων δωδεκα ητις εις ιατρους προσαναλωσασα ολον τον βιον ουκ ισχυσεν υπ ουδενος θεραπευθηναι
luke;8;44;προσελθουσα οπισθεν ηψατο του κρασπεδου του ιματιου αυτου και παραχρημα εστη η ρυσις του αιματος αυτης
luke;8;45;και ειπεν ο ιησους τις ο αψαμενος μου αρνουμενων δε παντων ειπεν ο πετρος και οι μετ αυτου επιστατα οι οχλοι συνεχουσιν σε και αποθλιβουσιν και λεγεις τις ο αψαμενος μου
luke;8;46;ο δε ιησους ειπεν ηψατο μου τις εγω γαρ εγνων δυναμιν εξελθουσαν απ εμου
luke;8;47;ιδουσα δε η γυνη οτι ουκ ελαθεν τρεμουσα ηλθεν και προσπεσουσα αυτω δι ην αιτιαν ηψατο αυτου απηγγειλεν αυτω ενωπιον παντος του λαου και ως ιαθη παραχρημα
luke;8;48;ο δε ειπεν αυτη θαρσει θυγατερ η πιστις σου σεσωκεν σε πορευου εις ειρηνην
luke;8;49;ετι αυτου λαλουντος ερχεται τις παρα του αρχισυναγωγου λεγων αυτω οτι τεθνηκεν η θυγατηρ σου μη σκυλλε τον διδασκαλον
luke;8;50;ο δε ιησους ακουσας απεκριθη αυτω λεγων μη φοβου μονον πιστευε και σωθησεται
luke;8;51;εισελθων δε εις την οικιαν ουκ αφηκεν εισελθειν ουδενα ει μη πετρον και ιακωβον και ιωαννην και τον πατερα της παιδος και την μητερα
luke;8;52;εκλαιον δε παντες και εκοπτοντο αυτην ο δε ειπεν μη κλαιετε ουκ απεθανεν αλλα καθευδει
luke;8;53;και κατεγελων αυτου ειδοτες οτι απεθανεν
luke;8;54;αυτος δε εκβαλων εξω παντας και κρατησας της χειρος αυτης εφωνησεν λεγων η παις εγειρου
luke;8;55;και επεστρεψεν το πνευμα αυτης και ανεστη παραχρημα και διεταξεν αυτη δοθηναι φαγειν
luke;8;56;και εξεστησαν οι γονεις αυτης ο δε παρηγγειλεν αυτοις μηδενι ειπειν το γεγονος
luke;9;1;συγκαλεσαμενος δε τους δωδεκα μαθητας αυτου εδωκεν αυτοις δυναμιν και εξουσιαν επι παντα τα δαιμονια και νοσους θεραπευειν
luke;9;2;και απεστειλεν αυτους κηρυσσειν την βασιλειαν του θεου και ιασθαι τους ασθενουντας
luke;9;3;και ειπεν προς αυτους μηδεν αιρετε εις την οδον μητε ραβδους μητε πηραν μητε αρτον μητε αργυριον μητε ανα δυο χιτωνας εχειν
luke;9;4;και εις ην αν οικιαν εισελθητε εκει μενετε και εκειθεν εξερχεσθε
luke;9;5;και οσοι αν μη δεξωνται υμας εξερχομενοι απο της πολεως εκεινης και τον κονιορτον απο των ποδων υμων αποτιναξατε εις μαρτυριον επ αυτους
luke;9;6;εξερχομενοι δε διηρχοντο κατα τας κωμας ευαγγελιζομενοι και θεραπευοντες πανταχου
luke;9;7;ηκουσεν δε ηρωδης ο τετραρχης τα γινομενα υπ αυτου παντα και διηπορει δια το λεγεσθαι υπο τινων οτι ιωαννης εγηγερται εκ νεκρων
luke;9;8;υπο τινων δε οτι ηλιας εφανη αλλων δε οτι προφητης εις των αρχαιων ανεστη
luke;9;9;και ειπεν ο ηρωδης ιωαννην εγω απεκεφαλισα τις δε εστιν ουτος περι ου εγω ακουω τοιαυτα και εζητει ιδειν αυτον
luke;9;10;και υποστρεψαντες οι αποστολοι διηγησαντο αυτω οσα εποιησαν και παραλαβων αυτους υπεχωρησεν κατ ιδιαν εις τοπον ερημον πολεως καλουμενης βηθσαιδα
luke;9;11;οι δε οχλοι γνοντες ηκολουθησαν αυτω και δεξαμενος αυτους ελαλει αυτοις περι της βασιλειας του θεου και τους χρειαν εχοντας θεραπειας ιατο
luke;9;12;η δε ημερα ηρξατο κλινειν προσελθοντες δε οι δωδεκα ειπον αυτω απολυσον τον οχλον ινα απελθοντες εις τας κυκλω κωμας και τους αγρους καταλυσωσιν και ευρωσιν επισιτισμον οτι ωδε εν ερημω τοπω εσμεν
luke;9;13;ειπεν δε προς αυτους δοτε αυτοις υμεις φαγειν οι δε ειπον ουκ εισιν ημιν πλειον η πεντε αρτοι και δυο ιχθυες ει μητι πορευθεντες ημεις αγορασωμεν εις παντα τον λαον τουτον βρωματα
luke;9;14;ησαν γαρ ωσει ανδρες πεντακισχιλιοι ειπεν δε προς τους μαθητας αυτου κατακλινατε αυτους κλισιας ανα πεντηκοντα
luke;9;15;και εποιησαν ουτως και ανεκλιναν απαντας
luke;9;16;λαβων δε τους πεντε αρτους και τους δυο ιχθυας αναβλεψας εις τον ουρανον ευλογησεν αυτους και κατεκλασεν και εδιδου τοις μαθηταις παρατιθεναι τω οχλω
luke;9;17;και εφαγον και εχορτασθησαν παντες και ηρθη το περισσευσαν αυτοις κλασματων κοφινοι δωδεκα
luke;9;18;και εγενετο εν τω ειναι αυτον προσευχομενον καταμονας συνησαν αυτω οι μαθηται και επηρωτησεν αυτους λεγων τινα με λεγουσιν οι οχλοι ειναι
luke;9;19;οι δε αποκριθεντες ειπον ιωαννην τον βαπτιστην αλλοι δε ηλιαν αλλοι δε οτι προφητης τις των αρχαιων ανεστη
luke;9;20;ειπεν δε αυτοις υμεις δε τινα με λεγετε ειναι αποκριθεις δε ο πετρος ειπεν τον χριστον του θεου
luke;9;21;ο δε επιτιμησας αυτοις παρηγγειλεν μηδενι ειπειν τουτο
luke;9;22;ειπων οτι δει τον υιον του ανθρωπου πολλα παθειν και αποδοκιμασθηναι απο των πρεσβυτερων και αρχιερεων και γραμματεων και αποκτανθηναι και τη τριτη ημερα εγερθηναι
luke;9;23;ελεγεν δε προς παντας ει τις θελει οπισω μου ελθειν απαρνησασθω εαυτον και αρατω τον σταυρον αυτου καθ ημεραν και ακολουθειτω μοι
luke;9;24;ος γαρ αν θελη την ψυχην αυτου σωσαι απολεσει αυτην ος δ αν απολεση την ψυχην αυτου ενεκεν εμου ουτος σωσει αυτην
luke;9;25;τι γαρ ωφελειται ανθρωπος κερδησας τον κοσμον ολον εαυτον δε απολεσας η ζημιωθεις
luke;9;26;ος γαρ αν επαισχυνθη με και τους εμους λογους τουτον ο υιος του ανθρωπου επαισχυνθησεται οταν ελθη εν τη δοξη αυτου και του πατρος και των αγιων αγγελων
luke;9;27;λεγω δε υμιν αληθως εισιν τινες των ωδε εστηκοτων οι ου μη γευσονται θανατου εως αν ιδωσιν την βασιλειαν του θεου
luke;9;28;εγενετο δε μετα τους λογους τουτους ωσει ημεραι οκτω και παραλαβων τον πετρον και ιωαννην και ιακωβον ανεβη εις το ορος προσευξασθαι
luke;9;29;και εγενετο εν τω προσευχεσθαι αυτον το ειδος του προσωπου αυτου ετερον και ο ιματισμος αυτου λευκος εξαστραπτων
luke;9;30;και ιδου ανδρες δυο συνελαλουν αυτω οιτινες ησαν μωσης και ηλιας
luke;9;31;οι οφθεντες εν δοξη ελεγον την εξοδον αυτου ην εμελλεν πληρουν εν ιερουσαλημ
luke;9;32;ο δε πετρος και οι συν αυτω ησαν βεβαρημενοι υπνω διαγρηγορησαντες δε ειδον την δοξαν αυτου και τους δυο ανδρας τους συνεστωτας αυτω
luke;9;33;και εγενετο εν τω διαχωριζεσθαι αυτους απ αυτου ειπεν ο πετρος προς τον ιησουν επιστατα καλον εστιν ημας ωδε ειναι και ποιησωμεν σκηνας τρεις μιαν σοι και μωσει μιαν και μιαν ηλια μη ειδως ο λεγει
luke;9;34;ταυτα δε αυτου λεγοντος εγενετο νεφελη και επεσκιασεν αυτους εφοβηθησαν δε εν τω εκεινους εισελθειν εις την νεφελην
luke;9;35;και φωνη εγενετο εκ της νεφελης λεγουσα ουτος εστιν ο υιος μου ο αγαπητος αυτου ακουετε
luke;9;36;και εν τω γενεσθαι την φωνην ευρεθη ο ιησους μονος και αυτοι εσιγησαν και ουδενι απηγγειλαν εν εκειναις ταις ημεραις ουδεν ων εωρακασιν
luke;9;37;εγενετο δε εν τη εξης ημερα κατελθοντων αυτων απο του ορους συνηντησεν αυτω οχλος πολυς
luke;9;38;και ιδου ανηρ απο του οχλου ανεβοησεν λεγων διδασκαλε δεομαι σου επιβλεψον επι τον υιον μου οτι μονογενης εστιν μοι
luke;9;39;και ιδου πνευμα λαμβανει αυτον και εξαιφνης κραζει και σπαρασσει αυτον μετα αφρου και μογις αποχωρει απ αυτου συντριβον αυτον
luke;9;40;και εδεηθην των μαθητων σου ινα εκβαλλωσιν αυτο και ουκ ηδυνηθησαν
luke;9;41;αποκριθεις δε ο ιησους ειπεν ω γενεα απιστος και διεστραμμενη εως ποτε εσομαι προς υμας και ανεξομαι υμων προσαγαγε ωδε τον υιον σου
luke;9;42;ετι δε προσερχομενου αυτου ερρηξεν αυτον το δαιμονιον και συνεσπαραξεν επετιμησεν δε ο ιησους τω πνευματι τω ακαθαρτω και ιασατο τον παιδα και απεδωκεν αυτον τω πατρι αυτου
luke;9;43;εξεπλησσοντο δε παντες επι τη μεγαλειοτητι του θεου παντων δε θαυμαζοντων επι πασιν οις εποιησεν ο ιησους ειπεν προς τους μαθητας αυτου
luke;9;44;θεσθε υμεις εις τα ωτα υμων τους λογους τουτους ο γαρ υιος του ανθρωπου μελλει παραδιδοσθαι εις χειρας ανθρωπων
luke;9;45;οι δε ηγνοουν το ρημα τουτο και ην παρακεκαλυμμενον απ αυτων ινα μη αισθωνται αυτο και εφοβουντο ερωτησαι αυτον περι του ρηματος τουτου
luke;9;46;εισηλθεν δε διαλογισμος εν αυτοις το τις αν ειη μειζων αυτων
luke;9;47;ο δε ιησους ιδων τον διαλογισμον της καρδιας αυτων επιλαβομενος παιδιου εστησεν αυτο παρ εαυτω
luke;9;48;και ειπεν αυτοις ος εαν δεξηται τουτο το παιδιον επι τω ονοματι μου εμε δεχεται και ος εαν εμε δεξηται δεχεται τον αποστειλαντα με ο γαρ μικροτερος εν πασιν υμιν υπαρχων ουτος εσται μεγας
luke;9;49;αποκριθεις δε ο ιωαννης ειπεν επιστατα ειδομεν τινα επι τω ονοματι σου εκβαλλοντα τα δαιμονια και εκωλυσαμεν αυτον οτι ουκ ακολουθει μεθ ημων
luke;9;50;και ειπεν προς αυτον ο ιησους μη κωλυετε ος γαρ ουκ εστιν καθ ημων υπερ ημων εστιν
luke;9;51;εγενετο δε εν τω συμπληρουσθαι τας ημερας της αναληψεως αυτου και αυτος το προσωπον αυτου εστηριξεν του πορευεσθαι εις ιερουσαλημ
luke;9;52;και απεστειλεν αγγελους προ προσωπου αυτου και πορευθεντες εισηλθον εις κωμην σαμαρειτων ωστε ετοιμασαι αυτω
luke;9;53;και ουκ εδεξαντο αυτον οτι το προσωπον αυτου ην πορευομενον εις ιερουσαλημ
luke;9;54;ιδοντες δε οι μαθηται αυτου ιακωβος και ιωαννης ειπον κυριε θελεις ειπωμεν πυρ καταβηναι απο του ουρανου και αναλωσαι αυτους ως και ηλιας εποιησεν
luke;9;55;στραφεις δε επετιμησεν αυτοις και ειπεν ουκ οιδατε οιου πνευματος εστε υμεις
luke;9;56;ο γαρ υιος του ανθρωπου ουκ ηλθεν ψυχας ανθρωπων απολεσαι αλλα σωσαι και επορευθησαν εις ετεραν κωμην
luke;9;57;εγενετο δε πορευομενων αυτων εν τη οδω ειπεν τις προς αυτον ακολουθησω σοι οπου αν απερχη κυριε
luke;9;58;και ειπεν αυτω ο ιησους αι αλωπεκες φωλεους εχουσιν και τα πετεινα του ουρανου κατασκηνωσεις ο δε υιος του ανθρωπου ουκ εχει που την κεφαλην κλινη
luke;9;59;ειπεν δε προς ετερον ακολουθει μοι ο δε ειπεν κυριε επιτρεψον μοι απελθοντι πρωτον θαψαι τον πατερα μου
luke;9;60;ειπεν δε αυτω ο ιησους αφες τους νεκρους θαψαι τους εαυτων νεκρους συ δε απελθων διαγγελλε την βασιλειαν του θεου
luke;9;61;ειπεν δε και ετερος ακολουθησω σοι κυριε πρωτον δε επιτρεψον μοι αποταξασθαι τοις εις τον οικον μου
luke;9;62;ειπεν δε προς αυτον ο ιησους ουδεις επιβαλων την χειρα αυτου επ αροτρον και βλεπων εις τα οπισω ευθετος εστιν εις την βασιλειαν του θεου
luke;10;1;μετα δε ταυτα ανεδειξεν ο κυριος και ετερους εβδομηκοντα και απεστειλεν αυτους ανα δυο προ προσωπου αυτου εις πασαν πολιν και τοπον ου εμελλεν αυτος ερχεσθαι
luke;10;2;ελεγεν ουν προς αυτους ο μεν θερισμος πολυς οι δε εργαται ολιγοι δεηθητε ουν του κυριου του θερισμου οπως εκβαλλη εργατας εις τον θερισμον αυτου
luke;10;3;υπαγετε ιδου εγω αποστελλω υμας ως αρνας εν μεσω λυκων
luke;10;4;μη βασταζετε βαλαντιον μη πηραν μηδε υποδηματα και μηδενα κατα την οδον ασπασησθε
luke;10;5;εις ην δ αν οικιαν εισερχησθε πρωτον λεγετε ειρηνη τω οικω τουτω
luke;10;6;και εαν μεν η εκει υιος ειρηνης επαναπαυσεται επ αυτον η ειρηνη υμων ει δε μηγε εφ υμας ανακαμψει
luke;10;7;εν αυτη δε τη οικια μενετε εσθιοντες και πινοντες τα παρ αυτων αξιος γαρ ο εργατης του μισθου αυτου εστιν μη μεταβαινετε εξ οικιας εις οικιαν
luke;10;8;και εις ην δ αν πολιν εισερχησθε και δεχωνται υμας εσθιετε τα παρατιθεμενα υμιν
luke;10;9;και θεραπευετε τους εν αυτη ασθενεις και λεγετε αυτοις ηγγικεν εφ υμας η βασιλεια του θεου
luke;10;10;εις ην δ αν πολιν εισερχησθε και μη δεχωνται υμας εξελθοντες εις τας πλατειας αυτης ειπατε
luke;10;11;και τον κονιορτον τον κολληθεντα ημιν εκ της πολεως υμων απομασσομεθα υμιν πλην τουτο γινωσκετε οτι ηγγικεν εφ υμας η βασιλεια του θεου
luke;10;12;λεγω δε υμιν οτι σοδομοις εν τη ημερα εκεινη ανεκτοτερον εσται η τη πολει εκεινη
luke;10;13;ουαι σοι χωραζιν ουαι σοι βηθσαιδα οτι ει εν τυρω και σιδωνι εγενοντο αι δυναμεις αι γενομεναι εν υμιν παλαι αν εν σακκω και σποδω καθημεναι μετενοησαν
luke;10;14;πλην τυρω και σιδωνι ανεκτοτερον εσται εν τη κρισει η υμιν
luke;10;15;και συ καπερναουμ η εως του ουρανου υψωθεισα εως αδου καταβιβασθηση
luke;10;16;ο ακουων υμων εμου ακουει και ο αθετων υμας εμε αθετει ο δε εμε αθετων αθετει τον αποστειλαντα με
luke;10;17;υπεστρεψαν δε οι εβδομηκοντα μετα χαρας λεγοντες κυριε και τα δαιμονια υποτασσεται ημιν εν τω ονοματι σου
luke;10;18;ειπεν δε αυτοις εθεωρουν τον σαταναν ως αστραπην εκ του ουρανου πεσοντα
luke;10;19;ιδου διδωμι υμιν την εξουσιαν του πατειν επανω οφεων και σκορπιων και επι πασαν την δυναμιν του εχθρου και ουδεν υμας ου μη
luke;10;20;πλην εν τουτω μη χαιρετε οτι τα πνευματα υμιν υποτασσεται χαιρετε δε μαλλον οτι τα ονοματα υμων εγραφη εν τοις ουρανοις
luke;10;21;εν αυτη τη ωρα ηγαλλιασατο τω πνευματι ο ιησους και ειπεν εξομολογουμαι σοι πατερ κυριε του ουρανου και της γης οτι απεκρυψας ταυτα απο σοφων και συνετων και απεκαλυψας αυτα νηπιοις ναι ο πατηρ οτι ουτως εγενετο ευδοκια εμπροσθεν σου
luke;10;22;{VA
luke;1: και στραφεις προς τους μαθητας ειπεν } παντα παρεδοθη μοι υπο του πατρος μου και ουδεις γινωσκει τις εστιν ο υιος ει μη ο πατηρ και τις εστιν ο πατηρ ει μη ο υιος και ω εαν βουληται ο υιος αποκαλυψαι
luke;10;23;και στραφεις προς τους μαθητας κατ ιδιαν ειπεν μακαριοι οι οφθαλμοι οι βλεποντες α βλεπετε
luke;10;24;λεγω γαρ υμιν οτι πολλοι προφηται και βασιλεις ηθελησαν ιδειν α υμεις βλεπετε και ουκ ειδον και ακουσαι α ακουετε και ουκ ηκουσαν
luke;10;25;και ιδου νομικος τις ανεστη εκπειραζων αυτον και λεγων διδασκαλε τι ποιησας ζωην αιωνιον κληρονομησω
luke;10;26;ο δε ειπεν προς αυτον εν τω νομω τι γεγραπται πως αναγινωσκεις
luke;10;27;ο δε αποκριθεις ειπεν αγαπησεις κυριον τον θεον σου εξ ολης της καρδιας σου και εξ ολης της ψυχης σου και εξ ολης της ισχυος σου και εξ ολης της διανοιας σου και τον πλησιον σου ως σεαυτον
luke;10;28;ειπεν δε αυτω ορθως απεκριθης τουτο ποιει και ζηση
luke;10;29;ο δε θελων δικαιουν εαυτον ειπεν προς τον ιησουν και τις εστιν μου πλησιον
luke;10;30;υπολαβων δε ο ιησους ειπεν ανθρωπος τις κατεβαινεν απο ιερουσαλημ εις ιεριχω και λησταις περιεπεσεν οι και εκδυσαντες αυτον και πληγας επιθεντες απηλθον αφεντες ημιθανη τυγχανοντα
luke;10;31;κατα συγκυριαν δε ιερευς τις κατεβαινεν εν τη οδω εκεινη και ιδων αυτον αντιπαρηλθεν
luke;10;32;ομοιως δε και λευιτης γενομενος κατα τον τοπον ελθων και ιδων αντιπαρηλθεν
luke;10;33;σαμαρειτης δε τις οδευων ηλθεν κατ αυτον και ιδων αυτον εσπλαγχνισθη
luke;10;34;και προσελθων κατεδησεν τα τραυματα αυτου επιχεων ελαιον και οινον επιβιβασας δε αυτον επι το ιδιον κτηνος ηγαγεν αυτον εις πανδοχειον και επεμεληθη αυτου
luke;10;35;και επι την αυριον εξελθων εκβαλων δυο δηναρια εδωκεν τω πανδοχει και ειπεν αυτω επιμεληθητι αυτου και ο τι αν προσδαπανησης εγω εν τω επανερχεσθαι με αποδωσω σοι
luke;10;36;τις ουν τουτων των τριων δοκει σοι πλησιον γεγονεναι του εμπεσοντος εις τους ληστας
luke;10;37;ο δε ειπεν ο ποιησας το ελεος μετ αυτου ειπεν ουν αυτω ο ιησους πορευου και συ ποιει ομοιως
luke;10;38;εγενετο δε εν τω πορευεσθαι αυτους και αυτος εισηλθεν εις κωμην τινα γυνη δε τις ονοματι μαρθα υπεδεξατο αυτον εις τον οικον αυτης
luke;10;39;και τηδε ην αδελφη καλουμενη μαρια η και παρακαθισασα παρα τους ποδας του ιησου ηκουεν τον λογον αυτου
luke;10;40;η δε μαρθα περιεσπατο περι πολλην διακονιαν επιστασα δε ειπεν κυριε ου μελει σοι οτι η αδελφη μου μονην με κατελιπεν διακονειν ειπε ουν αυτη ινα μοι συναντιλαβηται
luke;10;41;αποκριθεις δε ειπεν αυτη ο ιησους μαρθα μαρθα μεριμνας και τυρβαζη περι πολλα
luke;10;42;ενος δε εστιν χρεια μαρια δε την αγαθην μεριδα εξελεξατο ητις ουκ αφαιρεθησεται απ αυτης
luke;11;1;και εγενετο εν τω ειναι αυτον εν τοπω τινι προσευχομενον ως επαυσατο ειπεν τις των μαθητων αυτου προς αυτον κυριε διδαξον ημας προσευχεσθαι καθως και ιωαννης εδιδαξεν τους μαθητας αυτου
luke;11;2;ειπεν δε αυτοις οταν προσευχησθε λεγετε πατερ ημων ο εν τοις ουρανοις αγιασθητω το ονομα σου ελθετω η βασιλεια σου γενηθητω το θελημα σου ως εν ουρανω και επι της γης
luke;11;3;τον αρτον ημων τον επιουσιον διδου ημιν το καθ ημεραν
luke;11;4;και αφες ημιν τας αμαρτιας ημων και γαρ αυτοι αφιεμεν παντι οφειλοντι ημιν και μη εισενεγκης ημας εις πειρασμον αλλα ρυσαι ημας απο του πονηρου
luke;11;5;και ειπεν προς αυτους τις εξ υμων εξει φιλον και πορευσεται προς αυτον μεσονυκτιου και ειπη αυτω φιλε χρησον μοι τρεις αρτους
luke;11;6;επειδη φιλος μου παρεγενετο εξ οδου προς με και ουκ εχω ο παραθησω αυτω
luke;11;7;κακεινος εσωθεν αποκριθεις ειπη μη μοι κοπους παρεχε ηδη η θυρα κεκλεισται και τα παιδια μου μετ εμου εις την κοιτην εισιν ου δυναμαι αναστας δουναι σοι
luke;11;8;λεγω υμιν ει και ου δωσει αυτω αναστας δια το ειναι αυτου φιλον δια γε την αναιδειαν αυτου εγερθεις δωσει αυτω οσων χρηζει
luke;11;9;καγω υμιν λεγω αιτειτε και δοθησεται υμιν ζητειτε και ευρησετε κρουετε και ανοιγησεται υμιν
luke;11;10;πας γαρ ο αιτων λαμβανει και ο ζητων ευρισκει και τω κρουοντι ανοιγησεται
luke;11;11;τινα δε υμων τον πατερα αιτησει ο υιος αρτον μη λιθον επιδωσει αυτω ει και ιχθυν μη αντι ιχθυος οφιν επιδωσει αυτω
luke;11;12;η και εαν αιτηση ωον μη επιδωσει αυτω σκορπιον
luke;11;13;ει ουν υμεις πονηροι υπαρχοντες οιδατε αγαθα δοματα διδοναι τοις τεκνοις υμων ποσω μαλλον ο πατηρ ο εξ ουρανου δωσει πνευμα αγιον τοις αιτουσιν αυτον
luke;11;14;και ην εκβαλλων δαιμονιον και αυτο ην κωφον εγενετο δε του δαιμονιου εξελθοντος ελαλησεν ο κωφος και εθαυμασαν οι οχλοι
luke;11;15;τινες δε εξ αυτων ειπον εν βεελζεβουλ αρχοντι των δαιμονιων εκβαλλει τα δαιμονια
luke;11;16;ετεροι δε πειραζοντες σημειον παρ αυτου εζητουν εξ ουρανου
luke;11;17;αυτος δε ειδως αυτων τα διανοηματα ειπεν αυτοις πασα βασιλεια εφ εαυτην διαμερισθεισα ερημουται και οικος επι οικον πιπτει
luke;11;18;ει δε και ο σατανας εφ εαυτον διεμερισθη πως σταθησεται η βασιλεια αυτου οτι λεγετε εν βεελζεβουλ εκβαλλειν με τα δαιμονια
luke;11;19;ει δε εγω εν βεελζεβουλ εκβαλλω τα δαιμονια οι υιοι υμων εν τινι εκβαλλουσιν δια τουτο κριται υμων αυτοι εσονται
luke;11;20;ει δε εν δακτυλω θεου εκβαλλω τα δαιμονια αρα εφθασεν εφ υμας η βασιλεια του θεου
luke;11;21;οταν ο ισχυρος καθωπλισμενος φυλασση την εαυτου αυλην εν ειρηνη εστιν τα υπαρχοντα αυτου
luke;11;22;επαν δε ο ισχυροτερος αυτου επελθων νικηση αυτον την πανοπλιαν αυτου αιρει εφ η επεποιθει και τα σκυλα αυτου διαδιδωσιν
luke;11;23;ο μη ων μετ εμου κατ εμου εστιν και ο μη συναγων μετ εμου σκορπιζει
luke;11;24;οταν το ακαθαρτον πνευμα εξελθη απο του ανθρωπου διερχεται δι ανυδρων τοπων ζητουν αναπαυσιν και μη ευρισκον λεγει υποστρεψω εις τον οικον μου οθεν εξηλθον
luke;11;25;και ελθον ευρισκει σεσαρωμενον και κεκοσμημενον
luke;11;26;τοτε πορευεται και παραλαμβανει επτα ετερα πνευματα πονηροτερα εαυτου και εισελθοντα κατοικει εκει και γινεται τα εσχατα του ανθρωπου εκεινου χειρονα των πρωτων
luke;11;27;εγενετο δε εν τω λεγειν αυτον ταυτα επαρασα τις γυνη φωνην εκ του οχλου ειπεν αυτω μακαρια η κοιλια η βαστασασα σε και μαστοι ους εθηλασας
luke;11;28;αυτος δε ειπεν μενουνγε μακαριοι οι ακουοντες τον λογον του θεου και φυλασσοντες αυτον
luke;11;29;των δε οχλων επαθροιζομενων ηρξατο λεγειν η γενεα αυτη πονηρα εστιν σημειον επιζητει και σημειον ου δοθησεται αυτη ει μη το σημειον ιωνα του προφητου
luke;11;30;καθως γαρ εγενετο ιωνας σημειον τοις νινευιταις ουτως εσται και ο υιος του ανθρωπου τη γενεα ταυτη
luke;11;31;βασιλισσα νοτου εγερθησεται εν τη κρισει μετα των ανδρων της γενεας ταυτης και κατακρινει αυτους οτι ηλθεν εκ των περατων της γης ακουσαι την σοφιαν σολομωντος και ιδου πλειον σολομωντος ωδε
luke;11;32;ανδρες νινευι αναστησονται εν τη κρισει μετα της γενεας ταυτης και κατακρινουσιν αυτην οτι μετενοησαν εις το κηρυγμα ιωνα και ιδου πλειον ιωνα ωδε
luke;11;33;ουδεις δε λυχνον αψας εις κρυπτον τιθησιν ουδε υπο τον μοδιον αλλ επι την λυχνιαν ινα οι εισπορευομενοι το φεγγος βλεπωσιν
luke;11;34;ο λυχνος του σωματος εστιν ο οφθαλμος οταν ουν ο οφθαλμος σου απλους η και ολον το σωμα σου φωτεινον εστιν επαν δε πονηρος η και το σωμα σου σκοτεινον
luke;11;35;σκοπει ουν μη το φως το εν σοι σκοτος εστιν
luke;11;36;ει ουν το σωμα σου ολον φωτεινον μη εχον τι μερος σκοτεινον εσται φωτεινον ολον ως οταν ο λυχνος τη αστραπη φωτιζη σε
luke;11;37;εν δε τω λαλησαι ηρωτα αυτον φαρισαιος τις οπως αριστηση παρ αυτω εισελθων δε ανεπεσεν
luke;11;38;ο δε φαρισαιος ιδων εθαυμασεν οτι ου πρωτον εβαπτισθη προ του αριστου
luke;11;39;ειπεν δε ο κυριος προς αυτον νυν υμεις οι φαρισαιοι το εξωθεν του ποτηριου και του πινακος καθαριζετε το δε εσωθεν υμων γεμει αρπαγης και πονηριας
luke;11;40;αφρονες ουχ ο ποιησας το εξωθεν και το εσωθεν εποιησεν
luke;11;41;πλην τα ενοντα δοτε ελεημοσυνην και ιδου παντα καθαρα υμιν εστιν
luke;11;42;αλλ ουαι υμιν τοις φαρισαιοις οτι αποδεκατουτε το ηδυοσμον και το πηγανον και παν λαχανον και παρερχεσθε την κρισιν και την αγαπην του θεου ταυτα εδει ποιησαι κακεινα μη αφιεναι
luke;11;43;ουαι υμιν τοις φαρισαιοις οτι αγαπατε την πρωτοκαθεδριαν εν ταις συναγωγαις και τους ασπασμους εν ταις αγοραις
luke;11;44;ουαι υμιν γραμματεις και φαρισαιοι υποκριται οτι εστε ως τα μνημεια τα αδηλα και οι ανθρωποι οι περιπατουντες επανω ουκ οιδασιν
luke;11;45;αποκριθεις δε τις των νομικων λεγει αυτω διδασκαλε ταυτα λεγων και ημας υβριζεις
luke;11;46;ο δε ειπεν και υμιν τοις νομικοις ουαι οτι φορτιζετε τους ανθρωπους φορτια δυσβαστακτα και αυτοι ενι των δακτυλων υμων ου προσψαυετε τοις φορτιοις
luke;11;47;ουαι υμιν οτι οικοδομειτε τα μνημεια των προφητων οι δε πατερες υμων απεκτειναν αυτους
luke;11;48;αρα μαρτυρειτε και συνευδοκειτε τοις εργοις των πατερων υμων οτι αυτοι μεν απεκτειναν αυτους υμεις δε οικοδομειτε αυτων τα μνημεια
luke;11;49;δια τουτο και η σοφια του θεου ειπεν αποστελω εις αυτους προφητας και αποστολους και εξ αυτων αποκτενουσιν και εκδιωξουσιν
luke;11;50;ινα εκζητηθη το αιμα παντων των προφητων το εκχυνομενον απο καταβολης κοσμου απο της γενεας ταυτης
luke;11;51;απο του αιματος αβελ εως του αιματος ζαχαριου του απολομενου μεταξυ του θυσιαστηριου και του οικου ναι λεγω υμιν εκζητηθησεται απο της γενεας ταυτης
luke;11;52;ουαι υμιν τοις νομικοις οτι ηρατε την κλειδα της γνωσεως αυτοι ουκ εισηλθετε και τους εισερχομενους εκωλυσατε
luke;11;53;λεγοντος δε αυτου ταυτα προς αυτους ηρξαντο οι γραμματεις και οι φαρισαιοι δεινως ενεχειν και αποστοματιζειν αυτον περι πλειονων
luke;11;54;ενεδρευοντες αυτον και ζητουντες θηρευσαι τι εκ του στοματος αυτου ινα κατηγορησωσιν αυτου
luke;12;1;εν οις επισυναχθεισων των μυριαδων του οχλου ωστε καταπατειν αλληλους ηρξατο λεγειν προς τους μαθητας αυτου πρωτον προσεχετε εαυτοις απο της ζυμης των φαρισαιων ητις εστιν υποκρισις
luke;12;2;ουδεν δε συγκεκαλυμμενον εστιν ο ουκ αποκαλυφθησεται και κρυπτον ο ου γνωσθησεται
luke;12;3;ανθ ων οσα εν τη σκοτια ειπατε εν τω φωτι ακουσθησεται και ο προς το ους ελαλησατε εν τοις ταμειοις κηρυχθησεται επι των δωματων
luke;12;4;λεγω δε υμιν τοις φιλοις μου μη φοβηθητε απο των αποκτεινοντων το σωμα και μετα ταυτα μη εχοντων περισσοτερον τι ποιησαι
luke;12;5;υποδειξω δε υμιν τινα φοβηθητε φοβηθητε τον μετα το αποκτειναι εξουσιαν εχοντα εμβαλειν εις την γεενναν ναι λεγω υμιν τουτον φοβηθητε
luke;12;6;ουχι πεντε στρουθια πωλειται ασσαριων δυο και εν εξ αυτων ουκ εστιν επιλελησμενον ενωπιον του θεου
luke;12;7;αλλα και αι τριχες της κεφαλης υμων πασαι ηριθμηνται μη ουν φοβεισθε πολλων στρουθιων διαφερετε
luke;12;8;λεγω δε υμιν πας ος αν ομολογηση εν εμοι εμπροσθεν των ανθρωπων και ο υιος του ανθρωπου ομολογησει εν αυτω εμπροσθεν των αγγελων του θεου
luke;12;9;ο δε αρνησαμενος με ενωπιον των ανθρωπων απαρνηθησεται ενωπιον των αγγελων του θεου
luke;12;10;και πας ος ερει λογον εις τον υιον του ανθρωπου αφεθησεται αυτω τω δε εις το αγιον πνευμα βλασφημησαντι ουκ αφεθησεται
luke;12;11;οταν δε προσφερωσιν υμας επι τας συναγωγας και τας αρχας και τας εξουσιας μη μεριμνατε πως η τι απολογησησθε η τι ειπητε
luke;12;12;το γαρ αγιον πνευμα διδαξει υμας εν αυτη τη ωρα α δει ειπειν
luke;12;13;ειπεν δε τις αυτω εκ του οχλου διδασκαλε ειπε τω αδελφω μου μερισασθαι μετ εμου την κληρονομιαν
luke;12;14;ο δε ειπεν αυτω ανθρωπε τις με κατεστησεν δικαστην η μεριστην εφ υμας
luke;12;15;ειπεν δε προς αυτους ορατε και φυλασσεσθε απο της πλεονεξιας οτι ουκ εν τω περισσευειν τινι η ζωη αυτου εστιν εκ των υπαρχοντων αυτου
luke;12;16;ειπεν δε παραβολην προς αυτους λεγων ανθρωπου τινος πλουσιου ευφορησεν η χωρα
luke;12;17;και διελογιζετο εν εαυτω λεγων τι ποιησω οτι ουκ εχω που συναξω τους καρπους μου
luke;12;18;και ειπεν τουτο ποιησω καθελω μου τας αποθηκας και μειζονας οικοδομησω και συναξω εκει παντα τα γενηματα μου και τα αγαθα μου
luke;12;19;και ερω τη ψυχη μου ψυχη εχεις πολλα αγαθα κειμενα εις ετη πολλα αναπαυου φαγε πιε ευφραινου
luke;12;20;ειπεν δε αυτω ο θεος ταυτη τη νυκτι την ψυχην σου απαιτουσιν απο σου α δε ητοιμασας τινι εσται
luke;12;21;ουτως ο θησαυριζων εαυτω και μη εις θεον πλουτων
luke;12;22;ειπεν δε προς τους μαθητας αυτου δια τουτο υμιν λεγω μη μεριμνατε τη ψυχη υμων τι φαγητε μηδε τω σωματι τι ενδυσησθε
luke;12;23;η ψυχη πλειον εστιν της τροφης και το σωμα του ενδυματος
luke;12;24;κατανοησατε τους κορακας οτι ου σπειρουσιν ουδε θεριζουσιν οις ουκ εστιν ταμειον ουδε αποθηκη και ο θεος τρεφει αυτους ποσω μαλλον υμεις διαφερετε των πετεινων
luke;12;25;τις δε εξ υμων μεριμνων δυναται προσθειναι επι την ηλικιαν αυτου πηχυν ενα
luke;12;26;ει ουν ουτε ελαχιστον δυνασθε τι περι των λοιπων μεριμνατε
luke;12;27;κατανοησατε τα κρινα πως αυξανει ου κοπια ουδε νηθει λεγω δε υμιν ουδε σολομων εν παση τη δοξη αυτου περιεβαλετο ως εν τουτων
luke;12;28;ει δε τον χορτον εν τω αγρω σημερον οντα και αυριον εις κλιβανον βαλλομενον ο θεος ουτως αμφιεννυσιν ποσω μαλλον υμας ολιγοπιστοι
luke;12;29;και υμεις μη ζητειτε τι φαγητε η τι πιητε και μη μετεωριζεσθε
luke;12;30;ταυτα γαρ παντα τα εθνη του κοσμου επιζητει υμων δε ο πατηρ οιδεν οτι χρηζετε τουτων
luke;12;31;πλην ζητειτε την βασιλειαν του θεου και ταυτα παντα προστεθησεται υμιν
luke;12;32;μη φοβου το μικρον ποιμνιον οτι ευδοκησεν ο πατηρ υμων δουναι υμιν την βασιλειαν
luke;12;33;πωλησατε τα υπαρχοντα υμων και δοτε ελεημοσυνην ποιησατε εαυτοις βαλαντια μη παλαιουμενα θησαυρον ανεκλειπτον εν τοις ουρανοις οπου κλεπτης ουκ εγγιζει ουδε σης διαφθειρει
luke;12;34;οπου γαρ εστιν ο θησαυρος υμων εκει και η καρδια υμων εσται
luke;12;35;εστωσαν υμων αι οσφυες περιεζωσμεναι και οι λυχνοι καιομενοι
luke;12;36;και υμεις ομοιοι ανθρωποις προσδεχομενοις τον κυριον εαυτων ποτε αναλυσει εκ των γαμων ινα ελθοντος και κρουσαντος ευθεως ανοιξωσιν αυτω
luke;12;37;μακαριοι οι δουλοι εκεινοι ους ελθων ο κυριος ευρησει γρηγορουντας αμην λεγω υμιν οτι περιζωσεται και ανακλινει αυτους και παρελθων διακονησει αυτοις
luke;12;38;και εαν ελθη εν τη δευτερα φυλακη και εν τη τριτη φυλακη ελθη και ευρη ουτως μακαριοι εισιν οι δουλοι εκεινοι
luke;12;39;τουτο δε γινωσκετε οτι ει ηδει ο οικοδεσποτης ποια ωρα ο κλεπτης ερχεται εγρηγορησεν αν και ουκ αν αφηκεν διορυγηναι τον οικον αυτου
luke;12;40;και υμεις ουν γινεσθε ετοιμοι οτι η ωρα ου δοκειτε ο υιος του ανθρωπου ερχεται
luke;12;41;ειπεν δε αυτω ο πετρος κυριε προς ημας την παραβολην ταυτην λεγεις η και προς παντας
luke;12;42;ειπεν δε ο κυριος τις αρα εστιν ο πιστος οικονομος και φρονιμος ον καταστησει ο κυριος επι της θεραπειας αυτου του διδοναι εν καιρω το σιτομετριον
luke;12;43;μακαριος ο δουλος εκεινος ον ελθων ο κυριος αυτου ευρησει ποιουντα ουτως
luke;12;44;αληθως λεγω υμιν οτι επι πασιν τοις υπαρχουσιν αυτου καταστησει αυτον
luke;12;45;εαν δε ειπη ο δουλος εκεινος εν τη καρδια αυτου χρονιζει ο κυριος μου ερχεσθαι και αρξηται τυπτειν τους παιδας και τας παιδισκας εσθιειν τε και πινειν και μεθυσκεσθαι
luke;12;46;ηξει ο κυριος του δουλου εκεινου εν ημερα η ου προσδοκα και εν ωρα η ου γινωσκει και διχοτομησει αυτον και το μερος αυτου μετα των απιστων θησει
luke;12;47;εκεινος δε ο δουλος ο γνους το θελημα του κυριου εαυτου και μη ετοιμασας μηδε ποιησας προς το θελημα αυτου δαρησεται πολλας
luke;12;48;ο δε μη γνους ποιησας δε αξια πληγων δαρησεται ολιγας παντι δε ω εδοθη πολυ πολυ ζητηθησεται παρ αυτου και ω παρεθεντο πολυ περισσοτερον αιτησουσιν αυτον
luke;12;49;πυρ ηλθον βαλειν εις την γην και τι θελω ει ηδη ανηφθη
luke;12;50;βαπτισμα δε εχω βαπτισθηναι και πως συνεχομαι εως ου τελεσθη
luke;12;51;δοκειτε οτι ειρηνην παρεγενομην δουναι εν τη γη ουχι λεγω υμιν αλλ η διαμερισμον
luke;12;52;εσονται γαρ απο του νυν πεντε εν οικω ενι διαμεμερισμενοι τρεις επι δυσιν και δυο επι τρισιν
luke;12;53;διαμερισθησεται πατηρ εφ υιω και υιος επι πατρι μητηρ επι θυγατρι και θυγατηρ επι μητρι πενθερα επι την νυμφην αυτης και νυμφη επι την πενθεραν αυτης
luke;12;54;ελεγεν δε και τοις οχλοις οταν ιδητε την νεφελην ανατελλουσαν απο δυσμων ευθεως λεγετε ομβρος ερχεται και γινεται ουτως
luke;12;55;και οταν νοτον πνεοντα λεγετε οτι καυσων εσται και γινεται
luke;12;56;υποκριται το προσωπον οιδατε δοκιμαζειν τον δε καιρον τουτον πως ου δοκιμαζετε
luke;12;57;τι δε και αφ εαυτων ου κρινετε το δικαιον
luke;12;58;ως γαρ υπαγεις μετα του αντιδικου σου επ αρχοντα εν τη οδω δος εργασιαν απηλλαχθαι απ αυτου μηποτε κατασυρη σε προς τον κριτην και ο κριτης σε παραδω τω πρακτορι και ο πρακτωρ σε βαλλη εις φυλακην
luke;12;59;λεγω σοι ου μη εξελθης εκειθεν εως ου και το εσχατον λεπτον αποδως
luke;13;1;παρησαν δε τινες εν αυτω τω καιρω απαγγελλοντες αυτω περι των γαλιλαιων ων το αιμα πιλατος εμιξεν μετα των θυσιων αυτων
luke;13;2;και αποκριθεις ο ιησους ειπεν αυτοις δοκειτε οτι οι γαλιλαιοι ουτοι αμαρτωλοι παρα παντας τους γαλιλαιους εγενοντο οτι τοιαυτα πεπονθασιν
luke;13;3;ουχι λεγω υμιν αλλ εαν μη μετανοητε παντες ωσαυτως απολεισθε
luke;13;4;η εκεινοι οι δεκα και οκτω εφ ους επεσεν ο πυργος εν τω σιλωαμ και απεκτεινεν αυτους δοκειτε οτι ουτοι οφειλεται εγενοντο παρα παντας ανθρωπους τους κατοικουντας εν ιερουσαλημ
luke;13;5;ουχι λεγω υμιν αλλ εαν μη μετανοητε παντες ομοιως απολεισθε
luke;13;6;ελεγεν δε ταυτην την παραβολην συκην ειχεν τις εν τω αμπελωνι αυτου πεφυτευμενην και ηλθεν καρπον ζητων εν αυτη και ουχ ευρεν
luke;13;7;ειπεν δε προς τον αμπελουργον ιδου τρια ετη ερχομαι ζητων καρπον εν τη συκη ταυτη και ουχ ευρισκω εκκοψον αυτην ινα τι και την γην καταργει
luke;13;8;ο δε αποκριθεις λεγει αυτω κυριε αφες αυτην και τουτο το ετος εως οτου σκαψω περι αυτην και βαλω κοπριαν
luke;13;9;καν μεν ποιηση καρπον ει δε μηγε εις το μελλον εκκοψεις αυτην
luke;13;10;ην δε διδασκων εν μια των συναγωγων εν τοις σαββασιν
luke;13;11;και ιδου γυνη ην πνευμα εχουσα ασθενειας ετη δεκα και οκτω και ην συγκυπτουσα και μη δυναμενη ανακυψαι εις το παντελες
luke;13;12;ιδων δε αυτην ο ιησους προσεφωνησεν και ειπεν αυτη γυναι απολελυσαι της ασθενειας σου
luke;13;13;και επεθηκεν αυτη τας χειρας και παραχρημα ανωρθωθη και εδοξαζεν τον θεον
luke;13;14;αποκριθεις δε ο αρχισυναγωγος αγανακτων οτι τω σαββατω εθεραπευσεν ο ιησους ελεγεν τω οχλω εξ ημεραι εισιν εν αις δει εργαζεσθαι εν ταυταις ουν ερχομενοι θεραπευεσθε και μη τη ημερα του σαββατου
luke;13;15;απεκριθη ουν αυτω ο κυριος και ειπεν υποκριτα εκαστος υμων τω σαββατω ου λυει τον βουν αυτου η τον ονον απο της φατνης και απαγαγων ποτιζει
luke;13;16;ταυτην δε θυγατερα αβρααμ ουσαν ην εδησεν ο σατανας ιδου δεκα και οκτω ετη ουκ εδει λυθηναι απο του δεσμου τουτου τη ημερα του σαββατου
luke;13;17;και ταυτα λεγοντος αυτου κατησχυνοντο παντες οι αντικειμενοι αυτω και πας ο οχλος εχαιρεν επι πασιν τοις ενδοξοις τοις γινομενοις υπ αυτου
luke;13;18;ελεγεν δε τινι ομοια εστιν η βασιλεια του θεου και τινι ομοιωσω αυτην
luke;13;19;ομοια εστιν κοκκω σιναπεως ον λαβων ανθρωπος εβαλεν εις κηπον εαυτου και ηυξησεν και εγενετο εις δενδρον μεγα και τα πετεινα του ουρανου κατεσκηνωσεν εν τοις κλαδοις αυτου
luke;13;20;και παλιν ειπεν τινι ομοιωσω την βασιλειαν του θεου
luke;13;21;ομοια εστιν ζυμη ην λαβουσα γυνη ενεκρυψεν εις αλευρου σατα τρια εως ου εζυμωθη ολον
luke;13;22;και διεπορευετο κατα πολεις και κωμας διδασκων και πορειαν ποιουμενος εις ιερουσαλημ
luke;13;23;ειπεν δε τις αυτω κυριε ει ολιγοι οι σωζομενοι ο δε ειπεν προς αυτους
luke;13;24;αγωνιζεσθε εισελθειν δια της στενης πυλης οτι πολλοι λεγω υμιν ζητησουσιν εισελθειν και ουκ ισχυσουσιν
luke;13;25;αφ ου αν εγερθη ο οικοδεσποτης και αποκλειση την θυραν και αρξησθε εξω εσταναι και κρουειν την θυραν λεγοντες κυριε κυριε ανοιξον ημιν και αποκριθεις ερει υμιν ουκ οιδα υμας ποθεν εστε
luke;13;26;τοτε αρξεσθε λεγειν εφαγομεν ενωπιον σου και επιομεν και εν ταις πλατειαις ημων εδιδαξας
luke;13;27;και ερει λεγω υμιν ουκ οιδα υμας ποθεν εστε αποστητε απ εμου παντες οι εργαται της αδικιας
luke;13;28;εκει εσται ο κλαυθμος και ο βρυγμος των οδοντων οταν οψησθε αβρααμ και ισαακ και ιακωβ και παντας τους προφητας εν τη βασιλεια του θεου υμας δε εκβαλλομενους εξω
luke;13;29;και ηξουσιν απο ανατολων και δυσμων και απο βορρα και νοτου και ανακλιθησονται εν τη βασιλεια του θεου
luke;13;30;και ιδου εισιν εσχατοι οι εσονται πρωτοι και εισιν πρωτοι οι εσονται εσχατοι
luke;13;31;εν αυτη τη ημερα προσηλθον τινες φαρισαιοι λεγοντες αυτω εξελθε και πορευου εντευθεν οτι ηρωδης θελει σε αποκτειναι
luke;13;32;και ειπεν αυτοις πορευθεντες ειπατε τη αλωπεκι ταυτη ιδου εκβαλλω δαιμονια και ιασεις επιτελω σημερον και αυριον και τη τριτη τελειουμαι
luke;13;33;πλην δει με σημερον και αυριον και τη εχομενη πορευεσθαι οτι ουκ ενδεχεται προφητην απολεσθαι εξω ιερουσαλημ
luke;13;34;ιερουσαλημ ιερουσαλημ η αποκτεινουσα τους προφητας και λιθοβολουσα τους απεσταλμενους προς αυτην ποσακις ηθελησα επισυναξαι τα τεκνα σου ον τροπον ορνις την εαυτης νοσσιαν υπο τας πτερυγας και ουκ ηθελησατε
luke;13;35;ιδου αφιεται υμιν ο οικος υμων ερημος αμην δε λεγω υμιν οτι ου μη με ιδητε εως αν ηξη οτε ειπητε ευλογημενος ο ερχομενος εν ονοματι κυριου
luke;14;1;και εγενετο εν τω ελθειν αυτον εις οικον τινος των αρχοντων των φαρισαιων σαββατω φαγειν αρτον και αυτοι ησαν παρατηρουμενοι αυτον
luke;14;2;και ιδου ανθρωπος τις ην υδρωπικος εμπροσθεν αυτου
luke;14;3;και αποκριθεις ο ιησους ειπεν προς τους νομικους και φαρισαιους λεγων ει εξεστιν τω σαββατω θεραπευειν
luke;14;4;οι δε ησυχασαν και επιλαβομενος ιασατο αυτον και απελυσεν
luke;14;5;και αποκριθεις προς αυτους ειπεν τινος υμων ονος η βους εις φρεαρ εμπεσειται και ουκ ευθεως ανασπασει αυτον εν τη ημερα του σαββατου
luke;14;6;και ουκ ισχυσαν ανταποκριθηναι αυτω προς ταυτα
luke;14;7;ελεγεν δε προς τους κεκλημενους παραβολην επεχων πως τας πρωτοκλισιας εξελεγοντο λεγων προς αυτους
luke;14;8;οταν κληθης υπο τινος εις γαμους μη κατακλιθης εις την πρωτοκλισιαν μηποτε εντιμοτερος σου η κεκλημενος υπ αυτου
luke;14;9;και ελθων ο σε και αυτον καλεσας ερει σοι δος τουτω τοπον και τοτε αρξη μετ αισχυνης τον εσχατον τοπον κατεχειν
luke;14;10;αλλ οταν κληθης πορευθεις αναπεσον εις τον εσχατον τοπον ινα οταν ελθη ο κεκληκως σε ειπη σοι φιλε προσαναβηθι ανωτερον τοτε εσται σοι δοξα ενωπιον των συνανακειμενων σοι
luke;14;11;οτι πας ο υψων εαυτον ταπεινωθησεται και ο ταπεινων εαυτον υψωθησεται
luke;14;12;ελεγεν δε και τω κεκληκοτι αυτον οταν ποιης αριστον η δειπνον μη φωνει τους φιλους σου μηδε τους αδελφους σου μηδε τους συγγενεις σου μηδε γειτονας πλουσιους μηποτε και αυτοι σε αντικαλεσωσιν και γενηται σοι ανταποδομα
luke;14;13;αλλ οταν ποιης δοχην καλει πτωχους αναπηρους χωλους τυφλους
luke;14;14;και μακαριος εση οτι ουκ εχουσιν ανταποδουναι σοι ανταποδοθησεται γαρ σοι εν τη αναστασει των δικαιων
luke;14;15;ακουσας δε τις των συνανακειμενων ταυτα ειπεν αυτω μακαριος ος φαγεται αρτον εν τη βασιλεια του θεου
luke;14;16;ο δε ειπεν αυτω ανθρωπος τις εποιησεν δειπνον μεγα και εκαλεσεν πολλους
luke;14;17;και απεστειλεν τον δουλον αυτου τη ωρα του δειπνου ειπειν τοις κεκλημενοις ερχεσθε οτι ηδη ετοιμα εστιν παντα
luke;14;18;και ηρξαντο απο μιας παραιτεισθαι παντες ο πρωτος ειπεν αυτω αγρον ηγορασα και εχω αναγκην εξελθειν και ιδειν αυτον ερωτω σε εχε με παρητημενον
luke;14;19;και ετερος ειπεν ζευγη βοων ηγορασα πεντε και πορευομαι δοκιμασαι αυτα ερωτω σε εχε με παρητημενον
luke;14;20;και ετερος ειπεν γυναικα εγημα και δια τουτο ου δυναμαι ελθειν
luke;14;21;και παραγενομενος ο δουλος εκεινος απηγγειλεν τω κυριω αυτου ταυτα τοτε οργισθεις ο οικοδεσποτης ειπεν τω δουλω αυτου εξελθε ταχεως εις τας πλατειας και ρυμας της πολεως και τους πτωχους και αναπηρους και χωλους και τυφλους εισαγαγε ωδε
luke;14;22;και ειπεν ο δουλος κυριε γεγονεν ως επεταξας και ετι τοπος εστιν
luke;14;23;και ειπεν ο κυριος προς τον δουλον εξελθε εις τας οδους και φραγμους και αναγκασον εισελθειν ινα γεμισθη ο οικος μου
luke;14;24;λεγω γαρ υμιν οτι ουδεις των ανδρων εκεινων των κεκλημενων γευσεται μου του δειπνου
luke;14;25;συνεπορευοντο δε αυτω οχλοι πολλοι και στραφεις ειπεν προς αυτους
luke;14;26;ει τις ερχεται προς με και ου μισει τον πατερα εαυτου και την μητερα και την γυναικα και τα τεκνα και τους αδελφους και τας αδελφας ετι δε και την εαυτου ψυχην ου δυναται μου μαθητης ειναι
luke;14;27;και οστις ου βασταζει τον σταυρον αυτου και ερχεται οπισω μου ου δυναται μου ειναι μαθητης
luke;14;28;τις γαρ εξ υμων θελων πυργον οικοδομησαι ουχι πρωτον καθισας ψηφιζει την δαπανην ει εχει τα προς απαρτισμον
luke;14;29;ινα μηποτε θεντος αυτου θεμελιον και μη ισχυοντος εκτελεσαι παντες οι θεωρουντες αρξωνται εμπαιζειν αυτω
luke;14;30;λεγοντες οτι ουτος ο ανθρωπος ηρξατο οικοδομειν και ουκ ισχυσεν εκτελεσαι
luke;14;31;η τις βασιλευς πορευομενος συμβαλειν ετερω βασιλει εις πολεμον ουχι καθισας πρωτον βουλευεται ει δυνατος εστιν εν δεκα χιλιασιν απαντησαι τω μετα εικοσι χιλιαδων ερχομενω επ αυτον
luke;14;32;ει δε μηγε ετι αυτου πορρω οντος πρεσβειαν αποστειλας ερωτα τα προς ειρηνην
luke;14;33;ουτως ουν πας εξ υμων ος ουκ αποτασσεται πασιν τοις εαυτου υπαρχουσιν ου δυναται μου ειναι μαθητης
luke;14;34;καλον το αλας εαν δε το αλας μωρανθη εν τινι αρτυθησεται
luke;14;35;ουτε εις γην ουτε εις κοπριαν ευθετον εστιν εξω βαλλουσιν αυτο ο εχων ωτα ακουειν ακουετω
luke;15;1;ησαν δε εγγιζοντες αυτω παντες οι τελωναι και οι αμαρτωλοι ακουειν αυτου
luke;15;2;και διεγογγυζον οι φαρισαιοι και οι γραμματεις λεγοντες οτι ουτος αμαρτωλους προσδεχεται και συνεσθιει αυτοις
luke;15;3;ειπεν δε προς αυτους την παραβολην ταυτην λεγων
luke;15;4;τις ανθρωπος εξ υμων εχων εκατον προβατα και απολεσας εν εξ αυτων ου καταλειπει τα εννενηκονταεννεα εν τη ερημω και πορευεται επι το απολωλος εως ευρη αυτο
luke;15;5;και ευρων επιτιθησιν επι τους ωμους εαυτου χαιρων
luke;15;6;και ελθων εις τον οικον συγκαλει τους φιλους και τους γειτονας λεγων αυτοις συγχαρητε μοι οτι ευρον το προβατον μου το απολωλος
luke;15;7;λεγω υμιν οτι ουτως χαρα εσται εν τω ουρανω επι ενι αμαρτωλω μετανοουντι η επι εννενηκονταεννεα δικαιοις οιτινες ου χρειαν εχουσιν μετανοιας
luke;15;8;η τις γυνη δραχμας εχουσα δεκα εαν απολεση δραχμην μιαν ουχι απτει λυχνον και σαροι την οικιαν και ζητει επιμελως εως οτου ευρη
luke;15;9;και ευρουσα συγκαλειται τας φιλας και τας γειτονας λεγουσα συγχαρητε μοι οτι ευρον την δραχμην ην απωλεσα
luke;15;10;ουτως λεγω υμιν χαρα γινεται ενωπιον των αγγελων του θεου επι ενι αμαρτωλω μετανοουντι
luke;15;11;ειπεν δε ανθρωπος τις ειχεν δυο υιους
luke;15;12;και ειπεν ο νεωτερος αυτων τω πατρι πατερ δος μοι το επιβαλλον μερος της ουσιας και διειλεν αυτοις τον βιον
luke;15;13;και μετ ου πολλας ημερας συναγαγων απαντα ο νεωτερος υιος απεδημησεν εις χωραν μακραν και εκει διεσκορπισεν την ουσιαν αυτου ζων ασωτως
luke;15;14;δαπανησαντος δε αυτου παντα εγενετο λιμος ισχυρος κατα την χωραν εκεινην και αυτος ηρξατο υστερεισθαι
luke;15;15;και πορευθεις εκολληθη ενι των πολιτων της χωρας εκεινης και επεμψεν αυτον εις τους αγρους αυτου βοσκειν χοιρους
luke;15;16;και επεθυμει γεμισαι την κοιλιαν αυτου απο των κερατιων ων ησθιον οι χοιροι και ουδεις εδιδου αυτω
luke;15;17;εις εαυτον δε ελθων ειπεν ποσοι μισθιοι του πατρος μου περισσευουσιν αρτων εγω δε λιμω απολλυμαι
luke;15;18;αναστας πορευσομαι προς τον πατερα μου και ερω αυτω πατερ ημαρτον εις τον ουρανον και ενωπιον σου
luke;15;19;και ουκετι ειμι αξιος κληθηναι υιος σου ποιησον με ως ενα των μισθιων σου
luke;15;20;και αναστας ηλθεν προς τον πατερα εαυτου ετι δε αυτου μακραν απεχοντος ειδεν αυτον ο πατηρ αυτου και εσπλαγχνισθη και δραμων επεπεσεν επι τον τραχηλον αυτου και κατεφιλησεν αυτον
luke;15;21;ειπεν δε αυτω ο υιος πατερ ημαρτον εις τον ουρανον και ενωπιον σου και ουκετι ειμι αξιος κληθηναι υιος σου
luke;15;22;ειπεν δε ο πατηρ προς τους δουλους αυτου εξενεγκατε την στολην την πρωτην και ενδυσατε αυτον και δοτε δακτυλιον εις την χειρα αυτου και υποδηματα εις τους ποδας
luke;15;23;και ενεγκαντες τον μοσχον τον σιτευτον θυσατε και φαγοντες ευφρανθωμεν
luke;15;24;οτι ουτος ο υιος μου νεκρος ην και ανεζησεν και απολωλως ην και ευρεθη και ηρξαντο ευφραινεσθαι
luke;15;25;ην δε ο υιος αυτου ο πρεσβυτερος εν αγρω και ως ερχομενος ηγγισεν τη οικια ηκουσεν συμφωνιας και χορων
luke;15;26;και προσκαλεσαμενος ενα των παιδων επυνθανετο τι ειη ταυτα
luke;15;27;ο δε ειπεν αυτω οτι ο αδελφος σου ηκει και εθυσεν ο πατηρ σου τον μοσχον τον σιτευτον οτι υγιαινοντα αυτον απελαβεν
luke;15;28;ωργισθη δε και ουκ ηθελεν εισελθειν ο ουν πατηρ αυτου εξελθων παρεκαλει αυτον
luke;15;29;ο δε αποκριθεις ειπεν τω πατρι ιδου τοσαυτα ετη δουλευω σοι και ουδεποτε εντολην σου παρηλθον και εμοι ουδεποτε εδωκας εριφον ινα μετα των φιλων μου ευφρανθω
luke;15;30;οτε δε ο υιος σου ουτος ο καταφαγων σου τον βιον μετα πορνων ηλθεν εθυσας αυτω τον μοσχον τον σιτευτον
luke;15;31;ο δε ειπεν αυτω τεκνον συ παντοτε μετ εμου ει και παντα τα εμα σα εστιν
luke;15;32;ευφρανθηναι δε και χαρηναι εδει οτι ο αδελφος σου ουτος νεκρος ην και ανεζησεν και απολωλως ην και ευρεθη
luke;16;1;ελεγεν δε και προς τους μαθητας αυτου ανθρωπος τις ην πλουσιος ος ειχεν οικονομον και ουτος διεβληθη αυτω ως διασκορπιζων τα υπαρχοντα αυτου
luke;16;2;και φωνησας αυτον ειπεν αυτω τι τουτο ακουω περι σου αποδος τον λογον της οικονομιας σου ου γαρ δυνηση ετι οικονομειν
luke;16;3;ειπεν δε εν εαυτω ο οικονομος τι ποιησω οτι ο κυριος μου αφαιρειται την οικονομιαν απ εμου σκαπτειν ουκ ισχυω επαιτειν αισχυνομαι
luke;16;4;εγνων τι ποιησω ινα οταν μετασταθω της οικονομιας δεξωνται με εις τους οικους αυτων
luke;16;5;και προσκαλεσαμενος ενα εκαστον των χρεωφειλετων του κυριου εαυτου ελεγεν τω πρωτω ποσον οφειλεις τω κυριω μου
luke;16;6;ο δε ειπεν εκατον βατους ελαιου και ειπεν αυτω δεξαι σου το γραμμα και καθισας ταχεως γραψον πεντηκοντα
luke;16;7;επειτα ετερω ειπεν συ δε ποσον οφειλεις ο δε ειπεν εκατον κορους σιτου και λεγει αυτω δεξαι σου το γραμμα και γραψον ογδοηκοντα
luke;16;8;και επηνεσεν ο κυριος τον οικονομον της αδικιας οτι φρονιμως εποιησεν οτι οι υιοι του αιωνος τουτου φρονιμωτεροι υπερ τους υιους του φωτος εις την γενεαν εαυτων εισιν
luke;16;9;καγω υμιν λεγω ποιησατε εαυτοις φιλους εκ του μαμωνα της αδικιας ινα οταν εκλιπητε δεξωνται υμας εις τας αιωνιους σκηνας
luke;16;10;ο πιστος εν ελαχιστω και εν πολλω πιστος εστιν και ο εν ελαχιστω αδικος και εν πολλω αδικος εστιν
luke;16;11;ει ουν εν τω αδικω μαμωνα πιστοι ουκ εγενεσθε το αληθινον τις υμιν πιστευσει
luke;16;12;και ει εν τω αλλοτριω πιστοι ουκ εγενεσθε το υμετερον τις υμιν δωσει
luke;16;13;ουδεις οικετης δυναται δυσι κυριοις δουλευειν η γαρ τον ενα μισησει και τον ετερον αγαπησει η ενος ανθεξεται και του ετερου καταφρονησει ου δυνασθε θεω δουλευειν και μαμωνα
luke;16;14;ηκουον δε ταυτα παντα και οι φαρισαιοι φιλαργυροι υπαρχοντες και εξεμυκτηριζον αυτον
luke;16;15;και ειπεν αυτοις υμεις εστε οι δικαιουντες εαυτους ενωπιον των ανθρωπων ο δε θεος γινωσκει τας καρδιας υμων οτι το εν ανθρωποις υψηλον βδελυγμα ενωπιον του θεου εστιν
luke;16;16;ο νομος και οι προφηται εως ιωαννου απο τοτε η βασιλεια του θεου ευαγγελιζεται και πας εις αυτην βιαζεται
luke;16;17;ευκοπωτερον δε εστιν τον ουρανον και την γην παρελθειν η του νομου μιαν κεραιαν πεσειν
luke;16;18;πας ο απολυων την γυναικα αυτου και γαμων ετεραν μοιχευει και πας ο απολελυμενην απο ανδρος γαμων μοιχευει
luke;16;19;ανθρωπος δε τις ην πλουσιος και ενεδιδυσκετο πορφυραν και βυσσον ευφραινομενος καθ ημεραν λαμπρως
luke;16;20;πτωχος δε τις ην ονοματι λαζαρος ος εβεβλητο προς τον πυλωνα αυτου ηλκωμενος
luke;16;21;και επιθυμων χορτασθηναι απο των ψιχιων των πιπτοντων απο της τραπεζης του πλουσιου αλλα και οι κυνες ερχομενοι απελειχον τα ελκη αυτου
luke;16;22;εγενετο δε αποθανειν τον πτωχον και απενεχθηναι αυτον υπο των αγγελων εις τον κολπον του αβρααμ απεθανεν δε και ο πλουσιος και εταφη
luke;16;23;και εν τω αδη επαρας τους οφθαλμους αυτου υπαρχων εν βασανοις ορα τον αβρααμ απο μακροθεν και λαζαρον εν τοις κολποις αυτου
luke;16;24;και αυτος φωνησας ειπεν πατερ αβρααμ ελεησον με και πεμψον λαζαρον ινα βαψη το ακρον του δακτυλου αυτου υδατος και καταψυξη την γλωσσαν μου οτι οδυνωμαι εν τη φλογι ταυτη
luke;16;25;ειπεν δε αβρααμ τεκνον μνησθητι οτι απελαβες συ τα αγαθα σου εν τη ζωη σου και λαζαρος ομοιως τα κακα νυν δε οδε παρακαλειται συ δε οδυνασαι
luke;16;26;και επι πασιν τουτοις μεταξυ ημων και υμων χασμα μεγα εστηρικται οπως οι θελοντες διαβηναι εντευθεν προς υμας μη δυνωνται μηδε οι εκειθεν προς ημας διαπερωσιν
luke;16;27;ειπεν δε ερωτω ουν σε πατερ ινα πεμψης αυτον εις τον οικον του πατρος μου
luke;16;28;εχω γαρ πεντε αδελφους οπως διαμαρτυρηται αυτοις ινα μη και αυτοι ελθωσιν εις τον τοπον τουτον της βασανου
luke;16;29;λεγει αυτω αβρααμ εχουσιν μωσεα και τους προφητας ακουσατωσαν αυτων
luke;16;30;ο δε ειπεν ουχι πατερ αβρααμ αλλ εαν τις απο νεκρων πορευθη προς αυτους μετανοησουσιν
luke;16;31;ειπεν δε αυτω ει μωσεως και των προφητων ουκ ακουουσιν ουδε εαν τις εκ νεκρων αναστη πεισθησονται
luke;17;1;ειπεν δε προς τους μαθητας ανενδεκτον εστιν του μη ελθειν τα σκανδαλα ουαι δε δι ου ερχεται
luke;17;2;λυσιτελει αυτω ει μυλος ονικος περικειται περι τον τραχηλον αυτου και ερριπται εις την θαλασσαν η ινα σκανδαλιση ενα των μικρων τουτων
luke;17;3;προσεχετε εαυτοις εαν δε αμαρτη εις σε ο αδελφος σου επιτιμησον αυτω και εαν μετανοηση αφες αυτω
luke;17;4;και εαν επτακις της ημερας αμαρτη εις σε και επτακις της ημερας επιστρεψη επι σε λεγων μετανοω αφησεις αυτω
luke;17;5;και ειπον οι αποστολοι τω κυριω προσθες ημιν πιστιν
luke;17;6;ειπεν δε ο κυριος ει ειχετε πιστιν ως κοκκον σιναπεως ελεγετε αν τη συκαμινω ταυτη εκριζωθητι και φυτευθητι εν τη θαλασση και υπηκουσεν αν υμιν
luke;17;7;τις δε εξ υμων δουλον εχων αροτριωντα η ποιμαινοντα ος εισελθοντι εκ του αγρου ερει ευθεως παρελθων αναπεσαι
luke;17;8;αλλ ουχι ερει αυτω ετοιμασον τι δειπνησω και περιζωσαμενος διακονει μοι εως φαγω και πιω και μετα ταυτα φαγεσαι και πιεσαι συ
luke;17;9;μη χαριν εχει τω δουλω εκεινω οτι εποιησεν τα διαταχθεντα αυτω ου δοκω
luke;17;10;ουτως και υμεις οταν ποιησητε παντα τα διαταχθεντα υμιν λεγετε οτι δουλοι αχρειοι εσμεν οτι ο ωφειλομεν ποιησαι πεποιηκαμεν
luke;17;11;και εγενετο εν τω πορευεσθαι αυτον εις ιερουσαλημ και αυτος διηρχετο δια μεσου σαμαρειας και γαλιλαιας
luke;17;12;και εισερχομενου αυτου εις τινα κωμην απηντησαν αυτω δεκα λεπροι ανδρες οι εστησαν πορρωθεν
luke;17;13;και αυτοι ηραν φωνην λεγοντες ιησου επιστατα ελεησον ημας
luke;17;14;και ιδων ειπεν αυτοις πορευθεντες επιδειξατε εαυτους τοις ιερευσιν και εγενετο εν τω υπαγειν αυτους εκαθαρισθησαν
luke;17;15;εις δε εξ αυτων ιδων οτι ιαθη υπεστρεψεν μετα φωνης μεγαλης δοξαζων τον θεον
luke;17;16;και επεσεν επι προσωπον παρα τους ποδας αυτου ευχαριστων αυτω και αυτος ην σαμαρειτης
luke;17;17;αποκριθεις δε ο ιησους ειπεν ουχι οι δεκα εκαθαρισθησαν οι δε εννεα που
luke;17;18;ουχ ευρεθησαν υποστρεψαντες δουναι δοξαν τω θεω ει μη ο αλλογενης ουτος
luke;17;19;και ειπεν αυτω αναστας πορευου η πιστις σου σεσωκεν σε
luke;17;20;επερωτηθεις δε υπο των φαρισαιων ποτε ερχεται η βασιλεια του θεου απεκριθη αυτοις και ειπεν ουκ ερχεται η βασιλεια του θεου μετα παρατηρησεως
luke;17;21;ουδε ερουσιν ιδου ωδε η ιδου εκει ιδου γαρ η βασιλεια του θεου εντος υμων εστιν
luke;17;22;ειπεν δε προς τους μαθητας ελευσονται ημεραι οτε επιθυμησετε μιαν των ημερων του υιου του ανθρωπου ιδειν και ουκ οψεσθε
luke;17;23;και ερουσιν υμιν ιδου ωδε η ιδου εκει μη απελθητε μηδε διωξητε
luke;17;24;ωσπερ γαρ η αστραπη η αστραπτουσα εκ της υπ ουρανον εις την υπ ουρανον λαμπει ουτως εσται και ο υιος του ανθρωπου εν τη ημερα αυτου
luke;17;25;πρωτον δε δει αυτον πολλα παθειν και αποδοκιμασθηναι απο της γενεας ταυτης
luke;17;26;και καθως εγενετο εν ταις ημεραις του νωε ουτως εσται και εν ταις ημεραις του υιου του ανθρωπου
luke;17;27;ησθιον επινον εγαμουν εξεγαμιζοντο αχρι ης ημερας εισηλθεν νωε εις την κιβωτον και ηλθεν ο κατακλυσμος και απωλεσεν απαντας
luke;17;28;ομοιως και ως εγενετο εν ταις ημεραις λωτ ησθιον επινον ηγοραζον επωλουν εφυτευον ωκοδομουν
luke;17;29;η δε ημερα εξηλθεν λωτ απο σοδομων εβρεξεν πυρ και θειον απ ουρανου και απωλεσεν απαντας
luke;17;30;κατα ταυτα εσται η ημερα ο υιος του ανθρωπου αποκαλυπτεται
luke;17;31;εν εκεινη τη ημερα ος εσται επι του δωματος και τα σκευη αυτου εν τη οικια μη καταβατω αραι αυτα και ο εν τω αγρω ομοιως μη επιστρεψατω εις τα οπισω
luke;17;32;μνημονευετε της γυναικος λωτ
luke;17;33;ος εαν ζητηση την ψυχην αυτου σωσαι απολεσει αυτην και ος εαν απολεση αυτην ζωογονησει αυτην
luke;17;34;λεγω υμιν ταυτη τη νυκτι εσονται δυο επι κλινης μιας ο εις παραληφθησεται και ο ετερος αφεθησεται
luke;17;35;δυο εσονται αληθουσαι επι το αυτο μια παραληφθησεται και η ετερα αφεθησεται
luke;17;36;{VA
luke;2: δυο εσονται εν τω αγρω ο εις παραληφθησεται και ο ετερος αφεθησεται }
luke;17;37;και αποκριθεντες λεγουσιν αυτω που κυριε ο δε ειπεν αυτοις οπου το σωμα εκει συναχθησονται οι αετοι
luke;18;1;ελεγεν δε και παραβολην αυτοις προς το δειν παντοτε προσευχεσθαι και μη εκκακειν
luke;18;2;λεγων κριτης τις ην εν τινι πολει τον θεον μη φοβουμενος και ανθρωπον μη εντρεπομενος
luke;18;3;χηρα δε ην εν τη πολει εκεινη και ηρχετο προς αυτον λεγουσα εκδικησον με απο του αντιδικου μου
luke;18;4;και ουκ ηθελησεν επι χρονον μετα δε ταυτα ειπεν εν εαυτω ει και τον θεον ου φοβουμαι και ανθρωπον ουκ εντρεπομαι
luke;18;5;δια γε το παρεχειν μοι κοπον την χηραν ταυτην εκδικησω αυτην ινα μη εις τελος ερχομενη υπωπιαζη με
luke;18;6;ειπεν δε ο κυριος ακουσατε τι ο κριτης της αδικιας λεγει
luke;18;7;ο δε θεος ου μη ποιησει την εκδικησιν των εκλεκτων αυτου των βοωντων προς αυτον ημερας και νυκτος και μακροθυμων επ αυτοις
luke;18;8;λεγω υμιν οτι ποιησει την εκδικησιν αυτων εν ταχει πλην ο υιος του ανθρωπου ελθων αρα ευρησει την πιστιν επι της γης
luke;18;9;ειπεν δε και προς τινας τους πεποιθοτας εφ εαυτοις οτι εισιν δικαιοι και εξουθενουντας τους λοιπους την παραβολην ταυτην
luke;18;10;ανθρωποι δυο ανεβησαν εις το ιερον προσευξασθαι ο εις φαρισαιος και ο ετερος τελωνης
luke;18;11;ο φαρισαιος σταθεις προς εαυτον ταυτα προσηυχετο ο θεος ευχαριστω σοι οτι ουκ ειμι ωσπερ οι λοιποι των ανθρωπων αρπαγες αδικοι μοιχοι η και ως ουτος ο τελωνης
luke;18;12;νηστευω δις του σαββατου αποδεκατω παντα οσα κτωμαι
luke;18;13;και ο τελωνης μακροθεν εστως ουκ ηθελεν ουδε τους οφθαλμους εις τον ουρανον επαραι αλλ ετυπτεν εις το στηθος αυτου λεγων ο θεος ιλασθητι μοι τω αμαρτωλω
luke;18;14;λεγω υμιν κατεβη ουτος δεδικαιωμενος εις τον οικον αυτου η εκεινος οτι πας ο υψων εαυτον ταπεινωθησεται ο δε ταπεινων εαυτον υψωθησεται
luke;18;15;προσεφερον δε αυτω και τα βρεφη ινα αυτων απτηται ιδοντες δε οι μαθηται επετιμησαν αυτοις
luke;18;16;ο δε ιησους προσκαλεσαμενος αυτα ειπεν αφετε τα παιδια ερχεσθαι προς με και μη κωλυετε αυτα των γαρ τοιουτων εστιν η βασιλεια του θεου
luke;18;17;αμην λεγω υμιν ος εαν μη δεξηται την βασιλειαν του θεου ως παιδιον ου μη εισελθη εις αυτην
luke;18;18;και επηρωτησεν τις αυτον αρχων λεγων διδασκαλε αγαθε τι ποιησας ζωην αιωνιον κληρονομησω
luke;18;19;ειπεν δε αυτω ο ιησους τι με λεγεις αγαθον ουδεις αγαθος ει μη εις ο θεος
luke;18;20;τας εντολας οιδας μη μοιχευσης μη φονευσης μη κλεψης μη ψευδομαρτυρησης τιμα τον πατερα σου και την μητερα σου
luke;18;21;ο δε ειπεν ταυτα παντα εφυλαξαμην εκ νεοτητος μου
luke;18;22;ακουσας δε ταυτα ο ιησους ειπεν αυτω ετι εν σοι λειπει παντα οσα εχεις πωλησον και διαδος πτωχοις και εξεις θησαυρον εν ουρανω και δευρο ακολουθει μοι
luke;18;23;ο δε ακουσας ταυτα περιλυπος εγενετο ην γαρ πλουσιος σφοδρα
luke;18;24;ιδων δε αυτον ο ιησους περιλυπον γενομενον ειπεν πως δυσκολως οι τα χρηματα εχοντες εισελευσονται εις την βασιλειαν του θεου
luke;18;25;ευκοπωτερον γαρ εστιν καμηλον δια τρυμαλιας ραφιδος εισελθειν η πλουσιον εις την βασιλειαν του θεου εισελθειν
luke;18;26;ειπον δε οι ακουσαντες και τις δυναται σωθηναι
luke;18;27;ο δε ειπεν τα αδυνατα παρα ανθρωποις δυνατα εστιν παρα τω θεω
luke;18;28;ειπεν δε ο πετρος ιδου ημεις αφηκαμεν παντα και ηκολουθησαμεν σοι
luke;18;29;ο δε ειπεν αυτοις αμην λεγω υμιν οτι ουδεις εστιν ος αφηκεν οικιαν η γονεις η αδελφους η γυναικα η τεκνα ενεκεν της βασιλειας του θεου
luke;18;30;ος ου μη απολαβη πολλαπλασιονα εν τω καιρω τουτω και εν τω αιωνι τω ερχομενω ζωην αιωνιον
luke;18;31;παραλαβων δε τους δωδεκα ειπεν προς αυτους ιδου αναβαινομεν εις ιεροσολυμα και τελεσθησεται παντα τα γεγραμμενα δια των προφητων τω υιω του ανθρωπου
luke;18;32;παραδοθησεται γαρ τοις εθνεσιν και εμπαιχθησεται και υβρισθησεται και εμπτυσθησεται
luke;18;33;και μαστιγωσαντες αποκτενουσιν αυτον και τη ημερα τη τριτη αναστησεται
luke;18;34;και αυτοι ουδεν τουτων συνηκαν και ην το ρημα τουτο κεκρυμμενον απ αυτων και ουκ εγινωσκον τα λεγομενα
luke;18;35;εγενετο δε εν τω εγγιζειν αυτον εις ιεριχω τυφλος τις εκαθητο παρα την οδον προσαιτων
luke;18;36;ακουσας δε οχλου διαπορευομενου επυνθανετο τι ειη τουτο
luke;18;37;απηγγειλαν δε αυτω οτι ιησους ο ναζωραιος παρερχεται
luke;18;38;και εβοησεν λεγων ιησου υιε δαβιδ ελεησον με
luke;18;39;και οι προαγοντες επετιμων αυτω ινα σιωπηση αυτος δε πολλω μαλλον εκραζεν υιε δαβιδ ελεησον με
luke;18;40;σταθεις δε ο ιησους εκελευσεν αυτον αχθηναι προς αυτον εγγισαντος δε αυτου επηρωτησεν αυτον
luke;18;41;λεγων τι σοι θελεις ποιησω ο δε ειπεν κυριε ινα αναβλεψω
luke;18;42;και ο ιησους ειπεν αυτω αναβλεψον η πιστις σου σεσωκεν σε
luke;18;43;και παραχρημα ανεβλεψεν και ηκολουθει αυτω δοξαζων τον θεον και πας ο λαος ιδων εδωκεν αινον τω θεω
luke;19;1;και εισελθων διηρχετο την ιεριχω
luke;19;2;και ιδου ανηρ ονοματι καλουμενος ζακχαιος και αυτος ην αρχιτελωνης και ουτος ην πλουσιος
luke;19;3;και εζητει ιδειν τον ιησουν τις εστιν και ουκ ηδυνατο απο του οχλου οτι τη ηλικια μικρος ην
luke;19;4;και προδραμων εμπροσθεν ανεβη επι συκομωραιαν ινα ιδη αυτον οτι δι εκεινης ημελλεν διερχεσθαι
luke;19;5;και ως ηλθεν επι τον τοπον αναβλεψας ο ιησους ειδεν αυτον και ειπεν προς αυτον ζακχαιε σπευσας καταβηθι σημερον γαρ εν τω οικω σου δει με μειναι
luke;19;6;και σπευσας κατεβη και υπεδεξατο αυτον χαιρων
luke;19;7;και ιδοντες απαντες διεγογγυζον λεγοντες οτι παρα αμαρτωλω ανδρι εισηλθεν καταλυσαι
luke;19;8;σταθεις δε ζακχαιος ειπεν προς τον κυριον ιδου τα ημιση των υπαρχοντων μου κυριε διδωμι τοις πτωχοις και ει τινος τι εσυκοφαντησα αποδιδωμι τετραπλουν
luke;19;9;ειπεν δε προς αυτον ο ιησους οτι σημερον σωτηρια τω οικω τουτω εγενετο καθοτι και αυτος υιος αβρααμ εστιν
luke;19;10;ηλθεν γαρ ο υιος του ανθρωπου ζητησαι και σωσαι το απολωλος
luke;19;11;ακουοντων δε αυτων ταυτα προσθεις ειπεν παραβολην δια το εγγυς αυτον ειναι ιερουσαλημ και δοκειν αυτους οτι παραχρημα μελλει η βασιλεια του θεου αναφαινεσθαι
luke;19;12;ειπεν ουν ανθρωπος τις ευγενης επορευθη εις χωραν μακραν λαβειν εαυτω βασιλειαν και υποστρεψαι
luke;19;13;καλεσας δε δεκα δουλους εαυτου εδωκεν αυτοις δεκα μνας και ειπεν προς αυτους πραγματευσασθε εως ερχομαι
luke;19;14;οι δε πολιται αυτου εμισουν αυτον και απεστειλαν πρεσβειαν οπισω αυτου λεγοντες ου θελομεν τουτον βασιλευσαι εφ ημας
luke;19;15;και εγενετο εν τω επανελθειν αυτον λαβοντα την βασιλειαν και ειπεν φωνηθηναι αυτω τους δουλους τουτους οις εδωκεν το αργυριον ινα γνω τις τι διεπραγματευσατο
luke;19;16;παρεγενετο δε ο πρωτος λεγων κυριε η μνα σου προσειργασατο δεκα μνας
luke;19;17;και ειπεν αυτω ευ αγαθε δουλε οτι εν ελαχιστω πιστος εγενου ισθι εξουσιαν εχων επανω δεκα πολεων
luke;19;18;και ηλθεν ο δευτερος λεγων κυριε η μνα σου εποιησεν πεντε μνας
luke;19;19;ειπεν δε και τουτω και συ γινου επανω πεντε πολεων
luke;19;20;και ετερος ηλθεν λεγων κυριε ιδου η μνα σου ην ειχον αποκειμενην εν σουδαριω
luke;19;21;εφοβουμην γαρ σε οτι ανθρωπος αυστηρος ει αιρεις ο ουκ εθηκας και θεριζεις ο ουκ εσπειρας
luke;19;22;λεγει δε αυτω εκ του στοματος σου κρινω σε πονηρε δουλε ηδεις οτι εγω ανθρωπος αυστηρος ειμι αιρων ο ουκ εθηκα και θεριζων ο ουκ εσπειρα
luke;19;23;και δια τι ουκ εδωκας το αργυριον μου επι την τραπεζαν και εγω ελθων συν τοκω αν επραξα αυτο
luke;19;24;και τοις παρεστωσιν ειπεν αρατε απ αυτου την μναν και δοτε τω τας δεκα μνας εχοντι
luke;19;25;και ειπον αυτω κυριε εχει δεκα μνας
luke;19;26;λεγω γαρ υμιν οτι παντι τω εχοντι δοθησεται απο δε του μη εχοντος και ο εχει αρθησεται απ αυτου
luke;19;27;πλην τους εχθρους μου εκεινους τους μη θελησαντας με βασιλευσαι επ αυτους αγαγετε ωδε και κατασφαξατε εμπροσθεν μου
luke;19;28;και ειπων ταυτα επορευετο εμπροσθεν αναβαινων εις ιεροσολυμα
luke;19;29;και εγενετο ως ηγγισεν εις βηθφαγη και βηθανιαν προς το ορος το καλουμενον ελαιων απεστειλεν δυο των μαθητων αυτου
luke;19;30;ειπων υπαγετε εις την κατεναντι κωμην εν η εισπορευομενοι ευρησετε πωλον δεδεμενον εφ ον ουδεις πωποτε ανθρωπων εκαθισεν λυσαντες αυτον αγαγετε
luke;19;31;και εαν τις υμας ερωτα δια τι λυετε ουτως ερειτε αυτω οτι ο κυριος αυτου χρειαν εχει
luke;19;32;απελθοντες δε οι απεσταλμενοι ευρον καθως ειπεν αυτοις
luke;19;33;λυοντων δε αυτων τον πωλον ειπον οι κυριοι αυτου προς αυτους τι λυετε τον πωλον
luke;19;34;οι δε ειπον ο κυριος αυτου χρειαν εχει
luke;19;35;και ηγαγον αυτον προς τον ιησουν και επιρριψαντες εαυτων τα ιματια επι τον πωλον επεβιβασαν τον ιησουν
luke;19;36;πορευομενου δε αυτου υπεστρωννυον τα ιματια αυτων εν τη οδω
luke;19;37;εγγιζοντος δε αυτου ηδη προς τη καταβασει του ορους των ελαιων ηρξαντο απαν το πληθος των μαθητων χαιροντες αινειν τον θεον φωνη μεγαλη περι πασων ων ειδον δυναμεων
luke;19;38;λεγοντες ευλογημενος ο ερχομενος βασιλευς εν ονοματι κυριου ειρηνη εν ουρανω και δοξα εν υψιστοις
luke;19;39;και τινες των φαρισαιων απο του οχλου ειπον προς αυτον διδασκαλε επιτιμησον τοις μαθηταις σου
luke;19;40;και αποκριθεις ειπεν αυτοις λεγω υμιν οτι εαν ουτοι σιωπησωσιν οι λιθοι κεκραξονται
luke;19;41;και ως ηγγισεν ιδων την πολιν εκλαυσεν επ αυτη
luke;19;42;λεγων οτι ει εγνως και συ και γε εν τη ημερα σου ταυτη τα προς ειρηνην σου νυν δε εκρυβη απο οφθαλμων σου
luke;19;43;οτι ηξουσιν ημεραι επι σε και περιβαλουσιν οι εχθροι σου χαρακα σοι και περικυκλωσουσιν σε και συνεξουσιν σε παντοθεν
luke;19;44;και εδαφιουσιν σε και τα τεκνα σου εν σοι και ουκ αφησουσιν εν σοι λιθον επι λιθω ανθ ων ουκ εγνως τον καιρον της επισκοπης σου
luke;19;45;και εισελθων εις το ιερον ηρξατο εκβαλλειν τους πωλουντας εν αυτω και αγοραζοντας
luke;19;46;λεγων αυτοις γεγραπται ο οικος μου οικος προσευχης εστιν υμεις δε αυτον εποιησατε σπηλαιον ληστων
luke;19;47;και ην διδασκων το καθ ημεραν εν τω ιερω οι δε αρχιερεις και οι γραμματεις εζητουν αυτον απολεσαι και οι πρωτοι του λαου
luke;19;48;και ουχ ευρισκον το τι ποιησωσιν ο λαος γαρ απας εξεκρεματο αυτου ακουων
luke;20;1;και εγενετο εν μια των ημερων εκεινων διδασκοντος αυτου τον λαον εν τω ιερω και ευαγγελιζομενου επεστησαν οι αρχιερεις και οι γραμματεις συν τοις πρεσβυτεροις
luke;20;2;και ειπον προς αυτον λεγοντες ειπε ημιν εν ποια εξουσια ταυτα ποιεις η τις εστιν ο δους σοι την εξουσιαν ταυτην
luke;20;3;αποκριθεις δε ειπεν προς αυτους ερωτησω υμας καγω ενα λογον και ειπατε μοι
luke;20;4;το βαπτισμα ιωαννου εξ ουρανου ην η εξ ανθρωπων
luke;20;5;οι δε συνελογισαντο προς εαυτους λεγοντες οτι εαν ειπωμεν εξ ουρανου ερει δια τι ουν ουκ επιστευσατε αυτω
luke;20;6;εαν δε ειπωμεν εξ ανθρωπων πας ο λαος καταλιθασει ημας πεπεισμενος γαρ εστιν ιωαννην προφητην ειναι
luke;20;7;και απεκριθησαν μη ειδεναι ποθεν
luke;20;8;και ο ιησους ειπεν αυτοις ουδε εγω λεγω υμιν εν ποια εξουσια ταυτα ποιω
luke;20;9;ηρξατο δε προς τον λαον λεγειν την παραβολην ταυτην ανθρωπος τις εφυτευσεν αμπελωνα και εξεδοτο αυτον γεωργοις και απεδημησεν χρονους ικανους
luke;20;10;και εν καιρω απεστειλεν προς τους γεωργους δουλον ινα απο του καρπου του αμπελωνος δωσιν αυτω οι δε γεωργοι δειραντες αυτον εξαπεστειλαν κενον
luke;20;11;και προσεθετο πεμψαι ετερον δουλον οι δε κακεινον δειραντες και ατιμασαντες εξαπεστειλαν κενον
luke;20;12;και προσεθετο πεμψαι τριτον οι δε και τουτον τραυματισαντες εξεβαλον
luke;20;13;ειπεν δε ο κυριος του αμπελωνος τι ποιησω πεμψω τον υιον μου τον αγαπητον ισως τουτον ιδοντες εντραπησονται
luke;20;14;ιδοντες δε αυτον οι γεωργοι διελογιζοντο προς εαυτους λεγοντες ουτος εστιν ο κληρονομος δευτε αποκτεινωμεν αυτον ινα ημων γενηται η κληρονομια
luke;20;15;και εκβαλοντες αυτον εξω του αμπελωνος απεκτειναν τι ουν ποιησει αυτοις ο κυριος του αμπελωνος
luke;20;16;ελευσεται και απολεσει τους γεωργους τουτους και δωσει τον αμπελωνα αλλοις ακουσαντες δε ειπον μη γενοιτο
luke;20;17;ο δε εμβλεψας αυτοις ειπεν τι ουν εστιν το γεγραμμενον τουτο λιθον ον απεδοκιμασαν οι οικοδομουντες ουτος εγενηθη εις κεφαλην γωνιας
luke;20;18;πας ο πεσων επ εκεινον τον λιθον συνθλασθησεται εφ ον δ αν πεση λικμησει αυτον
luke;20;19;και εζητησαν οι αρχιερεις και οι γραμματεις επιβαλειν επ αυτον τας χειρας εν αυτη τη ωρα και εφοβηθησαν τον λαον εγνωσαν γαρ οτι προς αυτους την παραβολην ταυτην ειπεν
luke;20;20;και παρατηρησαντες απεστειλαν εγκαθετους υποκρινομενους εαυτους δικαιους ειναι ινα επιλαβωνται αυτου λογου εις το παραδουναι αυτον τη αρχη και τη εξουσια του ηγεμονος
luke;20;21;και επηρωτησαν αυτον λεγοντες διδασκαλε οιδαμεν οτι ορθως λεγεις και διδασκεις και ου λαμβανεις προσωπον αλλ επ αληθειας την οδον του θεου διδασκεις
luke;20;22;εξεστιν ημιν καισαρι φορον δουναι η ου
luke;20;23;κατανοησας δε αυτων την πανουργιαν ειπεν προς αυτους τι με πειραζετε
luke;20;24;επιδειξατε μοι δηναριον τινος εχει εικονα και επιγραφην αποκριθεντες δε ειπον καισαρος
luke;20;25;ο δε ειπεν αυτοις αποδοτε τοινυν τα καισαρος καισαρι και τα του θεου τω θεω
luke;20;26;και ουκ ισχυσαν επιλαβεσθαι αυτου ρηματος εναντιον του λαου και θαυμασαντες επι τη αποκρισει αυτου εσιγησαν
luke;20;27;προσελθοντες δε τινες των σαδδουκαιων οι αντιλεγοντες αναστασιν μη ειναι επηρωτησαν αυτον
luke;20;28;λεγοντες διδασκαλε μωσης εγραψεν ημιν εαν τινος αδελφος αποθανη εχων γυναικα και ουτος ατεκνος αποθανη ινα λαβη ο αδελφος αυτου την γυναικα και εξαναστηση σπερμα τω αδελφω αυτου
luke;20;29;επτα ουν αδελφοι ησαν και ο πρωτος λαβων γυναικα απεθανεν ατεκνος
luke;20;30;και ελαβεν ο δευτερος την γυναικα και ουτος απεθανεν ατεκνος
luke;20;31;και ο τριτος ελαβεν αυτην ωσαυτως δε και οι επτα ου κατελιπον τεκνα και απεθανον
luke;20;32;υστερον παντων απεθανεν και η γυνη
luke;20;33;εν τη ουν αναστασει τινος αυτων γινεται γυνη οι γαρ επτα εσχον αυτην γυναικα
luke;20;34;και αποκριθεις ειπεν αυτοις ο ιησους οι υιοι του αιωνος τουτου γαμουσιν και εκγαμισκονται
luke;20;35;οι δε καταξιωθεντες του αιωνος εκεινου τυχειν και της αναστασεως της εκ νεκρων ουτε γαμουσιν ουτε εκγαμισκονται
luke;20;36;ουτε γαρ αποθανειν ετι δυνανται ισαγγελοι γαρ εισιν και υιοι εισιν του θεου της αναστασεως υιοι οντες
luke;20;37;οτι δε εγειρονται οι νεκροι και μωσης εμηνυσεν επι της βατου ως λεγει κυριον τον θεον αβρααμ και τον θεον ισαακ και τον θεον ιακωβ
luke;20;38;θεος δε ουκ εστιν νεκρων αλλα ζωντων παντες γαρ αυτω ζωσιν
luke;20;39;αποκριθεντες δε τινες των γραμματεων ειπον διδασκαλε καλως ειπας
luke;20;40;ουκετι δε ετολμων επερωταν αυτον ουδεν
luke;20;41;ειπεν δε προς αυτους πως λεγουσιν τον χριστον υιον δαβιδ ειναι
luke;20;42;και αυτος δαβιδ λεγει εν βιβλω ψαλμων ειπεν ο κυριος τω κυριω μου καθου εκ δεξιων μου
luke;20;43;εως αν θω τους εχθρους σου υποποδιον των ποδων σου
luke;20;44;δαβιδ ουν κυριον αυτον καλει και πως υιος αυτου εστιν
luke;20;45;ακουοντος δε παντος του λαου ειπεν τοις μαθηταις αυτου
luke;20;46;προσεχετε απο των γραμματεων των θελοντων περιπατειν εν στολαις και φιλουντων ασπασμους εν ταις αγοραις και πρωτοκαθεδριας εν ταις συναγωγαις και πρωτοκλισιας εν τοις δειπνοις
luke;20;47;οι κατεσθιουσιν τας οικιας των χηρων και προφασει μακρα προσευχονται ουτοι ληψονται περισσοτερον κριμα
luke;21;1;αναβλεψας δε ειδεν τους βαλλοντας τα δωρα αυτων εις το γαζοφυλακιον πλουσιους
luke;21;2;ειδεν δε και τινα χηραν πενιχραν βαλλουσαν εκει δυο λεπτα
luke;21;3;και ειπεν αληθως λεγω υμιν οτι η χηρα η πτωχη αυτη πλειον παντων εβαλεν
luke;21;4;απαντες γαρ ουτοι εκ του περισσευοντος αυτοις εβαλον εις τα δωρα του θεου αυτη δε εκ του υστερηματος αυτης απαντα τον βιον ον ειχεν εβαλεν
luke;21;5;και τινων λεγοντων περι του ιερου οτι λιθοις καλοις και αναθημασιν κεκοσμηται ειπεν
luke;21;6;ταυτα α θεωρειτε ελευσονται ημεραι εν αις ουκ αφεθησεται λιθος επι λιθω ος ου καταλυθησεται
luke;21;7;επηρωτησαν δε αυτον λεγοντες διδασκαλε ποτε ουν ταυτα εσται και τι το σημειον οταν μελλη ταυτα γινεσθαι
luke;21;8;ο δε ειπεν βλεπετε μη πλανηθητε πολλοι γαρ ελευσονται επι τω ονοματι μου λεγοντες οτι εγω ειμι και ο καιρος ηγγικεν μη ουν πορευθητε οπισω αυτων
luke;21;9;οταν δε ακουσητε πολεμους και ακαταστασιας μη πτοηθητε δει γαρ ταυτα γενεσθαι πρωτον αλλ ουκ ευθεως το τελος
luke;21;10;τοτε ελεγεν αυτοις εγερθησεται εθνος επι εθνος και βασιλεια επι βασιλειαν
luke;21;11;σεισμοι τε μεγαλοι κατα τοπους και λιμοι και λοιμοι εσονται φοβητρα τε και σημεια απ ουρανου μεγαλα εσται
luke;21;12;προ δε τουτων απαντων επιβαλουσιν εφ υμας τας χειρας αυτων και διωξουσιν παραδιδοντες εις συναγωγας και φυλακας αγομενους επι βασιλεις και ηγεμονας ενεκεν του ονοματος μου
luke;21;13;αποβησεται δε υμιν εις μαρτυριον
luke;21;14;θεσθε ουν εις τας καρδιας υμων μη προμελεταν απολογηθηναι
luke;21;15;εγω γαρ δωσω υμιν στομα και σοφιαν η ου δυνησονται αντειπειν ουδε αντιστηναι παντες οι αντικειμενοι υμιν
luke;21;16;παραδοθησεσθε δε και υπο γονεων και αδελφων και συγγενων και φιλων και θανατωσουσιν εξ υμων
luke;21;17;και εσεσθε μισουμενοι υπο παντων δια το ονομα μου
luke;21;18;και θριξ εκ της κεφαλης υμων ου μη αποληται
luke;21;19;εν τη υπομονη υμων κτησασθε τας ψυχας υμων
luke;21;20;οταν δε ιδητε κυκλουμενην υπο στρατοπεδων την ιερουσαλημ τοτε γνωτε οτι ηγγικεν η ερημωσις αυτης
luke;21;21;τοτε οι εν τη ιουδαια φευγετωσαν εις τα ορη και οι εν μεσω αυτης εκχωρειτωσαν και οι εν ταις χωραις μη εισερχεσθωσαν εις αυτην
luke;21;22;οτι ημεραι εκδικησεως αυται εισιν του πληρωθηναι παντα τα γεγραμμενα
luke;21;23;ουαι δε ταις εν γαστρι εχουσαις και ταις θηλαζουσαις εν εκειναις ταις ημεραις εσται γαρ αναγκη μεγαλη επι της γης και οργη εν τω λαω τουτω
luke;21;24;και πεσουνται στοματι μαχαιρας και αιχμαλωτισθησονται εις παντα τα εθνη και ιερουσαλημ εσται πατουμενη υπο εθνων αχρι πληρωθωσιν καιροι εθνων
luke;21;25;και εσται σημεια εν ηλιω και σεληνη και αστροις και επι της γης συνοχη εθνων εν απορια ηχουσης θαλασσης και σαλου
luke;21;26;αποψυχοντων ανθρωπων απο φοβου και προσδοκιας των επερχομενων τη οικουμενη αι γαρ δυναμεις των ουρανων σαλευθησονται
luke;21;27;και τοτε οψονται τον υιον του ανθρωπου ερχομενον εν νεφελη μετα δυναμεως και δοξης πολλης
luke;21;28;αρχομενων δε τουτων γινεσθαι ανακυψατε και επαρατε τας κεφαλας υμων διοτι εγγιζει η απολυτρωσις υμων
luke;21;29;και ειπεν παραβολην αυτοις ιδετε την συκην και παντα τα δενδρα
luke;21;30;οταν προβαλωσιν ηδη βλεποντες αφ εαυτων γινωσκετε οτι ηδη εγγυς το θερος εστιν
luke;21;31;ουτως και υμεις οταν ιδητε ταυτα γινομενα γινωσκετε οτι εγγυς εστιν η βασιλεια του θεου
luke;21;32;αμην λεγω υμιν οτι ου μη παρελθη η γενεα αυτη εως αν παντα γενηται
luke;21;33;ο ουρανος και η γη παρελευσονται οι δε λογοι μου ου μη παρελθωσιν
luke;21;34;προσεχετε δε εαυτοις μηποτε βαρυνθωσιν υμων αι καρδιαι εν κραιπαλη και μεθη και μεριμναις βιωτικαις και αιφνιδιος εφ υμας επιστη η ημερα εκεινη
luke;21;35;ως παγις γαρ επελευσεται επι παντας τους καθημενους επι προσωπον πασης της γης
luke;21;36;αγρυπνειτε ουν εν παντι καιρω δεομενοι ινα καταξιωθητε εκφυγειν ταυτα παντα τα μελλοντα γινεσθαι και σταθηναι εμπροσθεν του υιου του ανθρωπου
luke;21;37;ην δε τας ημερας εν τω ιερω διδασκων τας δε νυκτας εξερχομενος ηυλιζετο εις το ορος το καλουμενον ελαιων
luke;21;38;και πας ο λαος ωρθριζεν προς αυτον εν τω ιερω ακουειν αυτου
luke;22;1;ηγγιζεν δε η εορτη των αζυμων η λεγομενη πασχα
luke;22;2;και εζητουν οι αρχιερεις και οι γραμματεις το πως ανελωσιν αυτον εφοβουντο γαρ τον λαον
luke;22;3;εισηλθεν δε ο σατανας εις ιουδαν τον επικαλουμενον ισκαριωτην οντα εκ του αριθμου των δωδεκα
luke;22;4;και απελθων συνελαλησεν τοις αρχιερευσιν και τοις στρατηγοις το πως αυτον παραδω αυτοις
luke;22;5;και εχαρησαν και συνεθεντο αυτω αργυριον δουναι
luke;22;6;και εξωμολογησεν και εζητει ευκαιριαν του παραδουναι αυτον αυτοις ατερ οχλου
luke;22;7;ηλθεν δε η ημερα των αζυμων εν η εδει θυεσθαι το πασχα
luke;22;8;και απεστειλεν πετρον και ιωαννην ειπων πορευθεντες ετοιμασατε ημιν το πασχα ινα φαγωμεν
luke;22;9;οι δε ειπον αυτω που θελεις ετοιμασωμεν
luke;22;10;ο δε ειπεν αυτοις ιδου εισελθοντων υμων εις την πολιν συναντησει υμιν ανθρωπος κεραμιον υδατος βασταζων ακολουθησατε αυτω εις την οικιαν ου εισπορευεται
luke;22;11;και ερειτε τω οικοδεσποτη της οικιας λεγει σοι ο διδασκαλος που εστιν το καταλυμα οπου το πασχα μετα των μαθητων μου φαγω
luke;22;12;κακεινος υμιν δειξει ανωγεον μεγα εστρωμενον εκει ετοιμασατε
luke;22;13;απελθοντες δε ευρον καθως ειρηκεν αυτοις και ητοιμασαν το πασχα
luke;22;14;και οτε εγενετο η ωρα ανεπεσεν και οι δωδεκα αποστολοι συν αυτω
luke;22;15;και ειπεν προς αυτους επιθυμια επεθυμησα τουτο το πασχα φαγειν μεθ υμων προ του με παθειν
luke;22;16;λεγω γαρ υμιν οτι ουκετι ου μη φαγω εξ αυτου εως οτου πληρωθη εν τη βασιλεια του θεου
luke;22;17;και δεξαμενος ποτηριον ευχαριστησας ειπεν λαβετε τουτο και διαμερισατε εαυτοις
luke;22;18;λεγω γαρ υμιν οτι ου μη πιω απο του γεννηματος της αμπελου εως οτου η βασιλεια του θεου ελθη
luke;22;19;και λαβων αρτον ευχαριστησας εκλασεν και εδωκεν αυτοις λεγων τουτο εστιν το σωμα μου το υπερ υμων διδομενον τουτο ποιειτε εις την εμην αναμνησιν
luke;22;20;ωσαυτως και το ποτηριον μετα το δειπνησαι λεγων τουτο το ποτηριον η καινη διαθηκη εν τω αιματι μου το υπερ υμων εκχυνομενον
luke;22;21;πλην ιδου η χειρ του παραδιδοντος με μετ εμου επι της τραπεζης
luke;22;22;και ο μεν υιος του ανθρωπου πορευεται κατα το ωρισμενον πλην ουαι τω ανθρωπω εκεινω δι ου παραδιδοται
luke;22;23;και αυτοι ηρξαντο συζητειν προς εαυτους το τις αρα ειη εξ αυτων ο τουτο μελλων πρασσειν
luke;22;24;εγενετο δε και φιλονεικια εν αυτοις το τις αυτων δοκει ειναι μειζων
luke;22;25;ο δε ειπεν αυτοις οι βασιλεις των εθνων κυριευουσιν αυτων και οι εξουσιαζοντες αυτων ευεργεται καλουνται
luke;22;26;υμεις δε ουχ ουτως αλλ ο μειζων εν υμιν γενεσθω ως ο νεωτερος και ο ηγουμενος ως ο διακονων
luke;22;27;τις γαρ μειζων ο ανακειμενος η ο διακονων ουχι ο ανακειμενος εγω δε ειμι εν μεσω υμων ως ο διακονων
luke;22;28;υμεις δε εστε οι διαμεμενηκοτες μετ εμου εν τοις πειρασμοις μου
luke;22;29;καγω διατιθεμαι υμιν καθως διεθετο μοι ο πατηρ μου βασιλειαν
luke;22;30;ινα εσθιητε και πινητε επι της τραπεζης μου εν τη βασιλεια μου και καθισησθε επι θρονων κρινοντες τας δωδεκα φυλας του ισραηλ
luke;22;31;ειπεν δε ο κυριος σιμων σιμων ιδου ο σατανας εξητησατο υμας του σινιασαι ως τον σιτον
luke;22;32;εγω δε εδεηθην περι σου ινα μη εκλειπη η πιστις σου και συ ποτε επιστρεψας στηριξον τους αδελφους σου
luke;22;33;ο δε ειπεν αυτω κυριε μετα σου ετοιμος ειμι και εις φυλακην και εις θανατον πορευεσθαι
luke;22;34;ο δε ειπεν λεγω σοι πετρε ου μη φωνησει σημερον αλεκτωρ πριν η τρις απαρνηση μη ειδεναι με
luke;22;35;και ειπεν αυτοις οτε απεστειλα υμας ατερ βαλαντιου και πηρας και υποδηματων μη τινος υστερησατε οι δε ειπον ουδενος
luke;22;36;ειπεν ουν αυτοις αλλα νυν ο εχων βαλαντιον αρατω ομοιως και πηραν και ο μη εχων πωλησατω το ιματιον αυτου και αγορασατω μαχαιραν
luke;22;37;λεγω γαρ υμιν οτι ετι τουτο το γεγραμμενον δει τελεσθηναι εν εμοι το και μετα ανομων ελογισθη και γαρ τα περι εμου τελος εχει
luke;22;38;οι δε ειπον κυριε ιδου μαχαιραι ωδε δυο ο δε ειπεν αυτοις ικανον εστιν
luke;22;39;και εξελθων επορευθη κατα το εθος εις το ορος των ελαιων ηκολουθησαν δε αυτω και οι μαθηται αυτου
luke;22;40;γενομενος δε επι του τοπου ειπεν αυτοις προσευχεσθε μη εισελθειν εις πειρασμον
luke;22;41;και αυτος απεσπασθη απ αυτων ωσει λιθου βολην και θεις τα γονατα προσηυχετο
luke;22;42;λεγων πατερ ει βουλει το ποτηριον τουτο απ εμου πλην μη το θελημα μου αλλα το σον γενεσθω
luke;22;43;ωφθη δε αυτω αγγελος απ ουρανου ενισχυων αυτον
luke;22;44;και γενομενος εν αγωνια εκτενεστερον προσηυχετο εγενετο δε ο ιδρως αυτου ωσει θρομβοι αιματος καταβαινοντες επι την γην
luke;22;45;και αναστας απο της προσευχης ελθων προς τους μαθητας ευρεν αυτους κοιμωμενους απο της λυπης
luke;22;46;και ειπεν αυτοις τι καθευδετε ανασταντες προσευχεσθε ινα μη εισελθητε εις πειρασμον
luke;22;47;ετι δε αυτου λαλουντος ιδου οχλος και ο λεγομενος ιουδας εις των δωδεκα προηρχετο αυτων και ηγγισεν τω ιησου φιλησαι αυτον
luke;22;48;ο δε ιησους ειπεν αυτω ιουδα φιληματι τον υιον του ανθρωπου παραδιδως
luke;22;49;ιδοντες δε οι περι αυτον το εσομενον ειπον αυτω κυριε ει παταξομεν εν μαχαιρα
luke;22;50;και επαταξεν εις τις εξ αυτων τον δουλον του αρχιερεως και αφειλεν αυτου το ους το δεξιον
luke;22;51;αποκριθεις δε ο ιησους ειπεν εατε εως τουτου και αψαμενος του ωτιου αυτου ιασατο αυτον
luke;22;52;ειπεν δε ο ιησους προς τους παραγενομενους επ αυτον αρχιερεις και στρατηγους του ιερου και πρεσβυτερους ως επι ληστην εξεληλυθατε μετα μαχαιρων και ξυλων
luke;22;53;καθ ημεραν οντος μου μεθ υμων εν τω ιερω ουκ εξετεινατε τας χειρας επ εμε αλλ αυτη υμων εστιν η ωρα και η εξουσια του σκοτους
luke;22;54;συλλαβοντες δε αυτον ηγαγον και εισηγαγον αυτον εις τον οικον του αρχιερεως ο δε πετρος ηκολουθει μακροθεν
luke;22;55;αψαντων δε πυρ εν μεσω της αυλης και συγκαθισαντων αυτων εκαθητο ο πετρος εν μεσω αυτων
luke;22;56;ιδουσα δε αυτον παιδισκη τις καθημενον προς το φως και ατενισασα αυτω ειπεν και ουτος συν αυτω ην
luke;22;57;ο δε ηρνησατο αυτον λεγων γυναι ουκ οιδα αυτον
luke;22;58;και μετα βραχυ ετερος ιδων αυτον εφη και συ εξ αυτων ει ο δε πετρος ειπεν ανθρωπε ουκ ειμι
luke;22;59;και διαστασης ωσει ωρας μιας αλλος τις διισχυριζετο λεγων επ αληθειας και ουτος μετ αυτου ην και γαρ γαλιλαιος εστιν
luke;22;60;ειπεν δε ο πετρος ανθρωπε ουκ οιδα ο λεγεις και παραχρημα ετι λαλουντος αυτου εφωνησεν ο αλεκτωρ
luke;22;61;και στραφεις ο κυριος ενεβλεψεν τω πετρω και υπεμνησθη ο πετρος του λογου του κυριου ως ειπεν αυτω οτι πριν αλεκτορα φωνησαι απαρνηση με τρις
luke;22;62;και εξελθων εξω ο πετρος εκλαυσεν πικρως
luke;22;63;και οι ανδρες οι συνεχοντες τον ιησουν ενεπαιζον αυτω δεροντες
luke;22;64;και περικαλυψαντες αυτον ετυπτον αυτου το προσωπον και επηρωτων αυτον λεγοντες προφητευσον τις εστιν ο παισας σε
luke;22;65;και ετερα πολλα βλασφημουντες ελεγον εις αυτον
luke;22;66;και ως εγενετο ημερα συνηχθη το πρεσβυτεριον του λαου αρχιερεις τε και γραμματεις και ανηγαγον αυτον εις το συνεδριον εαυτων λεγοντες
luke;22;67;ει συ ει ο χριστος ειπε ημιν ειπεν δε αυτοις εαν υμιν ειπω ου μη πιστευσητε
luke;22;68;εαν δε και ερωτησω ου μη αποκριθητε μοι η απολυσητε
luke;22;69;απο του νυν εσται ο υιος του ανθρωπου καθημενος εκ δεξιων της δυναμεως του θεου
luke;22;70;ειπον δε παντες συ ουν ει ο υιος του θεου ο δε προς αυτους εφη υμεις λεγετε οτι εγω ειμι
luke;22;71;οι δε ειπον τι ετι χρειαν εχομεν μαρτυριας αυτοι γαρ ηκουσαμεν απο του στοματος αυτου
luke;23;1;και ανασταν απαν το πληθος αυτων ηγαγεν αυτον επι τον πιλατον
luke;23;2;ηρξαντο δε κατηγορειν αυτου λεγοντες τουτον ευρομεν διαστρεφοντα το εθνος και κωλυοντα καισαρι φορους διδοναι λεγοντα εαυτον χριστον βασιλεα ειναι
luke;23;3;ο δε πιλατος επηρωτησεν αυτον λεγων συ ει ο βασιλευς των ιουδαιων ο δε αποκριθεις αυτω εφη συ λεγεις
luke;23;4;ο δε πιλατος ειπεν προς τους αρχιερεις και τους οχλους ουδεν ευρισκω αιτιον εν τω ανθρωπω τουτω
luke;23;5;οι δε επισχυον λεγοντες οτι ανασειει τον λαον διδασκων καθ ολης της ιουδαιας αρξαμενος απο της γαλιλαιας εως ωδε
luke;23;6;πιλατος δε ακουσας γαλιλαιαν επηρωτησεν ει ο ανθρωπος γαλιλαιος εστιν
luke;23;7;και επιγνους οτι εκ της εξουσιας ηρωδου εστιν ανεπεμψεν αυτον προς ηρωδην οντα και αυτον εν ιεροσολυμοις εν ταυταις ταις ημεραις
luke;23;8;ο δε ηρωδης ιδων τον ιησουν εχαρη λιαν ην γαρ θελων εξ ικανου ιδειν αυτον δια το ακουειν πολλα περι αυτου και ηλπιζεν τι σημειον ιδειν υπ αυτου γινομενον
luke;23;9;επηρωτα δε αυτον εν λογοις ικανοις αυτος δε ουδεν απεκρινατο αυτω
luke;23;10;ειστηκεισαν δε οι αρχιερεις και οι γραμματεις ευτονως κατηγορουντες αυτου
luke;23;11;εξουθενησας δε αυτον ο ηρωδης συν τοις στρατευμασιν αυτου και εμπαιξας περιβαλων αυτον εσθητα λαμπραν ανεπεμψεν αυτον τω πιλατω
luke;23;12;εγενοντο δε φιλοι ο τε πιλατος και ο ηρωδης εν αυτη τη ημερα μετ αλληλων προυπηρχον γαρ εν εχθρα οντες προς εαυτους
luke;23;13;πιλατος δε συγκαλεσαμενος τους αρχιερεις και τους αρχοντας και τον λαον
luke;23;14;ειπεν προς αυτους προσηνεγκατε μοι τον ανθρωπον τουτον ως αποστρεφοντα τον λαον και ιδου εγω ενωπιον υμων ανακρινας ουδεν ευρον εν τω ανθρωπω τουτω αιτιον ων κατηγορειτε κατ αυτου
luke;23;15;αλλ ουδε ηρωδης ανεπεμψα γαρ υμας προς αυτον και ιδου ουδεν αξιον θανατου εστιν πεπραγμενον αυτω
luke;23;16;παιδευσας ουν αυτον απολυσω
luke;23;17;αναγκην δε ειχεν απολυειν αυτοις κατα εορτην ενα
luke;23;18;ανεκραξαν δε παμπληθει λεγοντες αιρε τουτον απολυσον δε ημιν τον βαραββαν
luke;23;19;οστις ην δια στασιν τινα γενομενην εν τη πολει και φονον βεβλημενος εις φυλακην
luke;23;20;παλιν ουν ο πιλατος προσεφωνησεν θελων απολυσαι τον ιησουν
luke;23;21;οι δε επεφωνουν λεγοντες σταυρωσον σταυρωσον αυτον
luke;23;22;ο δε τριτον ειπεν προς αυτους τι γαρ κακον εποιησεν ουτος ουδεν αιτιον θανατου ευρον εν αυτω παιδευσας ουν αυτον απολυσω
luke;23;23;οι δε επεκειντο φωναις μεγαλαις αιτουμενοι αυτον σταυρωθηναι και κατισχυον αι φωναι αυτων και των αρχιερεων
luke;23;24;ο δε πιλατος επεκρινεν γενεσθαι το αιτημα αυτων
luke;23;25;απελυσεν δε αυτοις τον δια στασιν και φονον βεβλημενον εις την φυλακην ον ητουντο τον δε ιησουν παρεδωκεν τω θεληματι αυτων
luke;23;26;και ως απηγαγον αυτον επιλαβομενοι σιμωνος τινος κυρηναιου του ερχομενου απ αγρου επεθηκαν αυτω τον σταυρον φερειν οπισθεν του ιησου
luke;23;27;ηκολουθει δε αυτω πολυ πληθος του λαου και γυναικων αι και εκοπτοντο και εθρηνουν αυτον
luke;23;28;στραφεις δε προς αυτας ο ιησους ειπεν θυγατερες ιερουσαλημ μη κλαιετε επ εμε πλην εφ εαυτας κλαιετε και επι τα τεκνα υμων
luke;23;29;οτι ιδου ερχονται ημεραι εν αις ερουσιν μακαριαι αι στειραι και κοιλιαι αι ουκ εγεννησαν και μαστοι οι ουκ εθηλασαν
luke;23;30;τοτε αρξονται λεγειν τοις ορεσιν πεσετε εφ ημας και τοις βουνοις καλυψατε ημας
luke;23;31;οτι ει εν τω υγρω ξυλω ταυτα ποιουσιν εν τω ξηρω τι γενηται
luke;23;32;ηγοντο δε και ετεροι δυο κακουργοι συν αυτω αναιρεθηναι
luke;23;33;και οτε απηλθον επι τον τοπον τον καλουμενον κρανιον εκει εσταυρωσαν αυτον και τους κακουργους ον μεν εκ δεξιων ον δε εξ αριστερων
luke;23;34;ο δε ιησους ελεγεν πατερ αφες αυτοις ου γαρ οιδασιν τι ποιουσιν διαμεριζομενοι δε τα ιματια αυτου εβαλον κληρον
luke;23;35;και ειστηκει ο λαος θεωρων εξεμυκτηριζον δε και οι αρχοντες συν αυτοις λεγοντες αλλους εσωσεν σωσατω εαυτον ει ουτος εστιν ο χριστος ο του θεου εκλεκτος
luke;23;36;ενεπαιζον δε αυτω και οι στρατιωται προσερχομενοι και οξος προσφεροντες αυτω
luke;23;37;και λεγοντες ει συ ει ο βασιλευς των ιουδαιων σωσον σεαυτον
luke;23;38;ην δε και επιγραφη γεγραμμενη επ αυτω γραμμασιν ελληνικοις και ρωμαικοις και εβραικοις ουτος εστιν ο βασιλευς των ιουδαιων
luke;23;39;εις δε των κρεμασθεντων κακουργων εβλασφημει αυτον λεγων ει συ ει ο χριστος σωσον σεαυτον και ημας
luke;23;40;αποκριθεις δε ο ετερος επετιμα αυτω λεγων ουδε φοβη συ τον θεον οτι εν τω αυτω κριματι ει
luke;23;41;και ημεις μεν δικαιως αξια γαρ ων επραξαμεν απολαμβανομεν ουτος δε ουδεν ατοπον επραξεν
luke;23;42;και ελεγεν τω ιησου μνησθητι μου κυριε οταν ελθης εν τη βασιλεια σου
luke;23;43;και ειπεν αυτω ο ιησους αμην λεγω σοι σημερον μετ εμου εση εν τω παραδεισω
luke;23;44;ην δε ωσει ωρα εκτη και σκοτος εγενετο εφ ολην την γην εως ωρας εννατης
luke;23;45;και εσκοτισθη ο ηλιος και εσχισθη το καταπετασμα του ναου μεσον
luke;23;46;και φωνησας φωνη μεγαλη ο ιησους ειπεν πατερ εις χειρας σου παραθησομαι το πνευμα μου και ταυτα ειπων εξεπνευσεν
luke;23;47;ιδων δε ο εκατονταρχος το γενομενον εδοξασεν τον θεον λεγων οντως ο ανθρωπος ουτος δικαιος ην
luke;23;48;και παντες οι συμπαραγενομενοι οχλοι επι την θεωριαν ταυτην θεωρουντες τα γενομενα τυπτοντες εαυτων τα στηθη υπεστρεφον
luke;23;49;ειστηκεισαν δε παντες οι γνωστοι αυτου μακροθεν και γυναικες αι συνακολουθησασαι αυτω απο της γαλιλαιας ορωσαι ταυτα
luke;23;50;και ιδου ανηρ ονοματι ιωσηφ βουλευτης υπαρχων ανηρ αγαθος και δικαιος
luke;23;51;ουτος ουκ ην συγκατατεθειμενος τη βουλη και τη πραξει αυτων απο αριμαθαιας πολεως των ιουδαιων ος και προσεδεχετο και αυτος την βασιλειαν του θεου
luke;23;52;ουτος προσελθων τω πιλατω ητησατο το σωμα του ιησου
luke;23;53;και καθελων αυτο ενετυλιξεν αυτο σινδονι και εθηκεν αυτο εν μνηματι λαξευτω ου ουκ ην ουδεπω ουδεις κειμενος
luke;23;54;και ημερα ην παρασκευη και σαββατον επεφωσκεν
luke;23;55;κατακολουθησασαι δε και γυναικες αιτινες ησαν συνεληλυθυιαι αυτω εκ της γαλιλαιας εθεασαντο το μνημειον και ως ετεθη το σωμα αυτου
luke;23;56;υποστρεψασαι δε ητοιμασαν αρωματα και μυρα και το μεν σαββατον ησυχασαν κατα την εντολην
luke;24;1;τη δε μια των σαββατων ορθρου βαθεος ηλθον επι το μνημα φερουσαι α ητοιμασαν αρωματα και τινες συν αυταις
luke;24;2;ευρον δε τον λιθον αποκεκυλισμενον απο του μνημειου
luke;24;3;και εισελθουσαι ουχ ευρον το σωμα του κυριου ιησου
luke;24;4;και εγενετο εν τω διαπορεισθαι αυτας περι τουτου και ιδου δυο ανδρες επεστησαν αυταις εν εσθησεσιν αστραπτουσαις
luke;24;5;εμφοβων δε γενομενων αυτων και κλινουσων το προσωπον εις την γην ειπον προς αυτας τι ζητειτε τον ζωντα μετα των νεκρων
luke;24;6;ουκ εστιν ωδε αλλ ηγερθη μνησθητε ως ελαλησεν υμιν ετι ων εν τη γαλιλαια
luke;24;7;λεγων οτι δει τον υιον του ανθρωπου παραδοθηναι εις χειρας ανθρωπων αμαρτωλων και σταυρωθηναι και τη τριτη ημερα αναστηναι
luke;24;8;και εμνησθησαν των ρηματων αυτου
luke;24;9;και υποστρεψασαι απο του μνημειου απηγγειλαν ταυτα παντα τοις ενδεκα και πασιν τοις λοιποις
luke;24;10;ησαν δε η μαγδαληνη μαρια και ιωαννα και μαρια ιακωβου και αι λοιπαι συν αυταις αι ελεγον προς τους αποστολους ταυτα
luke;24;11;και εφανησαν ενωπιον αυτων ωσει ληρος τα ρηματα αυτων και ηπιστουν αυταις
luke;24;12;ο δε πετρος αναστας εδραμεν επι το μνημειον και παρακυψας βλεπει τα οθονια κειμενα μονα και απηλθεν προς εαυτον θαυμαζων το γεγονος
luke;24;13;και ιδου δυο εξ αυτων ησαν πορευομενοι εν αυτη τη ημερα εις κωμην απεχουσαν σταδιους εξηκοντα απο ιερουσαλημ η ονομα εμμαους
luke;24;14;και αυτοι ωμιλουν προς αλληλους περι παντων των συμβεβηκοτων τουτων
luke;24;15;και εγενετο εν τω ομιλειν αυτους και συζητειν και αυτος ο ιησους εγγισας συνεπορευετο αυτοις
luke;24;16;οι δε οφθαλμοι αυτων εκρατουντο του μη επιγνωναι αυτον
luke;24;17;ειπεν δε προς αυτους τινες οι λογοι ουτοι ους αντιβαλλετε προς αλληλους περιπατουντες και εστε σκυθρωποι
luke;24;18;αποκριθεις δε ο εις ω ονομα κλεοπας ειπεν προς αυτον συ μονος παροικεις εν ιερουσαλημ και ουκ εγνως τα γενομενα εν αυτη εν ταις ημεραις ταυταις
luke;24;19;και ειπεν αυτοις ποια οι δε ειπον αυτω τα περι ιησου του ναζωραιου ος εγενετο ανηρ προφητης δυνατος εν εργω και λογω εναντιον του θεου και παντος του λαου
luke;24;20;οπως τε παρεδωκαν αυτον οι αρχιερεις και οι αρχοντες ημων εις κριμα θανατου και εσταυρωσαν αυτον
luke;24;21;ημεις δε ηλπιζομεν οτι αυτος εστιν ο μελλων λυτρουσθαι τον ισραηλ αλλα γε συν πασιν τουτοις τριτην ταυτην ημεραν αγει σημερον αφ ου ταυτα εγενετο
luke;24;22;αλλα και γυναικες τινες εξ ημων εξεστησαν ημας γενομεναι ορθριαι επι το μνημειον
luke;24;23;και μη ευρουσαι το σωμα αυτου ηλθον λεγουσαι και οπτασιαν αγγελων εωρακεναι οι λεγουσιν αυτον ζην
luke;24;24;και απηλθον τινες των συν ημιν επι το μνημειον και ευρον ουτως καθως και αι γυναικες ειπον αυτον δε ουκ ειδον
luke;24;25;και αυτος ειπεν προς αυτους ω ανοητοι και βραδεις τη καρδια του πιστευειν επι πασιν οις ελαλησαν οι προφηται
luke;24;26;ουχι ταυτα εδει παθειν τον χριστον και εισελθειν εις την δοξαν αυτου
luke;24;27;και αρξαμενος απο μωσεως και απο παντων των προφητων διηρμηνευεν αυτοις εν πασαις ταις γραφαις τα περι εαυτου
luke;24;28;και ηγγισαν εις την κωμην ου επορευοντο και αυτος προσεποιειτο πορρωτερω πορευεσθαι
luke;24;29;και παρεβιασαντο αυτον λεγοντες μεινον μεθ ημων οτι προς εσπεραν εστιν και κεκλικεν η ημερα και εισηλθεν του μειναι συν αυτοις
luke;24;30;και εγενετο εν τω κατακλιθηναι αυτον μετ αυτων λαβων τον αρτον ευλογησεν και κλασας επεδιδου αυτοις
luke;24;31;αυτων δε διηνοιχθησαν οι οφθαλμοι και επεγνωσαν αυτον και αυτος αφαντος εγενετο απ αυτων
luke;24;32;και ειπον προς αλληλους ουχι η καρδια ημων καιομενη ην εν ημιν ως ελαλει ημιν εν τη οδω και ως διηνοιγεν ημιν τας γραφας
luke;24;33;και ανασταντες αυτη τη ωρα υπεστρεψαν εις ιερουσαλημ και ευρον συνηθροισμενους τους ενδεκα και τους συν αυτοις
luke;24;34;λεγοντας οτι ηγερθη ο κυριος οντως και ωφθη σιμωνι
luke;24;35;και αυτοι εξηγουντο τα εν τη οδω και ως εγνωσθη αυτοις εν τη κλασει του αρτου
luke;24;36;ταυτα δε αυτων λαλουντων αυτος ο ιησους εστη εν μεσω αυτων και λεγει αυτοις ειρηνη υμιν
luke;24;37;πτοηθεντες δε και εμφοβοι γενομενοι εδοκουν πνευμα θεωρειν
luke;24;38;και ειπεν αυτοις τι τεταραγμενοι εστε και δια τι διαλογισμοι αναβαινουσιν εν ταις καρδιαις υμων
luke;24;39;ιδετε τας χειρας μου και τους ποδας μου οτι αυτος εγω ειμι ψηλαφησατε με και ιδετε οτι πνευμα σαρκα και οστεα ουκ εχει καθως εμε θεωρειτε εχοντα
luke;24;40;και τουτο ειπων επεδειξεν αυτοις τας χειρας και τους ποδας
luke;24;41;ετι δε απιστουντων αυτων απο της χαρας και θαυμαζοντων ειπεν αυτοις εχετε τι βρωσιμον ενθαδε
luke;24;42;οι δε επεδωκαν αυτω ιχθυος οπτου μερος και απο μελισσιου κηριου
luke;24;43;και λαβων ενωπιον αυτων εφαγεν
luke;24;44;ειπεν δε αυτοις ουτοι οι λογοι ους ελαλησα προς υμας ετι ων συν υμιν οτι δει πληρωθηναι παντα τα γεγραμμενα εν τω νομω μωσεως και προφηταις και ψαλμοις περι εμου
luke;24;45;τοτε διηνοιξεν αυτων τον νουν του συνιεναι τας γραφας
luke;24;46;και ειπεν αυτοις οτι ουτως γεγραπται και ουτως εδει παθειν τον χριστον και αναστηναι εκ νεκρων τη τριτη ημερα
luke;24;47;και κηρυχθηναι επι τω ονοματι αυτου μετανοιαν και αφεσιν αμαρτιων εις παντα τα εθνη αρξαμενον απο ιερουσαλημ
luke;24;48;υμεις δε εστε μαρτυρες τουτων
luke;24;49;και ιδου εγω αποστελλω την επαγγελιαν του πατρος μου εφ υμας υμεις δε καθισατε εν τη πολει ιερουσαλημ εως ου ενδυσησθε δυναμιν εξ υψους
luke;24;50;εξηγαγεν δε αυτους εξω εως εις βηθανιαν και επαρας τας χειρας αυτου ευλογησεν αυτους
luke;24;51;και εγενετο εν τω ευλογειν αυτον αυτους διεστη απ αυτων και ανεφερετο εις τον ουρανον
luke;24;52;και αυτοι προσκυνησαντες αυτον υπεστρεψαν εις ιερουσαλημ μετα χαρας μεγαλης
luke;24;53;και ησαν διαπαντος εν τω ιερω αινουντες και ευλογουντες τον θεον αμην
john;1;1;εν αρχη ην ο λογος και ο λογος ην προς τον θεον και θεος ην ο λογος
john;1;2;ουτος ην εν αρχη προς τον θεον
john;1;3;παντα δι αυτου εγενετο και χωρις αυτου εγενετο ουδε εν ο γεγονεν
john;1;4;εν αυτω ζωη ην και η ζωη ην το φως των ανθρωπων
john;1;5;και το φως εν τη σκοτια φαινει και η σκοτια αυτο ου κατελαβεν
john;1;6;εγενετο ανθρωπος απεσταλμενος παρα θεου ονομα αυτω ιωαννης
john;1;7;ουτος ηλθεν εις μαρτυριαν ινα μαρτυρηση περι του φωτος ινα παντες πιστευσωσιν δι αυτου
john;1;8;ουκ ην εκεινος το φως αλλ ινα μαρτυρηση περι του φωτος
john;1;9;ην το φως το αληθινον ο φωτιζει παντα ανθρωπον ερχομενον εις τον κοσμον
john;1;10;εν τω κοσμω ην και ο κοσμος δι αυτου εγενετο και ο κοσμος αυτον ουκ εγνω
john;1;11;εις τα ιδια ηλθεν και οι ιδιοι αυτον ου παρελαβον
john;1;12;οσοι δε ελαβον αυτον εδωκεν αυτοις εξουσιαν τεκνα θεου γενεσθαι τοις πιστευουσιν εις το ονομα αυτου
john;1;13;οι ουκ εξ αιματων ουδε εκ θεληματος σαρκος ουδε εκ θεληματος ανδρος αλλ εκ θεου εγεννηθησαν
john;1;14;και ο λογος σαρξ εγενετο και εσκηνωσεν εν ημιν και εθεασαμεθα την δοξαν αυτου δοξαν ως μονογενους παρα πατρος πληρης χαριτος και αληθειας
john;1;15;ιωαννης μαρτυρει περι αυτου και κεκραγεν λεγων ουτος ην ον ειπον ο οπισω μου ερχομενος εμπροσθεν μου γεγονεν οτι πρωτος μου ην
john;1;16;και εκ του πληρωματος αυτου ημεις παντες ελαβομεν και χαριν αντι χαριτος
john;1;17;οτι ο νομος δια μωσεως εδοθη η χαρις και η αληθεια δια ιησου χριστου εγενετο
john;1;18;θεον ουδεις εωρακεν πωποτε ο μονογενης υιος ο ων εις τον κολπον του πατρος εκεινος εξηγησατο
john;1;19;και αυτη εστιν η μαρτυρια του ιωαννου οτε απεστειλαν οι ιουδαιοι εξ ιεροσολυμων ιερεις και λευιτας ινα ερωτησωσιν αυτον συ τις ει
john;1;20;και ωμολογησεν και ουκ ηρνησατο και ωμολογησεν οτι ουκ ειμι εγω ο χριστος
john;1;21;και ηρωτησαν αυτον τι ουν ηλιας ει συ και λεγει ουκ ειμι ο προφητης ει συ και απεκριθη ου
john;1;22;ειπον ουν αυτω τις ει ινα αποκρισιν δωμεν τοις πεμψασιν ημας τι λεγεις περι σεαυτου
john;1;23;εφη εγω φωνη βοωντος εν τη ερημω ευθυνατε την οδον κυριου καθως ειπεν ησαιας ο προφητης
john;1;24;και οι απεσταλμενοι ησαν εκ των φαρισαιων
john;1;25;και ηρωτησαν αυτον και ειπον αυτω τι ουν βαπτιζεις ει συ ουκ ει ο χριστος ουτε ηλιας ουτε ο προφητης
john;1;26;απεκριθη αυτοις ο ιωαννης λεγων εγω βαπτιζω εν υδατι μεσος δε υμων εστηκεν ον υμεις ουκ οιδατε
john;1;27;αυτος εστιν ο οπισω μου ερχομενος ος εμπροσθεν μου γεγονεν ου εγω ουκ ειμι αξιος ινα λυσω αυτου τον ιμαντα του υποδηματος
john;1;28;ταυτα εν βηθαβαρα εγενετο περαν του ιορδανου οπου ην ιωαννης βαπτιζων
john;1;29;τη επαυριον βλεπει ο ιωαννης τον ιησουν ερχομενον προς αυτον και λεγει ιδε ο αμνος του θεου ο αιρων την αμαρτιαν του κοσμου
john;1;30;ουτος εστιν περι ου εγω ειπον οπισω μου ερχεται ανηρ ος εμπροσθεν μου γεγονεν οτι πρωτος μου ην
john;1;31;καγω ουκ ηδειν αυτον αλλ ινα φανερωθη τω ισραηλ δια τουτο ηλθον εγω εν τω υδατι βαπτιζων
john;1;32;και εμαρτυρησεν ιωαννης λεγων οτι τεθεαμαι το πνευμα καταβαινον ωσει περιστεραν εξ ουρανου και εμεινεν επ αυτον
john;1;33;καγω ουκ ηδειν αυτον αλλ ο πεμψας με βαπτιζειν εν υδατι εκεινος μοι ειπεν εφ ον αν ιδης το πνευμα καταβαινον και μενον επ αυτον ουτος εστιν ο βαπτιζων εν πνευματι αγιω
john;1;34;καγω εωρακα και μεμαρτυρηκα οτι ουτος εστιν ο υιος του θεου
john;1;35;τη επαυριον παλιν ειστηκει ο ιωαννης και εκ των μαθητων αυτου δυο
john;1;36;και εμβλεψας τω ιησου περιπατουντι λεγει ιδε ο αμνος του θεου
john;1;37;και ηκουσαν αυτου οι δυο μαθηται λαλουντος και ηκολουθησαν τω ιησου
john;1;38;στραφεις δε ο ιησους και θεασαμενος αυτους ακολουθουντας λεγει αυτοις τι ζητειτε οι δε ειπον αυτω ραββι ο λεγεται ερμηνευομενον διδασκαλε που μενεις
john;1;39;λεγει αυτοις ερχεσθε και ιδετε ηλθον και ειδον που μενει και παρ αυτω εμειναν την ημεραν εκεινην ωρα δε ην ως δεκατη
john;1;40;ην ανδρεας ο αδελφος σιμωνος πετρου εις εκ των δυο των ακουσαντων παρα ιωαννου και ακολουθησαντων αυτω
john;1;41;ευρισκει ουτος πρωτος τον αδελφον τον ιδιον σιμωνα και λεγει αυτω ευρηκαμεν τον μεσσιαν ο εστιν μεθερμηνευομενον ο χριστος
john;1;42;και ηγαγεν αυτον προς τον ιησουν εμβλεψας δε αυτω ο ιησους ειπεν συ ει σιμων ο υιος ιωνα συ κληθηση κηφας ο ερμηνευεται πετρος
john;1;43;τη επαυριον ηθελησεν ο ιησους εξελθειν εις την γαλιλαιαν και ευρισκει φιλιππον και λεγει αυτω ακολουθει μοι
john;1;44;ην δε ο φιλιππος απο βηθσαιδα εκ της πολεως ανδρεου και πετρου
john;1;45;ευρισκει φιλιππος τον ναθαναηλ και λεγει αυτω ον εγραψεν μωσης εν τω νομω και οι προφηται ευρηκαμεν ιησουν τον υιον του ιωσηφ τον απο
john;1;46;και ειπεν αυτω ναθαναηλ εκ δυναται τι αγαθον ειναι λεγει αυτω φιλιππος ερχου και ιδε
john;1;47;ειδεν ο ιησους τον ναθαναηλ ερχομενον προς αυτον και λεγει περι αυτου ιδε αληθως ισραηλιτης εν ω δολος ουκ εστιν
john;1;48;λεγει αυτω ναθαναηλ ποθεν με γινωσκεις απεκριθη ο ιησους και ειπεν αυτω προ του σε φιλιππον φωνησαι οντα υπο την συκην ειδον σε
john;1;49;απεκριθη ναθαναηλ και λεγει αυτω ραββι συ ει ο υιος του θεου συ ει ο βασιλευς του ισραηλ
john;1;50;απεκριθη ιησους και ειπεν αυτω οτι ειπον σοι ειδον σε υποκατω της συκης πιστευεις μειζω τουτων οψει
john;1;51;και λεγει αυτω αμην αμην λεγω υμιν απ αρτι οψεσθε τον ουρανον ανεωγοτα και τους αγγελους του θεου αναβαινοντας και καταβαινοντας επι τον υιον του ανθρωπου
john;2;1;και τη ημερα τη τριτη γαμος εγενετο εν κανα της γαλιλαιας και ην η μητηρ του ιησου εκει
john;2;2;εκληθη δε και ο ιησους και οι μαθηται αυτου εις τον γαμον
john;2;3;και υστερησαντος οινου λεγει η μητηρ του ιησου προς αυτον οινον ουκ εχουσιν
john;2;4;λεγει αυτη ο ιησους τι εμοι και σοι γυναι ουπω ηκει η ωρα μου
john;2;5;λεγει η μητηρ αυτου τοις διακονοις ο τι αν λεγη υμιν ποιησατε
john;2;6;ησαν δε εκει υδριαι λιθιναι εξ κειμεναι κατα τον καθαρισμον των ιουδαιων χωρουσαι ανα μετρητας δυο η τρεις
john;2;7;λεγει αυτοις ο ιησους γεμισατε τας υδριας υδατος και εγεμισαν αυτας εως ανω
john;2;8;και λεγει αυτοις αντλησατε νυν και φερετε τω αρχιτρικλινω και ηνεγκαν
john;2;9;ως δε εγευσατο ο αρχιτρικλινος το υδωρ οινον γεγενημενον και ουκ ηδει ποθεν εστιν οι δε διακονοι ηδεισαν οι ηντληκοτες το υδωρ φωνει τον νυμφιον ο αρχιτρικλινος
john;2;10;και λεγει αυτω πας ανθρωπος πρωτον τον καλον οινον τιθησιν και οταν μεθυσθωσιν τοτε τον ελασσω συ τετηρηκας τον καλον οινον εως αρτι
john;2;11;ταυτην εποιησεν την αρχην των σημειων ο ιησους εν κανα της γαλιλαιας και εφανερωσεν την δοξαν αυτου και επιστευσαν εις αυτον οι μαθηται αυτου
john;2;12;μετα τουτο κατεβη εις καπερναουμ αυτος και η μητηρ αυτου και οι αδελφοι αυτου και οι μαθηται αυτου και εκει εμειναν ου πολλας ημερας
john;2;13;και εγγυς ην το πασχα των ιουδαιων και ανεβη εις ιεροσολυμα ο ιησους
john;2;14;και ευρεν εν τω ιερω τους πωλουντας βοας και προβατα και περιστερας και τους κερματιστας καθημενους
john;2;15;και ποιησας φραγελλιον εκ σχοινιων παντας εξεβαλεν εκ του ιερου τα τε προβατα και τους βοας και των κολλυβιστων εξεχεεν το κερμα και τας τραπεζας ανεστρεψεν
john;2;16;και τοις τας περιστερας πωλουσιν ειπεν αρατε ταυτα εντευθεν μη ποιειτε τον οικον του πατρος μου οικον εμποριου
john;2;17;εμνησθησαν δε οι μαθηται αυτου οτι γεγραμμενον εστιν ο ζηλος του οικου σου κατεφαγεν με
john;2;18;απεκριθησαν ουν οι ιουδαιοι και ειπον αυτω τι σημειον δεικνυεις ημιν οτι ταυτα ποιεις
john;2;19;απεκριθη ο ιησους και ειπεν αυτοις λυσατε τον ναον τουτον και εν τρισιν ημεραις εγερω αυτον
john;2;20;ειπον ουν οι ιουδαιοι τεσσαρακοντα και εξ ετεσιν ωκοδομηθη ο ναος ουτος και συ εν τρισιν ημεραις εγερεις αυτον
john;2;21;εκεινος δε ελεγεν περι του ναου του σωματος αυτου
john;2;22;οτε ουν ηγερθη εκ νεκρων εμνησθησαν οι μαθηται αυτου οτι τουτο ελεγεν αυτοις και επιστευσαν τη γραφη και τω λογω ω ειπεν ο ιησους
john;2;23;ως δε ην εν ιεροσολυμοις εν τω πασχα εν τη εορτη πολλοι επιστευσαν εις το ονομα αυτου θεωρουντες αυτου τα σημεια α εποιει
john;2;24;αυτος δε ο ιησους ουκ επιστευεν εαυτον αυτοις δια το αυτον γινωσκειν παντας
john;2;25;και οτι ου χρειαν ειχεν ινα τις μαρτυρηση περι του ανθρωπου αυτος γαρ εγινωσκεν τι ην εν τω ανθρωπω
john;3;1;ην δε ανθρωπος εκ των φαρισαιων νικοδημος ονομα αυτω αρχων των ιουδαιων
john;3;2;ουτος ηλθεν προς τον ιησουν νυκτος και ειπεν αυτω ραββι οιδαμεν οτι απο θεου εληλυθας διδασκαλος ουδεις γαρ ταυτα τα σημεια δυναται ποιειν α συ ποιεις εαν μη η ο θεος μετ αυτου
john;3;3;απεκριθη ο ιησους και ειπεν αυτω αμην αμην λεγω σοι εαν μη τις γεννηθη ανωθεν ου δυναται ιδειν την βασιλειαν του θεου
john;3;4;λεγει προς αυτον ο νικοδημος πως δυναται ανθρωπος γεννηθηναι γερων ων μη δυναται εις την κοιλιαν της μητρος αυτου δευτερον εισελθειν και γεννηθηναι
john;3;5;απεκριθη ο ιησους αμην αμην λεγω σοι εαν μη τις γεννηθη εξ υδατος και πνευματος ου δυναται εισελθειν εις την βασιλειαν του θεου
john;3;6;το γεγεννημενον εκ της σαρκος σαρξ εστιν και το γεγεννημενον εκ του πνευματος πνευμα εστιν
john;3;7;μη θαυμασης οτι ειπον σοι δει υμας γεννηθηναι ανωθεν
john;3;8;το πνευμα οπου θελει πνει και την φωνην αυτου ακουεις αλλ ουκ οιδας ποθεν ερχεται και που υπαγει ουτως εστιν πας ο γεγεννημενος εκ του πνευματος
john;3;9;απεκριθη νικοδημος και ειπεν αυτω πως δυναται ταυτα γενεσθαι
john;3;10;απεκριθη ο ιησους και ειπεν αυτω συ ει ο διδασκαλος του ισραηλ και ταυτα ου γινωσκεις
john;3;11;αμην αμην λεγω σοι οτι ο οιδαμεν λαλουμεν και ο εωρακαμεν μαρτυρουμεν και την μαρτυριαν ημων ου λαμβανετε
john;3;12;ει τα επιγεια ειπον υμιν και ου πιστευετε πως εαν ειπω υμιν τα επουρανια πιστευσετε
john;3;13;και ουδεις αναβεβηκεν εις τον ουρανον ει μη ο εκ του ουρανου καταβας ο υιος του ανθρωπου ο ων εν τω ουρανω
john;3;14;και καθως μωσης υψωσεν τον οφιν εν τη ερημω ουτως υψωθηναι δει τον υιον του ανθρωπου
john;3;15;ινα πας ο πιστευων εις αυτον μη αποληται αλλ εχη ζωην αιωνιον
john;3;16;ουτως γαρ ηγαπησεν ο θεος τον κοσμον ωστε τον υιον αυτου τον μονογενη εδωκεν ινα πας ο πιστευων εις αυτον μη αποληται αλλ εχη ζωην αιωνιον
john;3;17;ου γαρ απεστειλεν ο θεος τον υιον αυτου εις τον κοσμον ινα κρινη τον κοσμον αλλ ινα σωθη ο κοσμος δι αυτου
john;3;18;ο πιστευων εις αυτον ου κρινεται ο δε μη πιστευων ηδη κεκριται οτι μη πεπιστευκεν εις το ονομα του μονογενους υιου του θεου
john;3;19;αυτη δε εστιν η κρισις οτι το φως εληλυθεν εις τον κοσμον και ηγαπησαν οι ανθρωποι μαλλον το σκοτος η το φως ην γαρ πονηρα αυτων τα εργα
john;3;20;πας γαρ ο φαυλα πρασσων μισει το φως και ουκ ερχεται προς το φως ινα μη ελεγχθη τα εργα αυτου
john;3;21;ο δε ποιων την αληθειαν ερχεται προς το φως ινα φανερωθη αυτου τα εργα οτι εν θεω εστιν ειργασμενα
john;3;22;μετα ταυτα ηλθεν ο ιησους και οι μαθηται αυτου εις την ιουδαιαν γην και εκει διετριβεν μετ αυτων και εβαπτιζεν
john;3;23;ην δε και ιωαννης βαπτιζων εν αινων εγγυς του σαλειμ οτι υδατα πολλα ην εκει και παρεγινοντο και εβαπτιζοντο
john;3;24;ουπω γαρ ην βεβλημενος εις την φυλακην ο ιωαννης
john;3;25;εγενετο ουν ζητησις εκ των μαθητων ιωαννου μετα ιουδαιων περι καθαρισμου
john;3;26;και ηλθον προς τον ιωαννην και ειπον αυτω ραββι ος ην μετα σου περαν του ιορδανου ω συ μεμαρτυρηκας ιδε ουτος βαπτιζει και παντες ερχονται προς αυτον
john;3;27;απεκριθη ιωαννης και ειπεν ου δυναται ανθρωπος λαμβανειν ουδεν εαν μη η δεδομενον αυτω εκ του ουρανου
john;3;28;αυτοι υμεις μοι μαρτυρειτε οτι ειπον ουκ ειμι εγω ο χριστος αλλ οτι απεσταλμενος ειμι εμπροσθεν εκεινου
john;3;29;ο εχων την νυμφην νυμφιος εστιν ο δε φιλος του νυμφιου ο εστηκως και ακουων αυτου χαρα χαιρει δια την φωνην του νυμφιου αυτη ουν η χαρα η εμη πεπληρωται
john;3;30;εκεινον δει αυξανειν εμε δε ελαττουσθαι
john;3;31;ο ανωθεν ερχομενος επανω παντων εστιν ο ων εκ της γης εκ της γης εστιν και εκ της γης λαλει ο εκ του ουρανου ερχομενος επανω παντων εστιν
john;3;32;και ο εωρακεν και ηκουσεν τουτο μαρτυρει και την μαρτυριαν αυτου ουδεις λαμβανει
john;3;33;ο λαβων αυτου την μαρτυριαν εσφραγισεν οτι ο θεος αληθης εστιν
john;3;34;ον γαρ απεστειλεν ο θεος τα ρηματα του θεου λαλει ου γαρ εκ μετρου διδωσιν ο θεος το πνευμα
john;3;35;ο πατηρ αγαπα τον υιον και παντα δεδωκεν εν τη χειρι αυτου
john;3;36;ο πιστευων εις τον υιον εχει ζωην αιωνιον ο δε απειθων τω υιω ουκ οψεται ζωην αλλ η οργη του θεου μενει επ αυτον
john;4;1;ως ουν εγνω ο κυριος οτι ηκουσαν οι φαρισαιοι οτι ιησους πλειονας μαθητας ποιει και βαπτιζει η ιωαννης
john;4;2;καιτοιγε ιησους αυτος ουκ εβαπτιζεν αλλ οι μαθηται αυτου
john;4;3;αφηκεν την ιουδαιαν και απηλθεν παλιν εις την γαλιλαιαν
john;4;4;εδει δε αυτον διερχεσθαι δια της σαμαρειας
john;4;5;ερχεται ουν εις πολιν της σαμαρειας λεγομενην συχαρ πλησιον του χωριου ο εδωκεν ιακωβ ιωσηφ τω υιω αυτου
john;4;6;ην δε εκει πηγη του ιακωβ ο ουν ιησους κεκοπιακως εκ της οδοιποριας εκαθεζετο ουτως επι τη πηγη ωρα ην ωσει εκτη
john;4;7;ερχεται γυνη εκ της σαμαρειας αντλησαι υδωρ λεγει αυτη ο ιησους δος μοι πιειν
john;4;8;οι γαρ μαθηται αυτου απεληλυθεισαν εις την πολιν ινα τροφας αγορασωσιν
john;4;9;λεγει ουν αυτω η γυνη η σαμαρειτις πως συ ιουδαιος ων παρ εμου πιειν αιτεις ουσης γυναικος σαμαρειτιδος ου γαρ συγχρωνται ιουδαιοι σαμαρειταις
john;4;10;απεκριθη ιησους και ειπεν αυτη ει ηδεις την δωρεαν του θεου και τις εστιν ο λεγων σοι δος μοι πιειν συ αν ητησας αυτον και εδωκεν αν σοι υδωρ ζων
john;4;11;λεγει αυτω η γυνη κυριε ουτε αντλημα εχεις και το φρεαρ εστιν βαθυ ποθεν ουν εχεις το υδωρ το ζων
john;4;12;μη συ μειζων ει του πατρος ημων ιακωβ ος εδωκεν ημιν το φρεαρ και αυτος εξ αυτου επιεν και οι υιοι αυτου και τα θρεμματα αυτου
john;4;13;απεκριθη ο ιησους και ειπεν αυτη πας ο πινων εκ του υδατος τουτου διψησει παλιν
john;4;14;ος δ αν πιη εκ του υδατος ου εγω δωσω αυτω ου μη διψηση εις τον αιωνα αλλα το υδωρ ο δωσω αυτω γενησεται εν αυτω πηγη υδατος αλλομενου εις ζωην αιωνιον
john;4;15;λεγει προς αυτον η γυνη κυριε δος μοι τουτο το υδωρ ινα μη διψω μηδε ερχωμαι ενθαδε αντλειν
john;4;16;λεγει αυτη ο ιησους υπαγε φωνησον τον ανδρα σου και ελθε ενθαδε
john;4;17;απεκριθη η γυνη και ειπεν ουκ εχω ανδρα λεγει αυτη ο ιησους καλως ειπας οτι ανδρα ουκ εχω
john;4;18;πεντε γαρ ανδρας εσχες και νυν ον εχεις ουκ εστιν σου ανηρ τουτο αληθες ειρηκας
john;4;19;λεγει αυτω η γυνη κυριε θεωρω οτι προφητης ει συ
john;4;20;οι πατερες ημων εν τουτω τω ορει προσεκυνησαν και υμεις λεγετε οτι εν ιεροσολυμοις εστιν ο τοπος οπου δει προσκυνειν
john;4;21;λεγει αυτη ο ιησους γυναι πιστευσον μοι οτι ερχεται ωρα οτε ουτε εν τω ορει τουτω ουτε εν ιεροσολυμοις προσκυνησετε τω πατρι
john;4;22;υμεις προσκυνειτε ο ουκ οιδατε ημεις προσκυνουμεν ο οιδαμεν οτι η σωτηρια εκ των ιουδαιων εστιν
john;4;23;αλλ ερχεται ωρα και νυν εστιν οτε οι αληθινοι προσκυνηται προσκυνησουσιν τω πατρι εν πνευματι και αληθεια και γαρ ο πατηρ τοιουτους ζητει τους προσκυνουντας αυτον
john;4;24;πνευμα ο θεος και τους προσκυνουντας αυτον εν πνευματι και αληθεια δει προσκυνειν
john;4;25;λεγει αυτω η γυνη οιδα οτι μεσσιας ερχεται ο λεγομενος χριστος οταν ελθη εκεινος αναγγελει ημιν παντα
john;4;26;λεγει αυτη ο ιησους εγω ειμι ο λαλων σοι
john;4;27;και επι τουτω ηλθον οι μαθηται αυτου και εθαυμασαν οτι μετα γυναικος ελαλει ουδεις μεντοι ειπεν τι ζητεις η τι λαλεις μετ αυτης
john;4;28;αφηκεν ουν την υδριαν αυτης η γυνη και απηλθεν εις την πολιν και λεγει τοις ανθρωποις
john;4;29;δευτε ιδετε ανθρωπον ος ειπεν μοι παντα οσα εποιησα μητι ουτος εστιν ο χριστος
john;4;30;εξηλθον ουν εκ της πολεως και ηρχοντο προς αυτον
john;4;31;εν δε τω μεταξυ ηρωτων αυτον οι μαθηται λεγοντες ραββι φαγε
john;4;32;ο δε ειπεν αυτοις εγω βρωσιν εχω φαγειν ην υμεις ουκ οιδατε
john;4;33;ελεγον ουν οι μαθηται προς αλληλους μη τις ηνεγκεν αυτω φαγειν
john;4;34;λεγει αυτοις ο ιησους εμον βρωμα εστιν ινα ποιω το θελημα του πεμψαντος με και τελειωσω αυτου το εργον
john;4;35;ουχ υμεις λεγετε οτι ετι τετραμηνον εστιν και ο θερισμος ερχεται ιδου λεγω υμιν επαρατε τους οφθαλμους υμων και θεασασθε τας χωρας οτι λευκαι εισιν προς θερισμον ηδη
john;4;36;και ο θεριζων μισθον λαμβανει και συναγει καρπον εις ζωην αιωνιον ινα και ο σπειρων ομου χαιρη και ο θεριζων
john;4;37;εν γαρ τουτω ο λογος εστιν αληθινος οτι αλλος εστιν ο σπειρων και αλλος ο θεριζων
john;4;38;εγω απεστειλα υμας θεριζειν ο ουχ υμεις κεκοπιακατε αλλοι κεκοπιακασιν και υμεις εις τον κοπον αυτων εισεληλυθατε
john;4;39;εκ δε της πολεως εκεινης πολλοι επιστευσαν εις αυτον των σαμαρειτων δια τον λογον της γυναικος μαρτυρουσης οτι ειπεν μοι παντα οσα εποιησα
john;4;40;ως ουν ηλθον προς αυτον οι σαμαρειται ηρωτων αυτον μειναι παρ αυτοις και εμεινεν εκει δυο ημερας
john;4;41;και πολλω πλειους επιστευσαν δια τον λογον αυτου
john;4;42;τη τε γυναικι ελεγον οτι ουκετι δια την σην λαλιαν πιστευομεν αυτοι γαρ ακηκοαμεν και οιδαμεν οτι ουτος εστιν αληθως ο σωτηρ του κοσμου ο χριστος
john;4;43;μετα δε τας δυο ημερας εξηλθεν εκειθεν και απηλθεν εις την γαλιλαιαν
john;4;44;αυτος γαρ ο ιησους εμαρτυρησεν οτι προφητης εν τη ιδια πατριδι τιμην ουκ εχει
john;4;45;οτε ουν ηλθεν εις την γαλιλαιαν εδεξαντο αυτον οι γαλιλαιοι παντα εωρακοτες α εποιησεν εν ιεροσολυμοις εν τη εορτη και αυτοι γαρ ηλθον εις την εορτην
john;4;46;ηλθεν ουν ο ιησους παλιν εις την κανα της γαλιλαιας οπου εποιησεν το υδωρ οινον και ην τις βασιλικος ου ο υιος ησθενει εν καπερναουμ
john;4;47;ουτος ακουσας οτι ιησους ηκει εκ της ιουδαιας εις την γαλιλαιαν απηλθεν προς αυτον και ηρωτα αυτον ινα καταβη και ιασηται αυτου τον υιον ημελλεν γαρ αποθνησκειν
john;4;48;ειπεν ουν ο ιησους προς αυτον εαν μη σημεια και τερατα ιδητε ου μη πιστευσητε
john;4;49;λεγει προς αυτον ο βασιλικος κυριε καταβηθι πριν αποθανειν το παιδιον μου
john;4;50;λεγει αυτω ο ιησους πορευου ο υιος σου ζη και επιστευσεν ο ανθρωπος τω λογω ω ειπεν αυτω ιησους και επορευετο
john;4;51;ηδη δε αυτου καταβαινοντος οι δουλοι αυτου απηντησαν αυτω και απηγγειλαν λεγοντες οτι ο παις σου ζη
john;4;52;επυθετο ουν παρ αυτων την ωραν εν η κομψοτερον εσχεν και ειπον αυτω οτι χθες ωραν εβδομην αφηκεν αυτον ο πυρετος
john;4;53;εγνω ουν ο πατηρ οτι εν εκεινη τη ωρα εν η ειπεν αυτω ο ιησους οτι ο υιος σου ζη και επιστευσεν αυτος και η οικια αυτου ολη
john;4;54;τουτο παλιν δευτερον σημειον εποιησεν ο ιησους ελθων εκ της ιουδαιας εις την γαλιλαιαν
john;5;1;μετα ταυτα ην εορτη των ιουδαιων και ανεβη ο ιησους εις ιεροσολυμα
john;5;2;εστιν δε εν τοις ιεροσολυμοις επι τη προβατικη κολυμβηθρα η επιλεγομενη εβραιστι βηθεσδα πεντε στοας εχουσα
john;5;3;εν ταυταις κατεκειτο πληθος πολυ των ασθενουντων τυφλων χωλων ξηρων εκδεχομενων την του υδατος κινησιν
john;5;4;αγγελος γαρ κατα καιρον κατεβαινεν εν τη κολυμβηθρα και εταρασσεν το υδωρ ο ουν πρωτος εμβας μετα την ταραχην του υδατος υγιης εγινετο ω δηποτε κατειχετο νοσηματι
john;5;5;ην δε τις ανθρωπος εκει ετη εχων εν τη ασθενεια
john;5;6;τουτον ιδων ο ιησους κατακειμενον και γνους οτι πολυν ηδη χρονον εχει λεγει αυτω θελεις υγιης γενεσθαι
john;5;7;απεκριθη αυτω ο ασθενων κυριε ανθρωπον ουκ εχω ινα οταν ταραχθη το υδωρ βαλλη με εις την κολυμβηθραν εν ω δε ερχομαι εγω αλλος προ εμου καταβαινει
john;5;8;λεγει αυτω ο ιησους εγειραι αρον τον κραββατον σου και περιπατει
john;5;9;και ευθεως εγενετο υγιης ο ανθρωπος και ηρεν τον κραββατον αυτου και περιεπατει ην δε σαββατον εν εκεινη τη ημερα
john;5;10;ελεγον ουν οι ιουδαιοι τω τεθεραπευμενω σαββατον εστιν ουκ εξεστιν σοι αραι τον κραββατον
john;5;11;απεκριθη αυτοις ο ποιησας με υγιη εκεινος μοι ειπεν αρον τον κραββατον σου και περιπατει
john;5;12;ηρωτησαν ουν αυτον τις εστιν ο ανθρωπος ο ειπων σοι αρον τον κραββατον σου και περιπατει
john;5;13;ο δε ιαθεις ουκ ηδει τις εστιν ο γαρ ιησους εξενευσεν οχλου οντος εν τω τοπω
john;5;14;μετα ταυτα ευρισκει αυτον ο ιησους εν τω ιερω και ειπεν αυτω ιδε υγιης γεγονας μηκετι αμαρτανε ινα μη χειρον τι σοι γενηται
john;5;15;απηλθεν ο ανθρωπος και ανηγγειλεν τοις ιουδαιοις οτι ιησους εστιν ο ποιησας αυτον υγιη
john;5;16;και δια τουτο εδιωκον τον ιησουν οι ιουδαιοι και εζητουν αυτον αποκτειναι οτι ταυτα εποιει εν σαββατω
john;5;17;ο δε ιησους απεκρινατο αυτοις ο πατηρ μου εως αρτι εργαζεται καγω εργαζομαι
john;5;18;δια τουτο ουν μαλλον εζητουν αυτον οι ιουδαιοι αποκτειναι οτι ου μονον ελυεν το σαββατον αλλα και πατερα ιδιον ελεγεν τον θεον ισον εαυτον ποιων τω θεω
john;5;19;απεκρινατο ουν ο ιησους και ειπεν αυτοις αμην αμην λεγω υμιν ου δυναται ο υιος ποιειν αφ εαυτου ουδεν εαν μη τι βλεπη τον πατερα ποιουντα α γαρ αν εκεινος ποιη ταυτα και ο υιος ομοιως ποιει
john;5;20;ο γαρ πατηρ φιλει τον υιον και παντα δεικνυσιν αυτω α αυτος ποιει και μειζονα τουτων δειξει αυτω εργα ινα υμεις θαυμαζητε
john;5;21;ωσπερ γαρ ο πατηρ εγειρει τους νεκρους και ζωοποιει ουτως και ο υιος ους θελει ζωοποιει
john;5;22;ουδε γαρ ο πατηρ κρινει ουδενα αλλα την κρισιν πασαν δεδωκεν τω υιω
john;5;23;ινα παντες τιμωσιν τον υιον καθως τιμωσιν τον πατερα ο μη τιμων τον υιον ου τιμα τον πατερα τον πεμψαντα αυτον
john;5;24;αμην αμην λεγω υμιν οτι ο τον λογον μου ακουων και πιστευων τω πεμψαντι με εχει ζωην αιωνιον και εις κρισιν ουκ ερχεται αλλα μεταβεβηκεν εκ του θανατου εις την ζωην
john;5;25;αμην αμην λεγω υμιν οτι ερχεται ωρα και νυν εστιν οτε οι νεκροι ακουσονται της φωνης του υιου του θεου και οι ακουσαντες ζησονται
john;5;26;ωσπερ γαρ ο πατηρ εχει ζωην εν εαυτω ουτως εδωκεν και τω υιω ζωην εχειν εν εαυτω
john;5;27;και εξουσιαν εδωκεν αυτω και κρισιν ποιειν οτι υιος ανθρωπου εστιν
john;5;28;μη θαυμαζετε τουτο οτι ερχεται ωρα εν η παντες οι εν τοις μνημειοις ακουσονται της φωνης αυτου
john;5;29;και εκπορευσονται οι τα αγαθα ποιησαντες εις αναστασιν ζωης οι δε τα φαυλα πραξαντες εις αναστασιν κρισεως
john;5;30;ου δυναμαι εγω ποιειν απ εμαυτου ουδεν καθως ακουω κρινω και η κρισις η εμη δικαια εστιν οτι ου ζητω το θελημα το εμον αλλα το θελημα του πεμψαντος με πατρος
john;5;31;εαν εγω μαρτυρω περι εμαυτου η μαρτυρια μου ουκ εστιν αληθης
john;5;32;αλλος εστιν ο μαρτυρων περι εμου και οιδα οτι αληθης εστιν η μαρτυρια ην μαρτυρει περι εμου
john;5;33;υμεις απεσταλκατε προς ιωαννην και μεμαρτυρηκεν τη αληθεια
john;5;34;εγω δε ου παρα ανθρωπου την μαρτυριαν λαμβανω αλλα ταυτα λεγω ινα υμεις σωθητε
john;5;35;εκεινος ην ο λυχνος ο καιομενος και φαινων υμεις δε ηθελησατε αγαλλιασθηναι προς ωραν εν τω φωτι αυτου
john;5;36;εγω δε εχω την μαρτυριαν μειζω του ιωαννου τα γαρ εργα α εδωκεν μοι ο πατηρ ινα τελειωσω αυτα αυτα τα εργα α εγω ποιω μαρτυρει περι εμου οτι ο πατηρ με απεσταλκεν
john;5;37;και ο πεμψας με πατηρ αυτος μεμαρτυρηκεν περι εμου ουτε φωνην αυτου ακηκοατε πωποτε ουτε ειδος αυτου εωρακατε
john;5;38;και τον λογον αυτου ουκ εχετε μενοντα εν υμιν οτι ον απεστειλεν εκεινος τουτω υμεις ου πιστευετε
john;5;39;ερευνατε τας γραφας οτι υμεις δοκειτε εν αυταις ζωην αιωνιον εχειν και εκειναι εισιν αι μαρτυρουσαι περι εμου
john;5;40;και ου θελετε ελθειν προς με ινα ζωην εχητε
john;5;41;δοξαν παρα ανθρωπων ου λαμβανω
john;5;42;αλλ εγνωκα υμας οτι την αγαπην του θεου ουκ εχετε εν εαυτοις
john;5;43;εγω εληλυθα εν τω ονοματι του πατρος μου και ου λαμβανετε με εαν αλλος ελθη εν τω ονοματι τω ιδιω εκεινον ληψεσθε
john;5;44;πως δυνασθε υμεις πιστευσαι δοξαν παρα αλληλων λαμβανοντες και την δοξαν την παρα του μονου θεου ου ζητειτε
john;5;45;μη δοκειτε οτι εγω κατηγορησω υμων προς τον πατερα εστιν ο κατηγορων υμων μωσης εις ον υμεις ηλπικατε
john;5;46;ει γαρ επιστευετε μωση επιστευετε αν εμοι περι γαρ εμου εκεινος εγραψεν
john;5;47;ει δε τοις εκεινου γραμμασιν ου πιστευετε πως τοις εμοις ρημασιν πιστευσετε
john;6;1;μετα ταυτα απηλθεν ο ιησους περαν της θαλασσης της γαλιλαιας της τιβεριαδος
john;6;2;και ηκολουθει αυτω οχλος πολυς οτι εωρων αυτου τα σημεια α εποιει επι των ασθενουντων
john;6;3;ανηλθεν δε εις το ορος ο ιησους και εκει εκαθητο μετα των μαθητων αυτου
john;6;4;ην δε εγγυς το πασχα η εορτη των ιουδαιων
john;6;5;επαρας ουν ο ιησους τους οφθαλμους και θεασαμενος οτι πολυς οχλος ερχεται προς αυτον λεγει προς τον φιλιππον ποθεν αγορασομεν αρτους ινα φαγωσιν ουτοι
john;6;6;τουτο δε ελεγεν πειραζων αυτον αυτος γαρ ηδει τι εμελλεν ποιειν
john;6;7;απεκριθη αυτω φιλιππος διακοσιων δηναριων αρτοι ουκ αρκουσιν αυτοις ινα εκαστος αυτων βραχυ τι λαβη
john;6;8;λεγει αυτω εις εκ των μαθητων αυτου ανδρεας ο αδελφος σιμωνος πετρου
john;6;9;εστιν παιδαριον εν ωδε ο εχει πεντε αρτους κριθινους και δυο οψαρια αλλα ταυτα τι εστιν εις τοσουτους
john;6;10;ειπεν δε ο ιησους ποιησατε τους ανθρωπους αναπεσειν ην δε χορτος πολυς εν τω τοπω ανεπεσον ουν οι ανδρες τον αριθμον ωσει πεντακισχιλιοι
john;6;11;ελαβεν δε τους αρτους ο ιησους και ευχαριστησας διεδωκεν τοις μαθηταις οι δε μαθηται τοις ανακειμενοις ομοιως και εκ των οψαριων οσον ηθελον
john;6;12;ως δε ενεπλησθησαν λεγει τοις μαθηταις αυτου συναγαγετε τα περισσευσαντα κλασματα ινα μη τι αποληται
john;6;13;συνηγαγον ουν και εγεμισαν δωδεκα κοφινους κλασματων εκ των πεντε αρτων των κριθινων α επερισσευσεν τοις βεβρωκοσιν
john;6;14;οι ουν ανθρωποι ιδοντες ο εποιησεν σημειον ο ιησους ελεγον οτι ουτος εστιν αληθως ο προφητης ο ερχομενος εις τον κοσμον
john;6;15;ιησους ουν γνους οτι μελλουσιν ερχεσθαι και αρπαζειν αυτον ινα ποιησωσιν αυτον βασιλεα ανεχωρησεν παλιν εις το ορος αυτος μονος
john;6;16;ως δε οψια εγενετο κατεβησαν οι μαθηται αυτου επι την θαλασσαν
john;6;17;και εμβαντες εις το πλοιον ηρχοντο περαν της θαλασσης εις καπερναουμ και σκοτια ηδη εγεγονει και ουκ εληλυθει προς αυτους ο ιησους
john;6;18;η τε θαλασσα ανεμου μεγαλου πνεοντος διηγειρετο
john;6;19;εληλακοτες ουν ως σταδιους εικοσιπεντε η τριακοντα θεωρουσιν τον ιησουν περιπατουντα επι της θαλασσης και εγγυς του πλοιου γινομενον και εφοβηθησαν
john;6;20;ο δε λεγει αυτοις εγω ειμι μη φοβεισθε
john;6;21;ηθελον ουν λαβειν αυτον εις το πλοιον και ευθεως το πλοιον εγενετο επι της γης εις ην υπηγον
john;6;22;τη επαυριον ο οχλος ο εστηκως περαν της θαλασσης ιδων οτι πλοιαριον αλλο ουκ ην εκει ει μη εν εκεινο εις ο ενεβησαν οι μαθηται αυτου και οτι ου συνεισηλθεν τοις μαθηταις αυτου ο ιησους εις το πλοιαριον αλλα μονοι οι μαθηται αυτου απηλθον
john;6;23;αλλα δε ηλθεν πλοιαρια εκ τιβεριαδος εγγυς του τοπου οπου εφαγον τον αρτον ευχαριστησαντος του κυριου
john;6;24;οτε ουν ειδεν ο οχλος οτι ιησους ουκ εστιν εκει ουδε οι μαθηται αυτου ενεβησαν και αυτοι εις τα πλοια και ηλθον εις καπερναουμ ζητουντες τον ιησουν
john;6;25;και ευροντες αυτον περαν της θαλασσης ειπον αυτω ραββι ποτε ωδε γεγονας
john;6;26;απεκριθη αυτοις ο ιησους και ειπεν αμην αμην λεγω υμιν ζητειτε με ουχ οτι ειδετε σημεια αλλ οτι εφαγετε εκ των αρτων και εχορτασθητε
john;6;27;εργαζεσθε μη την βρωσιν την απολλυμενην αλλα την βρωσιν την μενουσαν εις ζωην αιωνιον ην ο υιος του ανθρωπου υμιν δωσει τουτον γαρ ο πατηρ εσφραγισεν ο θεος
john;6;28;ειπον ουν προς αυτον τι ινα εργαζωμεθα τα εργα του θεου
john;6;29;απεκριθη ο ιησους και ειπεν αυτοις τουτο εστιν το εργον του θεου ινα πιστευσητε εις ον απεστειλεν εκεινος
john;6;30;ειπον ουν αυτω τι ουν ποιεις συ σημειον ινα ιδωμεν και πιστευσωμεν σοι τι εργαζη
john;6;31;οι πατερες ημων το μαννα εφαγον εν τη ερημω καθως εστιν γεγραμμενον αρτον εκ του ουρανου εδωκεν αυτοις φαγειν
john;6;32;ειπεν ουν αυτοις ο ιησους αμην αμην λεγω υμιν ου μωσης δεδωκεν υμιν τον αρτον εκ του ουρανου αλλ ο πατηρ μου διδωσιν υμιν τον αρτον εκ του ουρανου τον αληθινον
john;6;33;ο γαρ αρτος του θεου εστιν ο καταβαινων εκ του ουρανου και ζωην διδους τω κοσμω
john;6;34;ειπον ουν προς αυτον κυριε παντοτε δος ημιν τον αρτον τουτον
john;6;35;ειπεν δε αυτοις ο ιησους εγω ειμι ο αρτος της ζωης ο ερχομενος προς με ου μη πειναση και ο πιστευων εις εμε ου μη διψηση πωποτε
john;6;36;αλλ ειπον υμιν οτι και εωρακατε με και ου πιστευετε
john;6;37;παν ο διδωσιν μοι ο πατηρ προς εμε ηξει και τον ερχομενον προς με ου μη εκβαλω εξω
john;6;38;οτι καταβεβηκα εκ του ουρανου ουχ ινα ποιω το θελημα το εμον αλλα το θελημα του πεμψαντος με
john;6;39;τουτο δε εστιν το θελημα του πεμψαντος με πατρος ινα παν ο δεδωκεν μοι μη απολεσω εξ αυτου αλλα αναστησω αυτο εν τη εσχατη ημερα
john;6;40;τουτο δε εστιν το θελημα του πεμψαντος με ινα πας ο θεωρων τον υιον και πιστευων εις αυτον εχη ζωην αιωνιον και αναστησω αυτον εγω τη εσχατη ημερα
john;6;41;εγογγυζον ουν οι ιουδαιοι περι αυτου οτι ειπεν εγω ειμι ο αρτος ο καταβας εκ του ουρανου
john;6;42;και ελεγον ουχ ουτος εστιν ιησους ο υιος ιωσηφ ου ημεις οιδαμεν τον πατερα και την μητερα πως ουν λεγει ουτος οτι εκ του ουρανου καταβεβηκα
john;6;43;απεκριθη ουν ο ιησους και ειπεν αυτοις μη γογγυζετε μετ αλληλων
john;6;44;ουδεις δυναται ελθειν προς με εαν μη ο πατηρ ο πεμψας με ελκυση αυτον και εγω αναστησω αυτον τη εσχατη ημερα
john;6;45;εστιν γεγραμμενον εν τοις προφηταις και εσονται παντες διδακτοι του θεου πας ουν ο ακουσας παρα του πατρος και μαθων ερχεται προς με
john;6;46;ουχ οτι τον πατερα τις εωρακεν ει μη ο ων παρα του θεου ουτος εωρακεν τον πατερα
john;6;47;αμην αμην λεγω υμιν ο πιστευων εις εμε εχει ζωην αιωνιον
john;6;48;εγω ειμι ο αρτος της ζωης
john;6;49;οι πατερες υμων εφαγον το μαννα εν τη ερημω και απεθανον
john;6;50;ουτος εστιν ο αρτος ο εκ του ουρανου καταβαινων ινα τις εξ αυτου φαγη και μη αποθανη
john;6;51;εγω ειμι ο αρτος ο ζων ο εκ του ουρανου καταβας εαν τις φαγη εκ τουτου του αρτου ζησεται εις τον αιωνα και ο αρτος δε ον εγω δωσω η σαρξ μου εστιν ην εγω δωσω υπερ της του κοσμου ζωης
john;6;52;εμαχοντο ουν προς αλληλους οι ιουδαιοι λεγοντες πως δυναται ουτος ημιν δουναι την σαρκα φαγειν
john;6;53;ειπεν ουν αυτοις ο ιησους αμην αμην λεγω υμιν εαν μη φαγητε την σαρκα του υιου του ανθρωπου και πιητε αυτου το αιμα ουκ εχετε ζωην εν εαυτοις
john;6;54;ο τρωγων μου την σαρκα και πινων μου το αιμα εχει ζωην αιωνιον και εγω αναστησω αυτον τη εσχατη ημερα
john;6;55;η γαρ σαρξ μου αληθως εστιν βρωσις και το αιμα μου αληθως εστιν ποσις
john;6;56;ο τρωγων μου την σαρκα και πινων μου το αιμα εν εμοι μενει καγω εν αυτω
john;6;57;καθως απεστειλεν με ο ζων πατηρ καγω ζω δια τον πατερα και ο τρωγων με κακεινος ζησεται δι εμε
john;6;58;ουτος εστιν ο αρτος ο εκ του ουρανου καταβας ου καθως εφαγον οι πατερες υμων το μαννα και απεθανον ο τρωγων τουτον τον αρτον ζησεται εις τον αιωνα
john;6;59;ταυτα ειπεν εν συναγωγη διδασκων εν καπερναουμ
john;6;60;πολλοι ουν ακουσαντες εκ των μαθητων αυτου ειπον σκληρος εστιν ουτος ο λογος τις δυναται αυτου ακουειν
john;6;61;ειδως δε ο ιησους εν εαυτω οτι γογγυζουσιν περι τουτου οι μαθηται αυτου ειπεν αυτοις τουτο υμας σκανδαλιζει
john;6;62;εαν ουν θεωρητε τον υιον του ανθρωπου αναβαινοντα οπου ην το προτερον
john;6;63;το πνευμα εστιν το ζωοποιουν η σαρξ ουκ ωφελει ουδεν τα ρηματα α εγω λαλω υμιν πνευμα εστιν και ζωη εστιν
john;6;64;αλλ εισιν εξ υμων τινες οι ου πιστευουσιν ηδει γαρ εξ αρχης ο ιησους τινες εισιν οι μη πιστευοντες και τις εστιν ο παραδωσων αυτον
john;6;65;και ελεγεν δια τουτο ειρηκα υμιν οτι ουδεις δυναται ελθειν προς με εαν μη η δεδομενον αυτω εκ του πατρος μου
john;6;66;εκ τουτου πολλοι απηλθον των μαθητων αυτου εις τα οπισω και ουκετι μετ αυτου περιεπατουν
john;6;67;ειπεν ουν ο ιησους τοις δωδεκα μη και υμεις θελετε υπαγειν
john;6;68;απεκριθη ουν αυτω σιμων πετρος κυριε προς τινα απελευσομεθα ρηματα ζωης αιωνιου εχεις
john;6;69;και ημεις πεπιστευκαμεν και εγνωκαμεν οτι συ ει ο χριστος ο υιος του θεου του ζωντος
john;6;70;απεκριθη αυτοις ο ιησους ουκ εγω υμας τους δωδεκα εξελεξαμην και εξ υμων εις διαβολος εστιν
john;6;71;ελεγεν δε τον ιουδαν σιμωνος ισκαριωτην ουτος γαρ ημελλεν αυτον παραδιδοναι εις ων εκ των δωδεκα
john;7;1;και περιεπατει ο ιησους μετα ταυτα εν τη γαλιλαια ου γαρ ηθελεν εν τη ιουδαια περιπατειν οτι εζητουν αυτον οι ιουδαιοι αποκτειναι
john;7;2;ην δε εγγυς η εορτη των ιουδαιων η σκηνοπηγια
john;7;3;ειπον ουν προς αυτον οι αδελφοι αυτου μεταβηθι εντευθεν και υπαγε εις την ιουδαιαν ινα και οι μαθηται σου θεωρησωσιν τα εργα σου α ποιεις
john;7;4;ουδεις γαρ εν κρυπτω τι ποιει και ζητει αυτος εν παρρησια ειναι ει ταυτα ποιεις φανερωσον σεαυτον τω κοσμω
john;7;5;ουδε γαρ οι αδελφοι αυτου επιστευον εις αυτον
john;7;6;λεγει ουν αυτοις ο ιησους ο καιρος ο εμος ουπω παρεστιν ο δε καιρος ο υμετερος παντοτε εστιν ετοιμος
john;7;7;ου δυναται ο κοσμος μισειν υμας εμε δε μισει οτι εγω μαρτυρω περι αυτου οτι τα εργα αυτου πονηρα εστιν
john;7;8;υμεις αναβητε εις την εορτην ταυτην εγω ουπω αναβαινω εις την εορτην ταυτην οτι ο καιρος ο εμος ουπω πεπληρωται
john;7;9;ταυτα δε ειπων αυτοις εμεινεν εν τη γαλιλαια
john;7;10;ως δε ανεβησαν οι αδελφοι αυτου τοτε και αυτος ανεβη εις την εορτην ου φανερως αλλ ως εν κρυπτω
john;7;11;οι ουν ιουδαιοι εζητουν αυτον εν τη εορτη και ελεγον που εστιν εκεινος
john;7;12;και γογγυσμος πολυς περι αυτου ην εν τοις οχλοις οι μεν ελεγον οτι αγαθος εστιν αλλοι δε ελεγον ου αλλα πλανα τον οχλον
john;7;13;ουδεις μεντοι παρρησια ελαλει περι αυτου δια τον φοβον των ιουδαιων
john;7;14;ηδη δε της εορτης μεσουσης ανεβη ο ιησους εις το ιερον και εδιδασκεν
john;7;15;και εθαυμαζον οι ιουδαιοι λεγοντες πως ουτος γραμματα οιδεν μη μεμαθηκως
john;7;16;απεκριθη αυτοις ο ιησους και ειπεν η εμη διδαχη ουκ εστιν εμη αλλα του πεμψαντος με
john;7;17;εαν τις θελη το θελημα αυτου ποιειν γνωσεται περι της διδαχης ποτερον εκ του θεου εστιν η εγω απ εμαυτου λαλω
john;7;18;ο αφ εαυτου λαλων την δοξαν την ιδιαν ζητει ο δε ζητων την δοξαν του πεμψαντος αυτον ουτος αληθης εστιν και αδικια εν αυτω ουκ εστιν
john;7;19;ου μωσης δεδωκεν υμιν τον νομον και ουδεις εξ υμων ποιει τον νομον τι με ζητειτε αποκτειναι
john;7;20;απεκριθη ο οχλος και ειπεν δαιμονιον εχεις τις σε ζητει αποκτειναι
john;7;21;απεκριθη ο ιησους και ειπεν αυτοις εν εργον εποιησα και παντες θαυμαζετε
john;7;22;δια τουτο μωσης δεδωκεν υμιν την περιτομην ουχ οτι εκ του μωσεως εστιν αλλ εκ των πατερων και εν σαββατω περιτεμνετε ανθρωπον
john;7;23;ει περιτομην λαμβανει ανθρωπος εν σαββατω ινα μη λυθη ο νομος μωσεως εμοι χολατε οτι ολον ανθρωπον υγιη εποιησα εν σαββατω
john;7;24;μη κρινετε κατ οψιν αλλα την δικαιαν κρισιν κρινατε
john;7;25;ελεγον ουν τινες εκ των ιεροσολυμιτων ουχ ουτος εστιν ον ζητουσιν αποκτειναι
john;7;26;και ιδε παρρησια λαλει και ουδεν αυτω λεγουσιν μηποτε αληθως εγνωσαν οι αρχοντες οτι ουτος εστιν αληθως ο χριστος
john;7;27;αλλα τουτον οιδαμεν ποθεν εστιν ο δε χριστος οταν ερχηται ουδεις γινωσκει ποθεν εστιν
john;7;28;εκραξεν ουν εν τω ιερω διδασκων ο ιησους και λεγων καμε οιδατε και οιδατε ποθεν ειμι και απ εμαυτου ουκ εληλυθα αλλ εστιν αληθινος ο πεμψας με ον υμεις ουκ οιδατε
john;7;29;εγω δε οιδα αυτον οτι παρ αυτου ειμι κακεινος με απεστειλεν
john;7;30;εζητουν ουν αυτον πιασαι και ουδεις επεβαλεν επ αυτον την χειρα οτι ουπω εληλυθει η ωρα αυτου
john;7;31;πολλοι δε εκ του οχλου επιστευσαν εις αυτον και ελεγον οτι ο χριστος οταν ελθη μητι πλειονα σημεια τουτων ποιησει ων ουτος εποιησεν
john;7;32;ηκουσαν οι φαρισαιοι του οχλου γογγυζοντος περι αυτου ταυτα και απεστειλαν οι φαρισαιοι και οι αρχιερεις υπηρετας ινα πιασωσιν αυτον
john;7;33;ειπεν ουν αυτοις ο ιησους ετι μικρον χρονον μεθ υμων ειμι και υπαγω προς τον πεμψαντα με
john;7;34;ζητησετε με και ουχ ευρησετε και οπου ειμι εγω υμεις ου δυνασθε ελθειν
john;7;35;ειπον ουν οι ιουδαιοι προς εαυτους που ουτος μελλει πορευεσθαι οτι ημεις ουχ ευρησομεν αυτον μη εις την διασποραν των ελληνων μελλει πορευεσθαι και διδασκειν τους ελληνας
john;7;36;τις εστιν ουτος ο λογος ον ειπεν ζητησετε με και ουχ ευρησετε και οπου ειμι εγω υμεις ου δυνασθε ελθειν
john;7;37;εν δε τη εσχατη ημερα τη μεγαλη της εορτης ειστηκει ο ιησους και εκραξεν λεγων εαν τις διψα ερχεσθω προς με και πινετω
john;7;38;ο πιστευων εις εμε καθως ειπεν η γραφη ποταμοι εκ της κοιλιας αυτου ρευσουσιν υδατος ζωντος
john;7;39;τουτο δε ειπεν περι του πνευματος ου εμελλον λαμβανειν οι πιστευοντες εις αυτον ουπω γαρ ην πνευμα αγιον οτι ο ιησους ουδεπω εδοξασθη
john;7;40;πολλοι ουν εκ του οχλου ακουσαντες τον λογον ελεγον ουτος εστιν αληθως ο προφητης
john;7;41;αλλοι ελεγον ουτος εστιν ο χριστος αλλοι δε ελεγον μη γαρ εκ της γαλιλαιας ο χριστος ερχεται
john;7;42;ουχι η γραφη ειπεν οτι εκ του σπερματος δαβιδ και απο βηθλεεμ της κωμης οπου ην δαβιδ ο χριστος ερχεται
john;7;43;σχισμα ουν εν τω οχλω εγενετο δι αυτον
john;7;44;τινες δε ηθελον εξ αυτων πιασαι αυτον αλλ ουδεις επεβαλεν επ αυτον τας χειρας
john;7;45;ηλθον ουν οι υπηρεται προς τους αρχιερεις και φαρισαιους και ειπον αυτοις εκεινοι δια τι ουκ ηγαγετε αυτον
john;7;46;απεκριθησαν οι υπηρεται ουδεποτε ουτως ελαλησεν ανθρωπος ως ουτος ο ανθρωπος
john;7;47;απεκριθησαν ουν αυτοις οι φαρισαιοι μη και υμεις πεπλανησθε
john;7;48;μη τις εκ των αρχοντων επιστευσεν εις αυτον η εκ των φαρισαιων
john;7;49;αλλ ο οχλος ουτος ο μη γινωσκων τον νομον επικαταρατοι εισιν
john;7;50;λεγει νικοδημος προς αυτους ο ελθων νυκτος προς αυτον εις ων εξ αυτων
john;7;51;μη ο νομος ημων κρινει τον ανθρωπον εαν μη ακουση παρ αυτου προτερον και γνω τι ποιει
john;7;52;απεκριθησαν και ειπον αυτω μη και συ εκ της γαλιλαιας ει ερευνησον και ιδε οτι προφητης εκ της γαλιλαιας ουκ εγηγερται
john;7;53;και επορευθη εκαστος εις τον οικον αυτου
john;8;1;ιησους δε επορευθη εις το ορος των ελαιων
john;8;2;ορθρου δε παλιν παρεγενετο εις το ιερον και πας ο λαος ηρχετο προς αυτον και καθισας εδιδασκεν αυτους
john;8;3;αγουσιν δε οι γραμματεις και οι φαρισαιοι προς αυτον γυναικα εν μοιχεια κατειλημμενην και στησαντες αυτην εν μεσω
john;8;4;λεγουσιν αυτω διδασκαλε αυτη η γυνη κατειληφθη επαυτοφωρω μοιχευομενη
john;8;5;εν δε τω νομω μωσης ημιν ενετειλατο τας τοιαυτας λιθοβολεισθαι συ ουν τι λεγεις
john;8;6;τουτο δε ελεγον πειραζοντες αυτον ινα εχωσιν κατηγορειν αυτου ο δε ιησους κατω κυψας τω δακτυλω εγραφεν εις την γην
john;8;7;ως δε επεμενον ερωτωντες αυτον ανακυψας ειπεν προς αυτους ο αναμαρτητος υμων πρωτος τον λιθον επ αυτη βαλετω
john;8;8;και παλιν κατω κυψας εγραφεν εις την γην
john;8;9;οι δε ακουσαντες και υπο της συνειδησεως ελεγχομενοι εξηρχοντο εις καθ εις αρξαμενοι απο των πρεσβυτερων εως των εσχατων και κατελειφθη μονος ο ιησους και η γυνη εν μεσω εστωσα
john;8;10;ανακυψας δε ο ιησους και μηδενα θεασαμενος πλην της γυναικος ειπεν αυτη η γυνη που εισιν εκεινοι οι κατηγοροι σου ουδεις σε κατεκρινεν
john;8;11;η δε ειπεν ουδεις κυριε ειπεν δε αυτη ο ιησους ουδε εγω σε κατακρινω πορευου και μηκετι αμαρτανε
john;8;12;παλιν ουν ο ιησους αυτοις ελαλησεν λεγων εγω ειμι το φως του κοσμου ο ακολουθων εμοι ου μη περιπατησει εν τη σκοτια αλλ εξει το φως της ζωης
john;8;13;ειπον ουν αυτω οι φαρισαιοι συ περι σεαυτου μαρτυρεις η μαρτυρια σου ουκ εστιν αληθης
john;8;14;απεκριθη ιησους και ειπεν αυτοις καν εγω μαρτυρω περι εμαυτου αληθης εστιν η μαρτυρια μου οτι οιδα ποθεν ηλθον και που υπαγω υμεις δε ουκ οιδατε ποθεν ερχομαι και που υπαγω
john;8;15;υμεις κατα την σαρκα κρινετε εγω ου κρινω ουδενα
john;8;16;και εαν κρινω δε εγω η κρισις η εμη αληθης εστιν οτι μονος ουκ ειμι αλλ εγω και ο πεμψας με πατηρ
john;8;17;και εν τω νομω δε τω υμετερω γεγραπται οτι δυο ανθρωπων η μαρτυρια αληθης εστιν
john;8;18;εγω ειμι ο μαρτυρων περι εμαυτου και μαρτυρει περι εμου ο πεμψας με πατηρ
john;8;19;ελεγον ουν αυτω που εστιν ο πατηρ σου απεκριθη ο ιησους ουτε εμε οιδατε ουτε τον πατερα μου ει εμε ηδειτε και τον πατερα μου ηδειτε αν
john;8;20;ταυτα τα ρηματα ελαλησεν ο ιησους εν τω γαζοφυλακιω διδασκων εν τω ιερω και ουδεις επιασεν αυτον οτι ουπω εληλυθει η ωρα αυτου
john;8;21;ειπεν ουν παλιν αυτοις ο ιησους εγω υπαγω και ζητησετε με και εν τη αμαρτια υμων αποθανεισθε οπου εγω υπαγω υμεις ου δυνασθε ελθειν
john;8;22;ελεγον ουν οι ιουδαιοι μητι αποκτενει εαυτον οτι λεγει οπου εγω υπαγω υμεις ου δυνασθε ελθειν
john;8;23;και ειπεν αυτοις υμεις εκ των κατω εστε εγω εκ των ανω ειμι υμεις εκ του κοσμου τουτου εστε εγω ουκ ειμι εκ του κοσμου τουτου
john;8;24;ειπον ουν υμιν οτι αποθανεισθε εν ταις αμαρτιαις υμων εαν γαρ μη πιστευσητε οτι εγω ειμι αποθανεισθε εν ταις αμαρτιαις υμων
john;8;25;ελεγον ουν αυτω συ τις ει και ειπεν αυτοις ο ιησους την αρχην ο τι και λαλω υμιν
john;8;26;πολλα εχω περι υμων λαλειν και κρινειν αλλ ο πεμψας με αληθης εστιν καγω α ηκουσα παρ αυτου ταυτα λεγω εις τον κοσμον
john;8;27;ουκ εγνωσαν οτι τον πατερα αυτοις ελεγεν
john;8;28;ειπεν ουν αυτοις ο ιησους οταν υψωσητε τον υιον του ανθρωπου τοτε γνωσεσθε οτι εγω ειμι και απ εμαυτου ποιω ουδεν αλλα καθως εδιδαξεν με ο πατηρ μου ταυτα λαλω
john;8;29;και ο πεμψας με μετ εμου εστιν ουκ αφηκεν με μονον ο πατηρ οτι εγω τα αρεστα αυτω ποιω παντοτε
john;8;30;ταυτα αυτου λαλουντος πολλοι επιστευσαν εις αυτον
john;8;31;ελεγεν ουν ο ιησους προς τους πεπιστευκοτας αυτω ιουδαιους εαν υμεις μεινητε εν τω λογω τω εμω αληθως μαθηται μου εστε
john;8;32;και γνωσεσθε την αληθειαν και η αληθεια ελευθερωσει υμας
john;8;33;απεκριθησαν αυτω σπερμα αβρααμ εσμεν και ουδενι δεδουλευκαμεν πωποτε πως συ λεγεις οτι ελευθεροι γενησεσθε
john;8;34;απεκριθη αυτοις ο ιησους αμην αμην λεγω υμιν οτι πας ο ποιων την αμαρτιαν δουλος εστιν της αμαρτιας
john;8;35;ο δε δουλος ου μενει εν τη οικια εις τον αιωνα ο υιος μενει εις τον αιωνα
john;8;36;εαν ουν ο υιος υμας ελευθερωση οντως ελευθεροι εσεσθε
john;8;37;οιδα οτι σπερμα αβρααμ εστε αλλα ζητειτε με αποκτειναι οτι ο λογος ο εμος ου χωρει εν υμιν
john;8;38;εγω ο εωρακα παρα τω πατρι μου λαλω και υμεις ουν ο εωρακατε παρα τω πατρι υμων ποιειτε
john;8;39;απεκριθησαν και ειπον αυτω ο πατηρ ημων αβρααμ εστιν λεγει αυτοις ο ιησους ει τεκνα του αβρααμ ητε τα εργα του αβρααμ εποιειτε αν
john;8;40;νυν δε ζητειτε με αποκτειναι ανθρωπον ος την αληθειαν υμιν λελαληκα ην ηκουσα παρα του θεου τουτο αβρααμ ουκ εποιησεν
john;8;41;υμεις ποιειτε τα εργα του πατρος υμων ειπον ουν αυτω ημεις εκ πορνειας ου γεγεννημεθα ενα πατερα εχομεν τον θεον
john;8;42;ειπεν αυτοις ο ιησους ει ο θεος πατηρ υμων ην ηγαπατε αν εμε εγω γαρ εκ του θεου εξηλθον και ηκω ουδε γαρ απ εμαυτου εληλυθα αλλ εκεινος με απεστειλεν
john;8;43;δια τι την λαλιαν την εμην ου γινωσκετε οτι ου δυνασθε ακουειν τον λογον τον εμον
john;8;44;υμεις εκ πατρος του διαβολου εστε και τας επιθυμιας του πατρος υμων θελετε ποιειν εκεινος ανθρωποκτονος ην απ αρχης και εν τη αληθεια ουχ εστηκεν οτι ουκ εστιν αληθεια εν αυτω οταν λαλη το ψευδος εκ των ιδιων λαλει οτι ψευστης εστιν και ο πατηρ αυτου
john;8;45;εγω δε οτι την αληθειαν λεγω ου πιστευετε μοι
john;8;46;τις εξ υμων ελεγχει με περι αμαρτιας ει δε αληθειαν λεγω δια τι υμεις ου πιστευετε μοι
john;8;47;ο ων εκ του θεου τα ρηματα του θεου ακουει δια τουτο υμεις ουκ ακουετε οτι εκ του θεου ουκ εστε
john;8;48;απεκριθησαν ουν οι ιουδαιοι και ειπον αυτω ου καλως λεγομεν ημεις οτι σαμαρειτης ει συ και δαιμονιον εχεις
john;8;49;απεκριθη ιησους εγω δαιμονιον ουκ εχω αλλα τιμω τον πατερα μου και υμεις ατιμαζετε με
john;8;50;εγω δε ου ζητω την δοξαν μου εστιν ο ζητων και κρινων
john;8;51;αμην αμην λεγω υμιν εαν τις τον λογον τον εμον τηρηση θανατον ου μη θεωρηση εις τον αιωνα
john;8;52;ειπον ουν αυτω οι ιουδαιοι νυν εγνωκαμεν οτι δαιμονιον εχεις αβρααμ απεθανεν και οι προφηται και συ λεγεις εαν τις τον λογον μου τηρηση ου μη γευσεται θανατου εις τον αιωνα
john;8;53;μη συ μειζων ει του πατρος ημων αβρααμ οστις απεθανεν και οι προφηται απεθανον τινα σεαυτον συ ποιεις
john;8;54;απεκριθη ιησους εαν εγω δοξαζω εμαυτον η δοξα μου ουδεν εστιν εστιν ο πατηρ μου ο δοξαζων με ον υμεις λεγετε οτι θεος υμων εστιν
john;8;55;και ουκ εγνωκατε αυτον εγω δε οιδα αυτον και εαν ειπω οτι ουκ οιδα αυτον εσομαι ομοιος υμων ψευστης αλλ οιδα αυτον και τον λογον αυτου τηρω
john;8;56;αβρααμ ο πατηρ υμων ηγαλλιασατο ινα ιδη την ημεραν την εμην και ειδεν και εχαρη
john;8;57;ειπον ουν οι ιουδαιοι προς αυτον πεντηκοντα ετη ουπω εχεις και αβρααμ εωρακας
john;8;58;ειπεν αυτοις ο ιησους αμην αμην λεγω υμιν πριν αβρααμ γενεσθαι εγω ειμι
john;8;59;ηραν ουν λιθους ινα βαλωσιν επ αυτον ιησους δε εκρυβη και εξηλθεν εκ του ιερου διελθων δια μεσου αυτων και παρηγεν ουτως
john;9;1;και παραγων ειδεν ανθρωπον τυφλον εκ γενετης
john;9;2;και ηρωτησαν αυτον οι μαθηται αυτου λεγοντες ραββι τις ημαρτεν ουτος η οι γονεις αυτου ινα τυφλος γεννηθη
john;9;3;απεκριθη ο ιησους ουτε ουτος ημαρτεν ουτε οι γονεις αυτου αλλ ινα φανερωθη τα εργα του θεου εν αυτω
john;9;4;εμε δει εργαζεσθαι τα εργα του πεμψαντος με εως ημερα εστιν ερχεται νυξ οτε ουδεις δυναται εργαζεσθαι
john;9;5;οταν εν τω κοσμω ω φως ειμι του κοσμου
john;9;6;ταυτα ειπων επτυσεν χαμαι και εποιησεν πηλον εκ του πτυσματος και επεχρισεν τον πηλον επι τους οφθαλμους του τυφλου
john;9;7;και ειπεν αυτω υπαγε νιψαι εις την κολυμβηθραν του σιλωαμ ο ερμηνευεται απεσταλμενος απηλθεν ουν και ενιψατο και ηλθεν βλεπων
john;9;8;οι ουν γειτονες και οι θεωρουντες αυτον το προτερον οτι τυφλος ην ελεγον ουχ ουτος εστιν ο καθημενος και προσαιτων
john;9;9;αλλοι ελεγον οτι ουτος εστιν αλλοι δε οτι ομοιος αυτω εστιν εκεινος ελεγεν οτι εγω ειμι
john;9;10;ελεγον ουν αυτω πως ανεωχθησαν σου οι οφθαλμοι
john;9;11;απεκριθη εκεινος και ειπεν ανθρωπος λεγομενος ιησους πηλον εποιησεν και επεχρισεν μου τους οφθαλμους και ειπεν μοι υπαγε εις την κολυμβηθραν του σιλωαμ και νιψαι απελθων δε και νιψαμενος ανεβλεψα
john;9;12;ειπον ουν αυτω που εστιν εκεινος λεγει ουκ οιδα
john;9;13;αγουσιν αυτον προς τους φαρισαιους τον ποτε τυφλον
john;9;14;ην δε σαββατον οτε τον πηλον εποιησεν ο ιησους και ανεωξεν αυτου τους οφθαλμους
john;9;15;παλιν ουν ηρωτων αυτον και οι φαρισαιοι πως ανεβλεψεν ο δε ειπεν αυτοις πηλον επεθηκεν επι τους οφθαλμους μου και ενιψαμην και βλεπω
john;9;16;ελεγον ουν εκ των φαρισαιων τινες ουτος ο ανθρωπος ουκ εστιν παρα του θεου οτι το σαββατον ου τηρει αλλοι ελεγον πως δυναται ανθρωπος αμαρτωλος τοιαυτα σημεια ποιειν και σχισμα ην εν αυτοις
john;9;17;λεγουσιν τω τυφλω παλιν συ τι λεγεις περι αυτου οτι ηνοιξεν σου τους οφθαλμους ο δε ειπεν οτι προφητης εστιν
john;9;18;ουκ επιστευσαν ουν οι ιουδαιοι περι αυτου οτι τυφλος ην και ανεβλεψεν εως οτου εφωνησαν τους γονεις αυτου του αναβλεψαντος
john;9;19;και ηρωτησαν αυτους λεγοντες ουτος εστιν ο υιος υμων ον υμεις λεγετε οτι τυφλος εγεννηθη πως ουν αρτι βλεπει
john;9;20;απεκριθησαν αυτοις οι γονεις αυτου και ειπον οιδαμεν οτι ουτος εστιν ο υιος ημων και οτι τυφλος εγεννηθη
john;9;21;πως δε νυν βλεπει ουκ οιδαμεν η τις ηνοιξεν αυτου τους οφθαλμους ημεις ουκ οιδαμεν αυτος ηλικιαν εχει αυτον ερωτησατε αυτος περι αυτου λαλησει
john;9;22;ταυτα ειπον οι γονεις αυτου οτι εφοβουντο τους ιουδαιους ηδη γαρ συνετεθειντο οι ιουδαιοι ινα εαν τις αυτον ομολογηση χριστον αποσυναγωγος γενηται
john;9;23;δια τουτο οι γονεις αυτου ειπον οτι ηλικιαν εχει αυτον ερωτησατε
john;9;24;εφωνησαν ουν εκ δευτερου τον ανθρωπον ος ην τυφλος και ειπον αυτω δος δοξαν τω θεω ημεις οιδαμεν οτι ο ανθρωπος ουτος αμαρτωλος εστιν
john;9;25;απεκριθη ουν εκεινος και ειπεν ει αμαρτωλος εστιν ουκ οιδα εν οιδα οτι τυφλος ων αρτι βλεπω
john;9;26;ειπον δε αυτω παλιν τι εποιησεν σοι πως ηνοιξεν σου τους οφθαλμους
john;9;27;απεκριθη αυτοις ειπον υμιν ηδη και ουκ ηκουσατε τι παλιν θελετε ακουειν μη και υμεις θελετε αυτου μαθηται γενεσθαι
john;9;28;ελοιδορησαν ουν αυτον και ειπον συ ει μαθητης εκεινου ημεις δε του μωσεως εσμεν μαθηται
john;9;29;ημεις οιδαμεν οτι μωση λελαληκεν ο θεος τουτον δε ουκ οιδαμεν ποθεν εστιν
john;9;30;απεκριθη ο ανθρωπος και ειπεν αυτοις εν γαρ τουτω θαυμαστον εστιν οτι υμεις ουκ οιδατε ποθεν εστιν και ανεωξεν μου τους οφθαλμους
john;9;31;οιδαμεν δε οτι αμαρτωλων ο θεος ουκ ακουει αλλ εαν τις θεοσεβης η και το θελημα αυτου ποιη τουτου ακουει
john;9;32;εκ του αιωνος ουκ ηκουσθη οτι ηνοιξεν τις οφθαλμους τυφλου γεγεννημενου
john;9;33;ει μη ην ουτος παρα θεου ουκ ηδυνατο ποιειν ουδεν
john;9;34;απεκριθησαν και ειπον αυτω εν αμαρτιαις συ εγεννηθης ολος και συ διδασκεις ημας και εξεβαλον αυτον εξω
john;9;35;ηκουσεν ο ιησους οτι εξεβαλον αυτον εξω και ευρων αυτον ειπεν αυτω συ πιστευεις εις τον υιον του θεου
john;9;36;απεκριθη εκεινος και ειπεν τις εστιν κυριε ινα πιστευσω εις αυτον
john;9;37;ειπεν δε αυτω ο ιησους και εωρακας αυτον και ο λαλων μετα σου εκεινος εστιν
john;9;38;ο δε εφη πιστευω κυριε και προσεκυνησεν αυτω
john;9;39;και ειπεν ο ιησους εις κριμα εγω εις τον κοσμον τουτον ηλθον ινα οι μη βλεποντες βλεπωσιν και οι βλεποντες τυφλοι γενωνται
john;9;40;και ηκουσαν εκ των φαρισαιων ταυτα οι οντες μετ αυτου και ειπον αυτω μη και ημεις τυφλοι εσμεν
john;9;41;ειπεν αυτοις ο ιησους ει τυφλοι ητε ουκ αν ειχετε αμαρτιαν νυν δε λεγετε οτι βλεπομεν η ουν αμαρτια υμων μενει
john;10;1;αμην αμην λεγω υμιν ο μη εισερχομενος δια της θυρας εις την αυλην των προβατων αλλα αναβαινων αλλαχοθεν εκεινος κλεπτης εστιν και ληστης
john;10;2;ο δε εισερχομενος δια της θυρας ποιμην εστιν των προβατων
john;10;3;τουτω ο θυρωρος ανοιγει και τα προβατα της φωνης αυτου ακουει και τα ιδια προβατα καλει κατ ονομα και εξαγει αυτα
john;10;4;και οταν τα ιδια προβατα εκβαλη εμπροσθεν αυτων πορευεται και τα προβατα αυτω ακολουθει οτι οιδασιν την φωνην αυτου
john;10;5;αλλοτριω δε ου μη ακολουθησωσιν αλλα φευξονται απ αυτου οτι ουκ οιδασιν των αλλοτριων την φωνην
john;10;6;ταυτην την παροιμιαν ειπεν αυτοις ο ιησους εκεινοι δε ουκ εγνωσαν τινα ην α ελαλει αυτοις
john;10;7;ειπεν ουν παλιν αυτοις ο ιησους αμην αμην λεγω υμιν οτι εγω ειμι η θυρα των προβατων
john;10;8;παντες οσοι προ εμου ηλθον κλεπται εισιν και λησται αλλ ουκ ηκουσαν αυτων τα προβατα
john;10;9;εγω ειμι η θυρα δι εμου εαν τις εισελθη σωθησεται και εισελευσεται και εξελευσεται και νομην ευρησει
john;10;10;ο κλεπτης ουκ ερχεται ει μη ινα κλεψη και θυση και απολεση εγω ηλθον ινα ζωην εχωσιν και περισσον εχωσιν
john;10;11;εγω ειμι ο ποιμην ο καλος ο ποιμην ο καλος την ψυχην αυτου τιθησιν υπερ των προβατων
john;10;12;ο μισθωτος δε και ουκ ων ποιμην ου ουκ εισιν τα προβατα ιδια θεωρει τον λυκον ερχομενον και αφιησιν τα προβατα και φευγει και ο λυκος αρπαζει αυτα και σκορπιζει τα προβατα
john;10;13;ο δε μισθωτος φευγει οτι μισθωτος εστιν και ου μελει αυτω περι των προβατων
john;10;14;εγω ειμι ο ποιμην ο καλος και γινωσκω τα εμα και γινωσκομαι υπο των εμων
john;10;15;καθως γινωσκει με ο πατηρ καγω γινωσκω τον πατερα και την ψυχην μου τιθημι υπερ των προβατων
john;10;16;και αλλα προβατα εχω α ουκ εστιν εκ της αυλης ταυτης κακεινα με δει αγαγειν και της φωνης μου ακουσουσιν και γενησεται μια ποιμνη εις ποιμην
john;10;17;δια τουτο ο πατηρ με αγαπα οτι εγω τιθημι την ψυχην μου ινα παλιν λαβω αυτην
john;10;18;ουδεις αιρει αυτην απ εμου αλλ εγω τιθημι αυτην απ εμαυτου εξουσιαν εχω θειναι αυτην και εξουσιαν εχω παλιν λαβειν αυτην ταυτην την εντολην ελαβον παρα του πατρος μου
john;10;19;σχισμα ουν παλιν εγενετο εν τοις ιουδαιοις δια τους λογους τουτους
john;10;20;ελεγον δε πολλοι εξ αυτων δαιμονιον εχει και μαινεται τι αυτου ακουετε
john;10;21;αλλοι ελεγον ταυτα τα ρηματα ουκ εστιν δαιμονιζομενου μη δαιμονιον δυναται τυφλων οφθαλμους ανοιγειν
john;10;22;εγενετο δε τα εγκαινια εν τοις ιεροσολυμοις και χειμων ην
john;10;23;και περιεπατει ο ιησους εν τω ιερω εν τη στοα του σολομωντος
john;10;24;εκυκλωσαν ουν αυτον οι ιουδαιοι και ελεγον αυτω εως ποτε την ψυχην ημων αιρεις ει συ ει ο χριστος ειπε ημιν παρρησια
john;10;25;απεκριθη αυτοις ο ιησους ειπον υμιν και ου πιστευετε τα εργα α εγω ποιω εν τω ονοματι του πατρος μου ταυτα μαρτυρει περι εμου
john;10;26;αλλ υμεις ου πιστευετε ου γαρ εστε εκ των προβατων των εμων καθως ειπον υμιν
john;10;27;τα προβατα τα εμα της φωνης μου ακουει καγω γινωσκω αυτα και ακολουθουσιν μοι
john;10;28;καγω ζωην αιωνιον διδωμι αυτοις και ου μη απολωνται εις τον αιωνα και ουχ αρπασει τις αυτα εκ της χειρος μου
john;10;29;ο πατηρ μου ος δεδωκεν μοι μειζων παντων εστιν και ουδεις δυναται αρπαζειν εκ της χειρος του πατρος μου
john;10;30;εγω και ο πατηρ εν εσμεν
john;10;31;εβαστασαν ουν παλιν λιθους οι ιουδαιοι ινα λιθασωσιν αυτον
john;10;32;απεκριθη αυτοις ο ιησους πολλα καλα εργα εδειξα υμιν εκ του πατρος μου δια ποιον αυτων εργον λιθαζετε με
john;10;33;απεκριθησαν αυτω οι ιουδαιοι λεγοντες περι καλου εργου ου λιθαζομεν σε αλλα περι βλασφημιας και οτι συ ανθρωπος ων ποιεις σεαυτον θεον
john;10;34;απεκριθη αυτοις ο ιησους ουκ εστιν γεγραμμενον εν τω νομω υμων εγω ειπα θεοι εστε
john;10;35;ει εκεινους ειπεν θεους προς ους ο λογος του θεου εγενετο και ου δυναται λυθηναι η γραφη
john;10;36;ον ο πατηρ ηγιασεν και απεστειλεν εις τον κοσμον υμεις λεγετε οτι βλασφημεις οτι ειπον υιος του θεου ειμι
john;10;37;ει ου ποιω τα εργα του πατρος μου μη πιστευετε μοι
john;10;38;ει δε ποιω καν εμοι μη πιστευητε τοις εργοις πιστευσατε ινα γνωτε και πιστευσητε οτι εν εμοι ο πατηρ καγω εν αυτω
john;10;39;εζητουν ουν παλιν αυτον πιασαι και εξηλθεν εκ της χειρος αυτων
john;10;40;και απηλθεν παλιν περαν του ιορδανου εις τον τοπον οπου ην ιωαννης το πρωτον βαπτιζων και εμεινεν εκει
john;10;41;και πολλοι ηλθον προς αυτον και ελεγον οτι ιωαννης μεν σημειον εποιησεν ουδεν παντα δε οσα ειπεν ιωαννης περι τουτου αληθη ην
john;10;42;και επιστευσαν πολλοι εκει εις αυτον
john;11;1;ην δε τις ασθενων λαζαρος απο βηθανιας εκ της κωμης μαριας και μαρθας της αδελφης αυτης
john;11;2;ην δε μαρια η αλειψασα τον κυριον μυρω και εκμαξασα τους ποδας αυτου ταις θριξιν αυτης ης ο αδελφος λαζαρος ησθενει
john;11;3;απεστειλαν ουν αι αδελφαι προς αυτον λεγουσαι κυριε ιδε ον φιλεις ασθενει
john;11;4;ακουσας δε ο ιησους ειπεν αυτη η ασθενεια ουκ εστιν προς θανατον αλλ υπερ της δοξης του θεου ινα δοξασθη ο υιος του θεου δι αυτης
john;11;5;ηγαπα δε ο ιησους την μαρθαν και την αδελφην αυτης και τον λαζαρον
john;11;6;ως ουν ηκουσεν οτι ασθενει τοτε μεν εμεινεν εν ω ην τοπω δυο ημερας
john;11;7;επειτα μετα τουτο λεγει τοις μαθηταις αγωμεν εις την ιουδαιαν παλιν
john;11;8;λεγουσιν αυτω οι μαθηται ραββι νυν εζητουν σε λιθασαι οι ιουδαιοι και παλιν υπαγεις εκει
john;11;9;απεκριθη ο ιησους ουχι δωδεκα εισιν ωραι της ημερας εαν τις περιπατη εν τη ημερα ου προσκοπτει οτι το φως του κοσμου τουτου βλεπει
john;11;10;εαν δε τις περιπατη εν τη νυκτι προσκοπτει οτι το φως ουκ εστιν εν αυτω
john;11;11;ταυτα ειπεν και μετα τουτο λεγει αυτοις λαζαρος ο φιλος ημων κεκοιμηται αλλα πορευομαι ινα εξυπνισω αυτον
john;11;12;ειπον ουν οι μαθηται αυτου κυριε ει κεκοιμηται σωθησεται
john;11;13;ειρηκει δε ο ιησους περι του θανατου αυτου εκεινοι δε εδοξαν οτι περι της κοιμησεως του υπνου λεγει
john;11;14;τοτε ουν ειπεν αυτοις ο ιησους παρρησια λαζαρος απεθανεν
john;11;15;και χαιρω δι υμας ινα πιστευσητε οτι ουκ ημην εκει αλλ αγωμεν προς αυτον
john;11;16;ειπεν ουν θωμας ο λεγομενος διδυμος τοις συμμαθηταις αγωμεν και ημεις ινα αποθανωμεν μετ αυτου
john;11;17;ελθων ουν ο ιησους ευρεν αυτον τεσσαρας ημερας ηδη εχοντα εν τω μνημειω
john;11;18;ην δε η βηθανια εγγυς των ιεροσολυμων ως απο σταδιων δεκαπεντε
john;11;19;και πολλοι εκ των ιουδαιων εληλυθεισαν προς τας περι μαρθαν και μαριαν ινα παραμυθησωνται αυτας περι του αδελφου αυτων
john;11;20;η ουν μαρθα ως ηκουσεν οτι ο ιησους ερχεται υπηντησεν αυτω μαρια δε εν τω οικω εκαθεζετο
john;11;21;ειπεν ουν η μαρθα προς τον ιησουν κυριε ει ης ωδε ο αδελφος μου ουκ αν ετεθνηκει
john;11;22;αλλα και νυν οιδα οτι οσα αν αιτηση τον θεον δωσει σοι ο θεος
john;11;23;λεγει αυτη ο ιησους αναστησεται ο αδελφος σου
john;11;24;λεγει αυτω μαρθα οιδα οτι αναστησεται εν τη αναστασει εν τη εσχατη ημερα
john;11;25;ειπεν αυτη ο ιησους εγω ειμι η αναστασις και η ζωη ο πιστευων εις εμε καν αποθανη ζησεται
john;11;26;και πας ο ζων και πιστευων εις εμε ου μη αποθανη εις τον αιωνα πιστευεις τουτο
john;11;27;λεγει αυτω ναι κυριε εγω πεπιστευκα οτι συ ει ο χριστος ο υιος του θεου ο εις τον κοσμον ερχομενος
john;11;28;και ταυτα ειπουσα απηλθεν και εφωνησεν μαριαν την αδελφην αυτης λαθρα ειπουσα ο διδασκαλος παρεστιν και φωνει σε
john;11;29;εκεινη ως ηκουσεν εγειρεται ταχυ και ερχεται προς αυτον
john;11;30;ουπω δε εληλυθει ο ιησους εις την κωμην αλλ ην εν τω τοπω οπου υπηντησεν αυτω η μαρθα
john;11;31;οι ουν ιουδαιοι οι οντες μετ αυτης εν τη οικια και παραμυθουμενοι αυτην ιδοντες την μαριαν οτι ταχεως ανεστη και εξηλθεν ηκολουθησαν αυτη λεγοντες οτι υπαγει εις το μνημειον ινα κλαυση εκει
john;11;32;η ουν μαρια ως ηλθεν οπου ην ο ιησους ιδουσα αυτον επεσεν εις τους ποδας αυτου λεγουσα αυτω κυριε ει ης ωδε ουκ αν απεθανεν μου ο αδελφος
john;11;33;ιησους ουν ως ειδεν αυτην κλαιουσαν και τους συνελθοντας αυτη ιουδαιους κλαιοντας ενεβριμησατο τω πνευματι και εταραξεν εαυτον
john;11;34;και ειπεν που τεθεικατε αυτον λεγουσιν αυτω κυριε ερχου και ιδε
john;11;35;εδακρυσεν ο ιησους
john;11;36;ελεγον ουν οι ιουδαιοι ιδε πως εφιλει αυτον
john;11;37;τινες δε εξ αυτων ειπον ουκ ηδυνατο ουτος ο ανοιξας τους οφθαλμους του τυφλου ποιησαι ινα και ουτος μη αποθανη
john;11;38;ιησους ουν παλιν εμβριμωμενος εν εαυτω ερχεται εις το μνημειον ην δε σπηλαιον και λιθος επεκειτο επ αυτω
john;11;39;λεγει ο ιησους αρατε τον λιθον λεγει αυτω η αδελφη του τεθνηκοτος μαρθα κυριε ηδη οζει τεταρταιος γαρ εστιν
john;11;40;λεγει αυτη ο ιησους ουκ ειπον σοι οτι εαν πιστευσης οψει την δοξαν του θεου
john;11;41;ηραν ουν τον λιθον ου ην ο τεθνηκως κειμενος ο δε ιησους ηρεν τους οφθαλμους ανω και ειπεν πατερ ευχαριστω σοι οτι ηκουσας μου
john;11;42;εγω δε ηδειν οτι παντοτε μου ακουεις αλλα δια τον οχλον τον περιεστωτα ειπον ινα πιστευσωσιν οτι συ με απεστειλας
john;11;43;και ταυτα ειπων φωνη μεγαλη εκραυγασεν λαζαρε δευρο εξω
john;11;44;και εξηλθεν ο τεθνηκως δεδεμενος τους ποδας και τας χειρας κειριαις και η οψις αυτου σουδαριω περιεδεδετο λεγει αυτοις ο ιησους λυσατε αυτον και αφετε υπαγειν
john;11;45;πολλοι ουν εκ των ιουδαιων οι ελθοντες προς την μαριαν και θεασαμενοι α εποιησεν ο ιησους επιστευσαν εις αυτον
john;11;46;τινες δε εξ αυτων απηλθον προς τους φαρισαιους και ειπον αυτοις α εποιησεν ο ιησους
john;11;47;συνηγαγον ουν οι αρχιερεις και οι φαρισαιοι συνεδριον και ελεγον τι ποιουμεν οτι ουτος ο ανθρωπος πολλα σημεια ποιει
john;11;48;εαν αφωμεν αυτον ουτως παντες πιστευσουσιν εις αυτον και ελευσονται οι ρωμαιοι και αρουσιν ημων και τον τοπον και το εθνος
john;11;49;εις δε τις εξ αυτων καιαφας αρχιερευς ων του ενιαυτου εκεινου ειπεν αυτοις υμεις ουκ οιδατε ουδεν
john;11;50;ουδε διαλογιζεσθε οτι συμφερει ημιν ινα εις ανθρωπος αποθανη υπερ του λαου και μη ολον το εθνος αποληται
john;11;51;τουτο δε αφ εαυτου ουκ ειπεν αλλα αρχιερευς ων του ενιαυτου εκεινου προεφητευσεν οτι εμελλεν ο ιησους αποθνησκειν υπερ του εθνους
john;11;52;και ουχ υπερ του εθνους μονον αλλ ινα και τα τεκνα του θεου τα διεσκορπισμενα συναγαγη εις εν
john;11;53;απ εκεινης ουν της ημερας συνεβουλευσαντο ινα αποκτεινωσιν αυτον
john;11;54;ιησους ουν ουκ ετι παρρησια περιεπατει εν τοις ιουδαιοις αλλα απηλθεν εκειθεν εις την χωραν εγγυς της ερημου εις εφραιμ λεγομενην πολιν κακει διετριβεν μετα των μαθητων αυτου
john;11;55;ην δε εγγυς το πασχα των ιουδαιων και ανεβησαν πολλοι εις ιεροσολυμα εκ της χωρας προ του πασχα ινα αγνισωσιν εαυτους
john;11;56;εζητουν ουν τον ιησουν και ελεγον μετ αλληλων εν τω ιερω εστηκοτες τι δοκει υμιν οτι ου μη ελθη εις την εορτην
john;11;57;δεδωκεισαν δε και οι αρχιερεις και οι φαρισαιοι εντολην ινα εαν τις γνω που εστιν μηνυση οπως πιασωσιν αυτον
john;12;1;ο ουν ιησους προ εξ ημερων του πασχα ηλθεν εις βηθανιαν οπου ην λαζαρος ο τεθνηκως ον ηγειρεν εκ νεκρων
john;12;2;εποιησαν ουν αυτω δειπνον εκει και η μαρθα διηκονει ο δε λαζαρος εις ην των συνανακειμενων αυτω
john;12;3;η ουν μαρια λαβουσα λιτραν μυρου ναρδου πιστικης πολυτιμου ηλειψεν τους ποδας του ιησου και εξεμαξεν ταις θριξιν αυτης τους ποδας αυτου η δε οικια επληρωθη εκ της οσμης του μυρου
john;12;4;λεγει ουν εις εκ των μαθητων αυτου ιουδας σιμωνος ισκαριωτης ο μελλων αυτον παραδιδοναι
john;12;5;δια τι τουτο το μυρον ουκ επραθη τριακοσιων δηναριων και εδοθη πτωχοις
john;12;6;ειπεν δε τουτο ουχ οτι περι των πτωχων εμελεν αυτω οτι κλεπτης ην και το γλωσσοκομον ειχεν και τα βαλλομενα εβασταζεν
john;12;7;ειπεν ουν ο ιησους αφες αυτην εις την ημεραν του ενταφιασμου μου τετηρηκεν αυτο
john;12;8;τους πτωχους γαρ παντοτε εχετε μεθ εαυτων εμε δε ου παντοτε εχετε
john;12;9;εγνω ουν οχλος πολυς εκ των ιουδαιων οτι εκει εστιν και ηλθον ου δια τον ιησουν μονον αλλ ινα και τον λαζαρον ιδωσιν ον ηγειρεν εκ νεκρων
john;12;10;εβουλευσαντο δε οι αρχιερεις ινα και τον λαζαρον αποκτεινωσιν
john;12;11;οτι πολλοι δι αυτον υπηγον των ιουδαιων και επιστευον εις τον ιησουν
john;12;12;τη επαυριον οχλος πολυς ο ελθων εις την εορτην ακουσαντες οτι ερχεται ο ιησους εις ιεροσολυμα
john;12;13;ελαβον τα βαια των φοινικων και εξηλθον εις υπαντησιν αυτω και εκραζον ωσαννα ευλογημενος ο ερχομενος εν ονοματι κυριου ο βασιλευς του ισραηλ
john;12;14;ευρων δε ο ιησους οναριον εκαθισεν επ αυτο καθως εστιν γεγραμμενον
john;12;15;μη φοβου θυγατερ σιων ιδου ο βασιλευς σου ερχεται καθημενος επι πωλον ονου
john;12;16;ταυτα δε ουκ εγνωσαν οι μαθηται αυτου το πρωτον αλλ οτε εδοξασθη ο ιησους τοτε εμνησθησαν οτι ταυτα ην επ αυτω γεγραμμενα και ταυτα εποιησαν αυτω
john;12;17;εμαρτυρει ουν ο οχλος ο ων μετ αυτου οτε τον λαζαρον εφωνησεν εκ του μνημειου και ηγειρεν αυτον εκ νεκρων
john;12;18;δια τουτο και υπηντησεν αυτω ο οχλος οτι ηκουσεν τουτο αυτον πεποιηκεναι το σημειον
john;12;19;οι ουν φαρισαιοι ειπον προς εαυτους θεωρειτε οτι ουκ ωφελειτε ουδεν ιδε ο κοσμος οπισω αυτου απηλθεν
john;12;20;ησαν δε τινες ελληνες εκ των αναβαινοντων ινα προσκυνησωσιν εν τη εορτη
john;12;21;ουτοι ουν προσηλθον φιλιππω τω απο βηθσαιδα της γαλιλαιας και ηρωτων αυτον λεγοντες κυριε θελομεν τον ιησουν ιδειν
john;12;22;ερχεται φιλιππος και λεγει τω ανδρεα και παλιν ανδρεας και φιλιππος λεγουσιν τω ιησου
john;12;23;ο δε ιησους απεκρινατο αυτοις λεγων εληλυθεν η ωρα ινα δοξασθη ο υιος του ανθρωπου
john;12;24;αμην αμην λεγω υμιν εαν μη ο κοκκος του σιτου πεσων εις την γην αποθανη αυτος μονος μενει εαν δε αποθανη πολυν καρπον φερει
john;12;25;ο φιλων την ψυχην αυτου απολεσει αυτην και ο μισων την ψυχην αυτου εν τω κοσμω τουτω εις ζωην αιωνιον φυλαξει αυτην
john;12;26;εαν εμοι διακονη τις εμοι ακολουθειτω και οπου ειμι εγω εκει και ο διακονος ο εμος εσται και εαν τις εμοι διακονη τιμησει αυτον ο πατηρ
john;12;27;νυν η ψυχη μου τεταρακται και τι ειπω πατερ σωσον με εκ της ωρας ταυτης αλλα δια τουτο ηλθον εις την ωραν ταυτην
john;12;28;πατερ δοξασον σου το ονομα ηλθεν ουν φωνη εκ του ουρανου και εδοξασα και παλιν δοξασω
john;12;29;ο ουν οχλος ο εστως και ακουσας ελεγεν βροντην γεγονεναι αλλοι ελεγον αγγελος αυτω λελαληκεν
john;12;30;απεκριθη ο ιησους και ειπεν ου δι εμε αυτη η φωνη γεγονεν αλλα δι υμας
john;12;31;νυν κρισις εστιν του κοσμου τουτου νυν ο αρχων του κοσμου τουτου εκβληθησεται εξω
john;12;32;καγω εαν υψωθω εκ της γης παντας ελκυσω προς εμαυτον
john;12;33;τουτο δε ελεγεν σημαινων ποιω θανατω ημελλεν αποθνησκειν
john;12;34;απεκριθη αυτω ο οχλος ημεις ηκουσαμεν εκ του νομου οτι ο χριστος μενει εις τον αιωνα και πως συ λεγεις οτι δει υψωθηναι τον υιον του ανθρωπου τις εστιν ουτος ο υιος του ανθρωπου
john;12;35;ειπεν ουν αυτοις ο ιησους ετι μικρον χρονον το φως μεθ υμων εστιν περιπατειτε εως το φως εχετε ινα μη σκοτια υμας καταλαβη και ο περιπατων εν τη σκοτια ουκ οιδεν που υπαγει
john;12;36;εως το φως εχετε πιστευετε εις το φως ινα υιοι φωτος γενησθε ταυτα ελαλησεν ο ιησους και απελθων εκρυβη απ αυτων
john;12;37;τοσαυτα δε αυτου σημεια πεποιηκοτος εμπροσθεν αυτων ουκ επιστευον εις αυτον
john;12;38;ινα ο λογος ησαιου του προφητου πληρωθη ον ειπεν κυριε τις επιστευσεν τη ακοη ημων και ο βραχιων κυριου τινι απεκαλυφθη
john;12;39;δια τουτο ουκ ηδυναντο πιστευειν οτι παλιν ειπεν ησαιας
john;12;40;τετυφλωκεν αυτων τους οφθαλμους και πεπωρωκεν αυτων την καρδιαν ινα μη ιδωσιν τοις οφθαλμοις και νοησωσιν τη καρδια και επιστραφωσιν και ιασωμαι αυτους
john;12;41;ταυτα ειπεν ησαιας οτε ειδεν την δοξαν αυτου και ελαλησεν περι αυτου
john;12;42;ομως μεντοι και εκ των αρχοντων πολλοι επιστευσαν εις αυτον αλλα δια τους φαρισαιους ουχ ωμολογουν ινα μη αποσυναγωγοι γενωνται
john;12;43;ηγαπησαν γαρ την δοξαν των ανθρωπων μαλλον ηπερ την δοξαν του θεου
john;12;44;ιησους δε εκραξεν και ειπεν ο πιστευων εις εμε ου πιστευει εις εμε αλλ εις τον πεμψαντα με
john;12;45;και ο θεωρων εμε θεωρει τον πεμψαντα με
john;12;46;εγω φως εις τον κοσμον εληλυθα ινα πας ο πιστευων εις εμε εν τη σκοτια μη μεινη
john;12;47;και εαν τις μου ακουση των ρηματων και μη πιστευση εγω ου κρινω αυτον ου γαρ ηλθον ινα κρινω τον κοσμον αλλ ινα σωσω τον κοσμον
john;12;48;ο αθετων εμε και μη λαμβανων τα ρηματα μου εχει τον κρινοντα αυτον ο λογος ον ελαλησα εκεινος κρινει αυτον εν τη εσχατη ημερα
john;12;49;οτι εγω εξ εμαυτου ουκ ελαλησα αλλ ο πεμψας με πατηρ αυτος μοι εντολην εδωκεν τι ειπω και τι λαλησω
john;12;50;και οιδα οτι η εντολη αυτου ζωη αιωνιος εστιν α ουν λαλω εγω καθως ειρηκεν μοι ο πατηρ ουτως λαλω
john;13;1;προ δε της εορτης του πασχα ειδως ο ιησους οτι εληλυθεν αυτου η ωρα ινα μεταβη εκ του κοσμου τουτου προς τον πατερα αγαπησας τους ιδιους τους εν τω κοσμω εις τελος ηγαπησεν αυτους
john;13;2;και δειπνου γενομενου του διαβολου ηδη βεβληκοτος εις την καρδιαν ιουδα σιμωνος ισκαριωτου ινα αυτον παραδω
john;13;3;ειδως ο ιησους οτι παντα δεδωκεν αυτω ο πατηρ εις τας χειρας και οτι απο θεου εξηλθεν και προς τον θεον υπαγει
john;13;4;εγειρεται εκ του δειπνου και τιθησιν τα ιματια και λαβων λεντιον διεζωσεν εαυτον
john;13;5;ειτα βαλλει υδωρ εις τον νιπτηρα και ηρξατο νιπτειν τους ποδας των μαθητων και εκμασσειν τω λεντιω ω ην διεζωσμενος
john;13;6;ερχεται ουν προς σιμωνα πετρον και λεγει αυτω εκεινος κυριε συ μου νιπτεις τους ποδας
john;13;7;απεκριθη ιησους και ειπεν αυτω ο εγω ποιω συ ουκ οιδας αρτι γνωση δε μετα ταυτα
john;13;8;λεγει αυτω πετρος ου μη νιψης τους ποδας μου εις τον αιωνα απεκριθη αυτω ο ιησους εαν μη νιψω σε ουκ εχεις μερος μετ εμου
john;13;9;λεγει αυτω σιμων πετρος κυριε μη τους ποδας μου μονον αλλα και τας χειρας και την κεφαλην
john;13;10;λεγει αυτω ο ιησους ο λελουμενος ου χρειαν εχει η τους ποδας νιψασθαι αλλ εστιν καθαρος ολος και υμεις καθαροι εστε αλλ ουχι παντες
john;13;11;ηδει γαρ τον παραδιδοντα αυτον δια τουτο ειπεν ουχι παντες καθαροι εστε
john;13;12;οτε ουν ενιψεν τους ποδας αυτων και ελαβεν τα ιματια αυτου αναπεσων παλιν ειπεν αυτοις γινωσκετε τι πεποιηκα υμιν
john;13;13;υμεις φωνειτε με ο διδασκαλος και ο κυριος και καλως λεγετε ειμι γαρ
john;13;14;ει ουν εγω ενιψα υμων τους ποδας ο κυριος και ο διδασκαλος και υμεις οφειλετε αλληλων νιπτειν τους ποδας
john;13;15;υποδειγμα γαρ εδωκα υμιν ινα καθως εγω εποιησα υμιν και υμεις ποιητε
john;13;16;αμην αμην λεγω υμιν ουκ εστιν δουλος μειζων του κυριου αυτου ουδε αποστολος μειζων του πεμψαντος αυτον
john;13;17;ει ταυτα οιδατε μακαριοι εστε εαν ποιητε αυτα
john;13;18;ου περι παντων υμων λεγω εγω οιδα ους εξελεξαμην αλλ ινα η γραφη πληρωθη ο τρωγων μετ εμου τον αρτον επηρεν επ εμε την πτερναν αυτου
john;13;19;απ αρτι λεγω υμιν προ του γενεσθαι ινα οταν γενηται πιστευσητε οτι εγω ειμι
john;13;20;αμην αμην λεγω υμιν ο λαμβανων εαν τινα πεμψω εμε λαμβανει ο δε εμε λαμβανων λαμβανει τον πεμψαντα με
john;13;21;ταυτα ειπων ο ιησους εταραχθη τω πνευματι και εμαρτυρησεν και ειπεν αμην αμην λεγω υμιν οτι εις εξ υμων παραδωσει με
john;13;22;εβλεπον ουν εις αλληλους οι μαθηται απορουμενοι περι τινος λεγει
john;13;23;ην δε ανακειμενος εις των μαθητων αυτου εν τω κολπω του ιησου ον ηγαπα ο ιησους
john;13;24;νευει ουν τουτω σιμων πετρος πυθεσθαι τις αν ειη περι ου λεγει
john;13;25;επιπεσων δε εκεινος επι το στηθος του ιησου λεγει αυτω κυριε τις εστιν
john;13;26;αποκρινεται ο ιησους εκεινος εστιν ω εγω βαψας το ψωμιον επιδωσω και εμβαψας το ψωμιον διδωσιν ιουδα σιμωνος ισκαριωτη
john;13;27;και μετα το ψωμιον τοτε εισηλθεν εις εκεινον ο σατανας λεγει ουν αυτω ο ιησους ο ποιεις ποιησον ταχιον
john;13;28;τουτο δε ουδεις εγνω των ανακειμενων προς τι ειπεν αυτω
john;13;29;τινες γαρ εδοκουν επει το γλωσσοκομον ειχεν ο ιουδας οτι λεγει αυτω ο ιησους αγορασον ων χρειαν εχομεν εις την εορτην η τοις πτωχοις ινα τι δω
john;13;30;λαβων ουν το ψωμιον εκεινος ευθεως εξηλθεν ην δε νυξ
john;13;31;οτε εξηλθεν λεγει ο ιησους νυν εδοξασθη ο υιος του ανθρωπου και ο θεος εδοξασθη εν αυτω
john;13;32;ει ο θεος εδοξασθη εν αυτω και ο θεος δοξασει αυτον εν εαυτω και ευθυς δοξασει αυτον
john;13;33;τεκνια ετι μικρον μεθ υμων ειμι ζητησετε με και καθως ειπον τοις ιουδαιοις οτι οπου υπαγω εγω υμεις ου δυνασθε ελθειν και υμιν λεγω αρτι
john;13;34;εντολην καινην διδωμι υμιν ινα αγαπατε αλληλους καθως ηγαπησα υμας ινα και υμεις αγαπατε αλληλους
john;13;35;εν τουτω γνωσονται παντες οτι εμοι μαθηται εστε εαν αγαπην εχητε εν αλληλοις
john;13;36;λεγει αυτω σιμων πετρος κυριε που υπαγεις απεκριθη αυτω ο ιησους οπου υπαγω ου δυνασαι μοι νυν ακολουθησαι υστερον δε ακολουθησεις μοι
john;13;37;λεγει αυτω ο πετρος κυριε δια τι ου δυναμαι σοι ακολουθησαι αρτι την ψυχην μου υπερ σου θησω
john;13;38;απεκριθη αυτω ο ιησους την ψυχην σου υπερ εμου θησεις αμην αμην λεγω σοι ου μη αλεκτωρ φωνησει εως ου απαρνηση με τρις
john;14;1;μη ταρασσεσθω υμων η καρδια πιστευετε εις τον θεον και εις εμε πιστευετε
john;14;2;εν τη οικια του πατρος μου μοναι πολλαι εισιν ει δε μη ειπον αν υμιν πορευομαι ετοιμασαι τοπον υμιν
john;14;3;και εαν πορευθω και ετοιμασω υμιν τοπον παλιν ερχομαι και παραληψομαι υμας προς εμαυτον ινα οπου ειμι εγω και υμεις ητε
john;14;4;και οπου εγω υπαγω οιδατε και την οδον οιδατε
john;14;5;λεγει αυτω θωμας κυριε ουκ οιδαμεν που υπαγεις και πως δυναμεθα την οδον ειδεναι
john;14;6;λεγει αυτω ο ιησους εγω ειμι η οδος και η αληθεια και η ζωη ουδεις ερχεται προς τον πατερα ει μη δι εμου
john;14;7;ει εγνωκειτε με και τον πατερα μου εγνωκειτε αν και απ αρτι γινωσκετε αυτον και εωρακατε αυτον
john;14;8;λεγει αυτω φιλιππος κυριε δειξον ημιν τον πατερα και αρκει ημιν
john;14;9;λεγει αυτω ο ιησους τοσουτον χρονον μεθ υμων ειμι και ουκ εγνωκας με φιλιππε ο εωρακως εμε εωρακεν τον πατερα και πως συ λεγεις δειξον ημιν τον πατερα
john;14;10;ου πιστευεις οτι εγω εν τω πατρι και ο πατηρ εν εμοι εστιν τα ρηματα α εγω λαλω υμιν απ εμαυτου ου λαλω ο δε πατηρ ο εν εμοι μενων αυτος ποιει τα εργα
john;14;11;πιστευετε μοι οτι εγω εν τω πατρι και ο πατηρ εν εμοι ει δε μη δια τα εργα αυτα πιστευετε μοι
john;14;12;αμην αμην λεγω υμιν ο πιστευων εις εμε τα εργα α εγω ποιω κακεινος ποιησει και μειζονα τουτων ποιησει οτι εγω προς τον πατερα μου πορευομαι
john;14;13;και ο τι αν αιτησητε εν τω ονοματι μου τουτο ποιησω ινα δοξασθη ο πατηρ εν τω υιω
john;14;14;εαν τι αιτησητε εν τω ονοματι μου εγω ποιησω
john;14;15;εαν αγαπατε με τας εντολας τας εμας τηρησατε
john;14;16;και εγω ερωτησω τον πατερα και αλλον παρακλητον δωσει υμιν ινα μενη μεθ υμων εις τον αιωνα
john;14;17;το πνευμα της αληθειας ο ο κοσμος ου δυναται λαβειν οτι ου θεωρει αυτο ουδε γινωσκει αυτο υμεις δε γινωσκετε αυτο οτι παρ υμιν μενει και εν υμιν εσται
john;14;18;ουκ αφησω υμας ορφανους ερχομαι προς υμας
john;14;19;ετι μικρον και ο κοσμος με ουκ ετι θεωρει υμεις δε θεωρειτε με οτι εγω ζω και υμεις ζησεσθε
john;14;20;εν εκεινη τη ημερα γνωσεσθε υμεις οτι εγω εν τω πατρι μου και υμεις εν εμοι καγω εν υμιν
john;14;21;ο εχων τας εντολας μου και τηρων αυτας εκεινος εστιν ο αγαπων με ο δε αγαπων με αγαπηθησεται υπο του πατρος μου και εγω αγαπησω αυτον και εμφανισω αυτω εμαυτον
john;14;22;λεγει αυτω ιουδας ουχ ο ισκαριωτης κυριε τι γεγονεν οτι ημιν μελλεις εμφανιζειν σεαυτον και ουχι τω κοσμω
john;14;23;απεκριθη ο ιησους και ειπεν αυτω εαν τις αγαπα με τον λογον μου τηρησει και ο πατηρ μου αγαπησει αυτον και προς αυτον ελευσομεθα και μονην παρ αυτω ποιησομεν
john;14;24;ο μη αγαπων με τους λογους μου ου τηρει και ο λογος ον ακουετε ουκ εστιν εμος αλλα του πεμψαντος με πατρος
john;14;25;ταυτα λελαληκα υμιν παρ υμιν μενων
john;14;26;ο δε παρακλητος το πνευμα το αγιον ο πεμψει ο πατηρ εν τω ονοματι μου εκεινος υμας διδαξει παντα και υπομνησει υμας παντα α ειπον υμιν
john;14;27;ειρηνην αφιημι υμιν ειρηνην την εμην διδωμι υμιν ου καθως ο κοσμος διδωσιν εγω διδωμι υμιν μη ταρασσεσθω υμων η καρδια μηδε δειλιατω
john;14;28;ηκουσατε οτι εγω ειπον υμιν υπαγω και ερχομαι προς υμας ει ηγαπατε με εχαρητε αν οτι ειπον πορευομαι προς τον πατερα οτι ο πατηρ μου μειζων μου εστιν
john;14;29;και νυν ειρηκα υμιν πριν γενεσθαι ινα οταν γενηται πιστευσητε
john;14;30;ουκ ετι πολλα λαλησω μεθ υμων ερχεται γαρ ο του κοσμου τουτου αρχων και εν εμοι ουκ εχει ουδεν
john;14;31;αλλ ινα γνω ο κοσμος οτι αγαπω τον πατερα και καθως ενετειλατο μοι ο πατηρ ουτως ποιω εγειρεσθε αγωμεν εντευθεν
john;15;1;εγω ειμι η αμπελος η αληθινη και ο πατηρ μου ο γεωργος εστιν
john;15;2;παν κλημα εν εμοι μη φερον καρπον αιρει αυτο και παν το καρπον φερον καθαιρει αυτο ινα πλειονα καρπον φερη
john;15;3;ηδη υμεις καθαροι εστε δια τον λογον ον λελαληκα υμιν
john;15;4;μεινατε εν εμοι καγω εν υμιν καθως το κλημα ου δυναται καρπον φερειν αφ εαυτου εαν μη μεινη εν τη αμπελω ουτως ουδε υμεις εαν μη εν εμοι μεινητε
john;15;5;εγω ειμι η αμπελος υμεις τα κληματα ο μενων εν εμοι καγω εν αυτω ουτος φερει καρπον πολυν οτι χωρις εμου ου δυνασθε ποιειν ουδεν
john;15;6;εαν μη τις μεινη εν εμοι εβληθη εξω ως το κλημα και εξηρανθη και συναγουσιν αυτα και εις πυρ βαλλουσιν και καιεται
john;15;7;εαν μεινητε εν εμοι και τα ρηματα μου εν υμιν μεινη ο εαν θελητε αιτησεσθε και γενησεται υμιν
john;15;8;εν τουτω εδοξασθη ο πατηρ μου ινα καρπον πολυν φερητε και γενησεσθε εμοι μαθηται
john;15;9;καθως ηγαπησεν με ο πατηρ καγω ηγαπησα υμας μεινατε εν τη αγαπη τη εμη
john;15;10;εαν τας εντολας μου τηρησητε μενειτε εν τη αγαπη μου καθως εγω τας εντολας του πατρος μου τετηρηκα και μενω αυτου εν τη αγαπη
john;15;11;ταυτα λελαληκα υμιν ινα η χαρα η εμη εν υμιν μεινη και η χαρα υμων πληρωθη
john;15;12;αυτη εστιν η εντολη η εμη ινα αγαπατε αλληλους καθως ηγαπησα υμας
john;15;13;μειζονα ταυτης αγαπην ουδεις εχει ινα τις την ψυχην αυτου θη υπερ των φιλων αυτου
john;15;14;υμεις φιλοι μου εστε εαν ποιητε οσα εγω εντελλομαι υμιν
john;15;15;ουκετι υμας λεγω δουλους οτι ο δουλος ουκ οιδεν τι ποιει αυτου ο κυριος υμας δε ειρηκα φιλους οτι παντα α ηκουσα παρα του πατρος μου εγνωρισα υμιν
john;15;16;ουχ υμεις με εξελεξασθε αλλ εγω εξελεξαμην υμας και εθηκα υμας ινα υμεις υπαγητε και καρπον φερητε και ο καρπος υμων μενη ινα ο τι αν αιτησητε τον πατερα εν τω ονοματι μου δω υμιν
john;15;17;ταυτα εντελλομαι υμιν ινα αγαπατε αλληλους
john;15;18;ει ο κοσμος υμας μισει γινωσκετε οτι εμε πρωτον υμων μεμισηκεν
john;15;19;ει εκ του κοσμου ητε ο κοσμος αν το ιδιον εφιλει οτι δε εκ του κοσμου ουκ εστε αλλ εγω εξελεξαμην υμας εκ του κοσμου δια τουτο μισει υμας ο κοσμος
john;15;20;μνημονευετε του λογου ου εγω ειπον υμιν ουκ εστιν δουλος μειζων του κυριου αυτου ει εμε εδιωξαν και υμας διωξουσιν ει τον λογον μου ετηρησαν και τον υμετερον τηρησουσιν
john;15;21;αλλα ταυτα παντα ποιησουσιν υμιν δια το ονομα μου οτι ουκ οιδασιν τον πεμψαντα με
john;15;22;ει μη ηλθον και ελαλησα αυτοις αμαρτιαν ουκ ειχον νυν δε προφασιν ουκ εχουσιν περι της αμαρτιας αυτων
john;15;23;ο εμε μισων και τον πατερα μου μισει
john;15;24;ει τα εργα μη εποιησα εν αυτοις α ουδεις αλλος πεποιηκεν αμαρτιαν ουκ ειχον νυν δε και εωρακασιν και μεμισηκασιν και εμε και τον πατερα μου
john;15;25;αλλ ινα πληρωθη ο λογος ο γεγραμμενος εν τω νομω αυτων οτι εμισησαν με δωρεαν
john;15;26;οταν δε ελθη ο παρακλητος ον εγω πεμψω υμιν παρα του πατρος το πνευμα της αληθειας ο παρα του πατρος εκπορευεται εκεινος μαρτυρησει περι εμου
john;15;27;και υμεις δε μαρτυρειτε οτι απ αρχης μετ εμου εστε
john;16;1;ταυτα λελαληκα υμιν ινα μη σκανδαλισθητε
john;16;2;αποσυναγωγους ποιησουσιν υμας αλλ ερχεται ωρα ινα πας ο αποκτεινας υμας δοξη λατρειαν προσφερειν τω θεω
john;16;3;και ταυτα ποιησουσιν υμιν οτι ουκ εγνωσαν τον πατερα ουδε εμε
john;16;4;αλλα ταυτα λελαληκα υμιν ινα οταν ελθη η ωρα μνημονευητε αυτων οτι εγω ειπον υμιν ταυτα δε υμιν εξ αρχης ουκ ειπον οτι μεθ υμων ημην
john;16;5;νυν δε υπαγω προς τον πεμψαντα με και ουδεις εξ υμων ερωτα με που υπαγεις
john;16;6;αλλ οτι ταυτα λελαληκα υμιν η λυπη πεπληρωκεν υμων την καρδιαν
john;16;7;αλλ εγω την αληθειαν λεγω υμιν συμφερει υμιν ινα εγω απελθω εαν γαρ μη απελθω ο παρακλητος ουκ ελευσεται προς υμας εαν δε πορευθω πεμψω αυτον προς υμας
john;16;8;και ελθων εκεινος ελεγξει τον κοσμον περι αμαρτιας και περι δικαιοσυνης και περι κρισεως
john;16;9;περι αμαρτιας μεν οτι ου πιστευουσιν εις εμε
john;16;10;περι δικαιοσυνης δε οτι προς τον πατερα μου υπαγω και ουκ ετι θεωρειτε με
john;16;11;περι δε κρισεως οτι ο αρχων του κοσμου τουτου κεκριται
john;16;12;ετι πολλα εχω λεγειν υμιν αλλ ου δυνασθε βασταζειν αρτι
john;16;13;οταν δε ελθη εκεινος το πνευμα της αληθειας οδηγησει υμας εις πασαν την αληθειαν ου γαρ λαλησει αφ εαυτου αλλ οσα αν ακουση λαλησει και τα ερχομενα αναγγελει υμιν
john;16;14;εκεινος εμε δοξασει οτι εκ του εμου ληψεται και αναγγελει υμιν
john;16;15;παντα οσα εχει ο πατηρ εμα εστιν δια τουτο ειπον οτι εκ του εμου ληψεται και αναγγελει υμιν
john;16;16;μικρον και ου θεωρειτε με και παλιν μικρον και οψεσθε με οτι εγω υπαγω προς τον πατερα
john;16;17;ειπον ουν εκ των μαθητων αυτου προς αλληλους τι εστιν τουτο ο λεγει ημιν μικρον και ου θεωρειτε με και παλιν μικρον και οψεσθε με και οτι εγω υπαγω προς τον πατερα
john;16;18;ελεγον ουν τουτο τι εστιν ο λεγει το μικρον ουκ οιδαμεν τι λαλει
john;16;19;εγνω ουν ο ιησους οτι ηθελον αυτον ερωταν και ειπεν αυτοις περι τουτου ζητειτε μετ αλληλων οτι ειπον μικρον και ου θεωρειτε με και παλιν μικρον και οψεσθε με
john;16;20;αμην αμην λεγω υμιν οτι κλαυσετε και θρηνησετε υμεις ο δε κοσμος χαρησεται υμεις δε λυπηθησεσθε αλλ η λυπη υμων εις χαραν γενησεται
john;16;21;η γυνη οταν τικτη λυπην εχει οτι ηλθεν η ωρα αυτης οταν δε γεννηση το παιδιον ουκ ετι μνημονευει της θλιψεως δια την χαραν οτι εγεννηθη ανθρωπος εις τον κοσμον
john;16;22;και υμεις ουν λυπην μεν νυν εχετε παλιν δε οψομαι υμας και χαρησεται υμων η καρδια και την χαραν υμων ουδεις αιρει αφ υμων
john;16;23;και εν εκεινη τη ημερα εμε ουκ ερωτησετε ουδεν αμην αμην λεγω υμιν οτι οσα αν αιτησητε τον πατερα εν τω ονοματι μου δωσει υμιν
john;16;24;εως αρτι ουκ ητησατε ουδεν εν τω ονοματι μου αιτειτε και ληψεσθε ινα η χαρα υμων η πεπληρωμενη
john;16;25;ταυτα εν παροιμιαις λελαληκα υμιν ερχεται ωρα οτε ουκ ετι εν παροιμιαις λαλησω υμιν αλλα παρρησια περι του πατρος αναγγελω υμιν
john;16;26;εν εκεινη τη ημερα εν τω ονοματι μου αιτησεσθε και ου λεγω υμιν οτι εγω ερωτησω τον πατερα περι υμων
john;16;27;αυτος γαρ ο πατηρ φιλει υμας οτι υμεις εμε πεφιληκατε και πεπιστευκατε οτι εγω παρα του θεου εξηλθον
john;16;28;εξηλθον παρα του πατρος και εληλυθα εις τον κοσμον παλιν αφιημι τον κοσμον και πορευομαι προς τον πατερα
john;16;29;λεγουσιν αυτω οι μαθηται αυτου ιδε νυν παρρησια λαλεις και παροιμιαν ουδεμιαν λεγεις
john;16;30;νυν οιδαμεν οτι οιδας παντα και ου χρειαν εχεις ινα τις σε ερωτα εν τουτω πιστευομεν οτι απο θεου εξηλθες
john;16;31;απεκριθη αυτοις ο ιησους αρτι πιστευετε
john;16;32;ιδου ερχεται ωρα και νυν εληλυθεν ινα σκορπισθητε εκαστος εις τα ιδια και εμε μονον αφητε και ουκ ειμι μονος οτι ο πατηρ μετ εμου εστιν
john;16;33;ταυτα λελαληκα υμιν ινα εν εμοι ειρηνην εχητε εν τω κοσμω θλιψιν αλλα θαρσειτε εγω νενικηκα τον κοσμον
john;17;1;ταυτα ελαλησεν ο ιησους και επηρεν τους οφθαλμους αυτου εις τον ουρανον και ειπεν πατερ εληλυθεν η ωρα δοξασον σου τον υιον ινα και ο υιος σου δοξαση σε
john;17;2;καθως εδωκας αυτω εξουσιαν πασης σαρκος ινα παν ο δεδωκας αυτω δωση αυτοις ζωην αιωνιον
john;17;3;αυτη δε εστιν η αιωνιος ζωη ινα γινωσκωσιν σε τον μονον αληθινον θεον και ον απεστειλας ιησουν χριστον
john;17;4;εγω σε εδοξασα επι της γης το εργον ετελειωσα ο δεδωκας μοι ινα ποιησω
john;17;5;και νυν δοξασον με συ πατερ παρα σεαυτω τη δοξη η ειχον προ του τον κοσμον ειναι παρα σοι
john;17;6;εφανερωσα σου το ονομα τοις ανθρωποις ους δεδωκας μοι εκ του κοσμου σοι ησαν και εμοι αυτους δεδωκας και τον λογον σου τετηρηκασιν
john;17;7;νυν εγνωκαν οτι παντα οσα δεδωκας μοι παρα σου εστιν
john;17;8;οτι τα ρηματα α δεδωκας μοι δεδωκα αυτοις και αυτοι ελαβον και εγνωσαν αληθως οτι παρα σου εξηλθον και επιστευσαν οτι συ με απεστειλας
john;17;9;εγω περι αυτων ερωτω ου περι του κοσμου ερωτω αλλα περι ων δεδωκας μοι οτι σοι εισιν
john;17;10;και τα εμα παντα σα εστιν και τα σα εμα και δεδοξασμαι εν αυτοις
john;17;11;και ουκ ετι ειμι εν τω κοσμω και ουτοι εν τω κοσμω εισιν και εγω προς σε ερχομαι πατερ αγιε τηρησον αυτους εν τω ονοματι σου ους δεδωκας μοι ινα ωσιν εν καθως ημεις
john;17;12;οτε ημην μετ αυτων εν τω κοσμω εγω ετηρουν αυτους εν τω ονοματι σου ους δεδωκας μοι εφυλαξα και ουδεις εξ αυτων απωλετο ει μη ο υιος της απωλειας ινα η γραφη πληρωθη
john;17;13;νυν δε προς σε ερχομαι και ταυτα λαλω εν τω κοσμω ινα εχωσιν την χαραν την εμην πεπληρωμενην εν αυτοις
john;17;14;εγω δεδωκα αυτοις τον λογον σου και ο κοσμος εμισησεν αυτους οτι ουκ εισιν εκ του κοσμου καθως εγω ουκ ειμι εκ του κοσμου
john;17;15;ουκ ερωτω ινα αρης αυτους εκ του κοσμου αλλ ινα τηρησης αυτους εκ του πονηρου
john;17;16;εκ του κοσμου ουκ εισιν καθως εγω εκ του κοσμου ουκ ειμι
john;17;17;αγιασον αυτους εν τη αληθεια σου ο λογος ο σος αληθεια εστιν
john;17;18;καθως εμε απεστειλας εις τον κοσμον καγω απεστειλα αυτους εις τον κοσμον
john;17;19;και υπερ αυτων εγω αγιαζω εμαυτον ινα και αυτοι ωσιν ηγιασμενοι εν αληθεια
john;17;20;ου περι τουτων δε ερωτω μονον αλλα και περι των πιστευσοντων δια του λογου αυτων εις εμε
john;17;21;ινα παντες εν ωσιν καθως συ πατερ εν εμοι καγω εν σοι ινα και αυτοι εν ημιν εν ωσιν ινα ο κοσμος πιστευση οτι συ με απεστειλας
john;17;22;και εγω την δοξαν ην δεδωκας μοι δεδωκα αυτοις ινα ωσιν εν καθως ημεις εν εσμεν
john;17;23;εγω εν αυτοις και συ εν εμοι ινα ωσιν τετελειωμενοι εις εν και ινα γινωσκη ο κοσμος οτι συ με απεστειλας και ηγαπησας αυτους καθως εμε ηγαπησας
john;17;24;πατερ ους δεδωκας μοι θελω ινα οπου ειμι εγω κακεινοι ωσιν μετ εμου ινα θεωρωσιν την δοξαν την εμην ην εδωκας μοι οτι ηγαπησας με προ καταβολης κοσμου
john;17;25;πατερ δικαιε και ο κοσμος σε ουκ εγνω εγω δε σε εγνων και ουτοι εγνωσαν οτι συ με απεστειλας
john;17;26;και εγνωρισα αυτοις το ονομα σου και γνωρισω ινα η αγαπη ην ηγαπησας με εν αυτοις η καγω εν αυτοις
john;18;1;ταυτα ειπων ο ιησους εξηλθεν συν τοις μαθηταις αυτου περαν του χειμαρρου των κεδρων οπου ην κηπος εις ον εισηλθεν αυτος και οι μαθηται αυτου
john;18;2;ηδει δε και ιουδας ο παραδιδους αυτον τον τοπον οτι πολλακις συνηχθη ο ιησους εκει μετα των μαθητων αυτου
john;18;3;ο ουν ιουδας λαβων την σπειραν και εκ των αρχιερεων και φαρισαιων υπηρετας ερχεται εκει μετα φανων και λαμπαδων και οπλων
john;18;4;ιησους ουν ειδως παντα τα ερχομενα επ αυτον εξελθων ειπεν αυτοις τινα ζητειτε
john;18;5;απεκριθησαν αυτω ιησουν τον ναζωραιον λεγει αυτοις ο ιησους εγω ειμι ειστηκει δε και ιουδας ο παραδιδους αυτον μετ αυτων
john;18;6;ως ουν ειπεν αυτοις οτι εγω ειμι απηλθον εις τα οπισω και επεσον χαμαι
john;18;7;παλιν ουν αυτους επηρωτησεν τινα ζητειτε οι δε ειπον ιησουν τον ναζωραιον
john;18;8;απεκριθη ο ιησους ειπον υμιν οτι εγω ειμι ει ουν εμε ζητειτε αφετε τουτους υπαγειν
john;18;9;ινα πληρωθη ο λογος ον ειπεν οτι ους δεδωκας μοι ουκ απωλεσα εξ αυτων ουδενα
john;18;10;σιμων ουν πετρος εχων μαχαιραν ειλκυσεν αυτην και επαισεν τον του αρχιερεως δουλον και απεκοψεν αυτου το ωτιον το δεξιον ην δε ονομα τω δουλω μαλχος
john;18;11;ειπεν ουν ο ιησους τω πετρω βαλε την μαχαιραν σου εις την θηκην το ποτηριον ο δεδωκεν μοι ο πατηρ ου μη πιω αυτο
john;18;12;η ουν σπειρα και ο χιλιαρχος και οι υπηρεται των ιουδαιων συνελαβον τον ιησουν και εδησαν αυτον
john;18;13;και απηγαγον αυτον προς ανναν πρωτον ην γαρ πενθερος του καιαφα ος ην αρχιερευς του ενιαυτου εκεινου
john;18;14;ην δε καιαφας ο συμβουλευσας τοις ιουδαιοις οτι συμφερει ενα ανθρωπον απολεσθαι υπερ του λαου
john;18;15;ηκολουθει δε τω ιησου σιμων πετρος και αλλος μαθητης ο δε μαθητης εκεινος ην γνωστος τω αρχιερει και συνεισηλθεν τω ιησου εις την αυλην του αρχιερεως
john;18;16;ο δε πετρος ειστηκει προς τη θυρα εξω εξηλθεν ουν ο μαθητης ο αλλος ος ην γνωστος τω αρχιερει και ειπεν τη θυρωρω και εισηγαγεν τον πετρον
john;18;17;λεγει ουν η παιδισκη η θυρωρος τω πετρω μη και συ εκ των μαθητων ει του ανθρωπου τουτου λεγει εκεινος ουκ ειμι
john;18;18;ειστηκεισαν δε οι δουλοι και οι υπηρεται ανθρακιαν πεποιηκοτες οτι ψυχος ην και εθερμαινοντο ην δε μετ αυτων ο πετρος εστως και θερμαινομενος
john;18;19;ο ουν αρχιερευς ηρωτησεν τον ιησουν περι των μαθητων αυτου και περι της διδαχης αυτου
john;18;20;απεκριθη αυτω ο ιησους εγω παρρησια ελαλησα τω κοσμω εγω παντοτε εδιδαξα εν τη συναγωγη και εν τω ιερω οπου παντοτε οι ιουδαιοι συνερχονται και εν κρυπτω ελαλησα ουδεν
john;18;21;τι με επερωτας επερωτησον τους ακηκοοτας τι ελαλησα αυτοις ιδε ουτοι οιδασιν α ειπον εγω
john;18;22;ταυτα δε αυτου ειποντος εις των υπηρετων παρεστηκως εδωκεν ραπισμα τω ιησου ειπων ουτως αποκρινη τω αρχιερει
john;18;23;απεκριθη αυτω ο ιησους ει κακως ελαλησα μαρτυρησον περι του κακου ει δε καλως τι με δερεις
john;18;24;απεστειλεν αυτον ο αννας δεδεμενον προς καιαφαν τον αρχιερεα
john;18;25;ην δε σιμων πετρος εστως και θερμαινομενος ειπον ουν αυτω μη και συ εκ των μαθητων αυτου ει ηρνησατο εκεινος και ειπεν ουκ ειμι
john;18;26;λεγει εις εκ των δουλων του αρχιερεως συγγενης ων ου απεκοψεν πετρος το ωτιον ουκ εγω σε ειδον εν τω κηπω μετ αυτου
john;18;27;παλιν ουν ηρνησατο ο πετρος και ευθεως αλεκτωρ εφωνησεν
john;18;28;αγουσιν ουν τον ιησουν απο του καιαφα εις το πραιτωριον ην δε πρωια και αυτοι ουκ εισηλθον εις το πραιτωριον ινα μη μιανθωσιν αλλ ινα φαγωσιν το πασχα
john;18;29;εξηλθεν ουν ο πιλατος προς αυτους και ειπεν τινα κατηγοριαν φερετε κατα του ανθρωπου τουτου
john;18;30;απεκριθησαν και ειπον αυτω ει μη ην ουτος κακοποιος ουκ αν σοι παρεδωκαμεν αυτον
john;18;31;ειπεν ουν αυτοις ο πιλατος λαβετε αυτον υμεις και κατα τον νομον υμων κρινατε αυτον ειπον ουν αυτω οι ιουδαιοι ημιν ουκ εξεστιν αποκτειναι ουδενα
john;18;32;ινα ο λογος του ιησου πληρωθη ον ειπεν σημαινων ποιω θανατω ημελλεν αποθνησκειν
john;18;33;εισηλθεν ουν εις το πραιτωριον παλιν ο πιλατος και εφωνησεν τον ιησουν και ειπεν αυτω συ ει ο βασιλευς των ιουδαιων
john;18;34;απεκριθη αυτω ο ιησους αφ εαυτου συ τουτο λεγεις η αλλοι σοι ειπον περι εμου
john;18;35;απεκριθη ο πιλατος μητι εγω ιουδαιος ειμι το εθνος το σον και οι αρχιερεις παρεδωκαν σε εμοι τι εποιησας
john;18;36;απεκριθη ο ιησους η βασιλεια η εμη ουκ εστιν εκ του κοσμου τουτου ει εκ του κοσμου τουτου ην η βασιλεια η εμη οι υπηρεται αν οι εμοι ηγωνιζοντο ινα μη παραδοθω τοις ιουδαιοις νυν δε η βασιλεια η εμη ουκ εστιν εντευθεν
john;18;37;ειπεν ουν αυτω ο πιλατος ουκουν βασιλευς ει συ απεκριθη ο ιησους συ λεγεις οτι βασιλευς ειμι εγω εγω εις τουτο γεγεννημαι και εις τουτο εληλυθα εις τον κοσμον ινα μαρτυρησω τη αληθεια πας ο ων εκ της αληθειας ακουει μου της φωνης
john;18;38;λεγει αυτω ο πιλατος τι εστιν αληθεια και τουτο ειπων παλιν εξηλθεν προς τους ιουδαιους και λεγει αυτοις εγω ουδεμιαν αιτιαν ευρισκω εν αυτω
john;18;39;εστιν δε συνηθεια υμιν ινα ενα υμιν απολυσω εν τω πασχα βουλεσθε ουν υμιν απολυσω τον βασιλεα των ιουδαιων
john;18;40;εκραυγασαν ουν παλιν παντες λεγοντες μη τουτον αλλα τον βαραββαν ην δε ο βαραββας ληστης
john;19;1;τοτε ουν ελαβεν ο πιλατος τον ιησουν και εμαστιγωσεν
john;19;2;και οι στρατιωται πλεξαντες στεφανον εξ ακανθων επεθηκαν αυτου τη κεφαλη και ιματιον πορφυρουν περιεβαλον αυτον
john;19;3;και ελεγον χαιρε ο βασιλευς των ιουδαιων και εδιδουν αυτω ραπισματα
john;19;4;εξηλθεν ουν παλιν εξω ο πιλατος και λεγει αυτοις ιδε αγω υμιν αυτον εξω ινα γνωτε οτι εν αυτω ουδεμιαν αιτιαν ευρισκω
john;19;5;εξηλθεν ουν ο ιησους εξω φορων τον ακανθινον στεφανον και το πορφυρουν ιματιον και λεγει αυτοις ιδε ο ανθρωπος
john;19;6;οτε ουν ειδον αυτον οι αρχιερεις και οι υπηρεται εκραυγασαν λεγοντες σταυρωσον σταυρωσον λεγει αυτοις ο πιλατος λαβετε αυτον υμεις και σταυρωσατε εγω γαρ ουχ ευρισκω εν αυτω αιτιαν
john;19;7;απεκριθησαν αυτω οι ιουδαιοι ημεις νομον εχομεν και κατα τον νομον ημων οφειλει αποθανειν οτι εαυτον υιον θεου εποιησεν
john;19;8;οτε ουν ηκουσεν ο πιλατος τουτον τον λογον μαλλον εφοβηθη
john;19;9;και εισηλθεν εις το πραιτωριον παλιν και λεγει τω ιησου ποθεν ει συ ο δε ιησους αποκρισιν ουκ εδωκεν αυτω
john;19;10;λεγει ουν αυτω ο πιλατος εμοι ου λαλεις ουκ οιδας οτι εξουσιαν εχω σταυρωσαι σε και εξουσιαν εχω απολυσαι σε
john;19;11;απεκριθη ο ιησους ουκ ειχες εξουσιαν ουδεμιαν κατ εμου ει μη ην σοι δεδομενον ανωθεν δια τουτο ο παραδιδους με σοι μειζονα αμαρτιαν εχει
john;19;12;εκ τουτου εζητει ο πιλατος απολυσαι αυτον οι δε ιουδαιοι εκραζον λεγοντες εαν τουτον απολυσης ουκ ει φιλος του καισαρος πας ο βασιλεα αυτον ποιων αντιλεγει τω καισαρι
john;19;13;ο ουν πιλατος ακουσας τουτον τον λογον ηγαγεν εξω τον ιησουν και εκαθισεν επι του βηματος εις τοπον λεγομενον λιθοστρωτον εβραιστι δε γαββαθα
john;19;14;ην δε παρασκευη του πασχα ωρα δε ωσει εκτη και λεγει τοις ιουδαιοις ιδε ο βασιλευς υμων
john;19;15;οι δε εκραυγασαν αρον αρον σταυρωσον αυτον λεγει αυτοις ο πιλατος τον βασιλεα υμων σταυρωσω απεκριθησαν οι αρχιερεις ουκ εχομεν βασιλεα ει μη καισαρα
john;19;16;τοτε ουν παρεδωκεν αυτον αυτοις ινα σταυρωθη παρελαβον δε τον ιησουν και απηγαγον
john;19;17;και βασταζων τον σταυρον αυτου εξηλθεν εις τον λεγομενον κρανιου τοπον ος λεγεται εβραιστι γολγοθα
john;19;18;οπου αυτον εσταυρωσαν και μετ αυτου αλλους δυο εντευθεν και εντευθεν μεσον δε τον ιησουν
john;19;19;εγραψεν δε και τιτλον ο πιλατος και εθηκεν επι του σταυρου ην δε γεγραμμενον ιησους ο ναζωραιος ο βασιλευς των ιουδαιων
john;19;20;τουτον ουν τον τιτλον πολλοι ανεγνωσαν των ιουδαιων οτι εγγυς ην της πολεως ο τοπος οπου εσταυρωθη ο ιησους και ην γεγραμμενον εβραιστι ελληνιστι ρωμαιστι
john;19;21;ελεγον ουν τω πιλατω οι αρχιερεις των ιουδαιων μη γραφε ο βασιλευς των ιουδαιων αλλ οτι εκεινος ειπεν βασιλευς ειμι των ιουδαιων
john;19;22;απεκριθη ο πιλατος ο γεγραφα γεγραφα
john;19;23;οι ουν στρατιωται οτε εσταυρωσαν τον ιησουν ελαβον τα ιματια αυτου και εποιησαν τεσσαρα μερη εκαστω στρατιωτη μερος και τον χιτωνα ην δε ο χιτων αρραφος εκ των ανωθεν υφαντος δι ολου
john;19;24;ειπον ουν προς αλληλους μη σχισωμεν αυτον αλλα λαχωμεν περι αυτου τινος εσται ινα η γραφη πληρωθη η λεγουσα διεμερισαντο τα ιματια μου εαυτοις και επι τον ιματισμον μου εβαλον κληρον οι μεν ουν στρατιωται ταυτα εποιησαν
john;19;25;ειστηκεισαν δε παρα τω σταυρω του ιησου η μητηρ αυτου και η αδελφη της μητρος αυτου μαρια η του κλωπα και μαρια η μαγδαληνη
john;19;26;ιησους ουν ιδων την μητερα και τον μαθητην παρεστωτα ον ηγαπα λεγει τη μητρι αυτου γυναι ιδου ο υιος σου
john;19;27;ειτα λεγει τω μαθητη ιδου η μητηρ σου και απ εκεινης της ωρας ελαβεν αυτην ο μαθητης εις τα ιδια
john;19;28;μετα τουτο ειδως ο ιησους οτι παντα ηδη τετελεσται ινα τελειωθη η γραφη λεγει διψω
john;19;29;σκευος ουν εκειτο οξους μεστον οι δε πλησαντες σπογγον οξους και υσσωπω περιθεντες προσηνεγκαν αυτου τω στοματι
john;19;30;οτε ουν ελαβεν το οξος ο ιησους ειπεν τετελεσται και κλινας την κεφαλην παρεδωκεν το πνευμα
john;19;31;οι ουν ιουδαιοι ινα μη μεινη επι του σταυρου τα σωματα εν τω σαββατω ην γαρ μεγαλη η ημερα εκεινου του σαββατου ηρωτησαν τον πιλατον ινα κατεαγωσιν αυτων τα σκελη και αρθωσιν
john;19;32;ηλθον ουν οι στρατιωται και του μεν πρωτου κατεαξαν τα σκελη και του αλλου του συσταυρωθεντος αυτω
john;19;33;επι δε τον ιησουν ελθοντες ως ειδον αυτον ηδη τεθνηκοτα ου κατεαξαν αυτου τα σκελη
john;19;34;αλλ εις των στρατιωτων λογχη αυτου την πλευραν ενυξεν και ευθυς εξηλθεν αιμα και υδωρ
john;19;35;και ο εωρακως μεμαρτυρηκεν και αληθινη αυτου εστιν η μαρτυρια κακεινος οιδεν οτι αληθη λεγει ινα υμεις πιστευσητε
john;19;36;εγενετο γαρ ταυτα ινα η γραφη πληρωθη οστουν ου συντριβησεται αυτου
john;19;37;και παλιν ετερα γραφη λεγει οψονται εις ον εξεκεντησαν
john;19;38;μετα δε ταυτα ηρωτησεν τον πιλατον ο ιωσηφ ο απο αριμαθαιας ων μαθητης του ιησου κεκρυμμενος δε δια τον φοβον των ιουδαιων ινα αρη το σωμα του ιησου και επετρεψεν ο πιλατος ηλθεν ουν και ηρεν το σωμα του ιησου
john;19;39;ηλθεν δε και νικοδημος ο ελθων προς τον ιησουν νυκτος το πρωτον φερων μιγμα σμυρνης και αλοης ωσει λιτρας εκατον
john;19;40;ελαβον ουν το σωμα του ιησου και εδησαν αυτο οθονιοις μετα των αρωματων καθως εθος εστιν τοις ιουδαιοις ενταφιαζειν
john;19;41;ην δε εν τω τοπω οπου εσταυρωθη κηπος και εν τω κηπω μνημειον καινον εν ω ουδεπω ουδεις ετεθη
john;19;42;εκει ουν δια την παρασκευην των ιουδαιων οτι εγγυς ην το μνημειον εθηκαν τον ιησουν
john;20;1;τη δε μια των σαββατων μαρια η μαγδαληνη ερχεται πρωι σκοτιας ετι ουσης εις το μνημειον και βλεπει τον λιθον ηρμενον εκ του μνημειου
john;20;2;τρεχει ουν και ερχεται προς σιμωνα πετρον και προς τον αλλον μαθητην ον εφιλει ο ιησους και λεγει αυτοις ηραν τον κυριον εκ του μνημειου και ουκ οιδαμεν που εθηκαν αυτον
john;20;3;εξηλθεν ουν ο πετρος και ο αλλος μαθητης και ηρχοντο εις το μνημειον
john;20;4;ετρεχον δε οι δυο ομου και ο αλλος μαθητης προεδραμεν ταχιον του πετρου και ηλθεν πρωτος εις το μνημειον
john;20;5;και παρακυψας βλεπει κειμενα τα οθονια ου μεντοι εισηλθεν
john;20;6;ερχεται ουν σιμων πετρος ακολουθων αυτω και εισηλθεν εις το μνημειον και θεωρει τα οθονια κειμενα
john;20;7;και το σουδαριον ο ην επι της κεφαλης αυτου ου μετα των οθονιων κειμενον αλλα χωρις εντετυλιγμενον εις ενα τοπον
john;20;8;τοτε ουν εισηλθεν και ο αλλος μαθητης ο ελθων πρωτος εις το μνημειον και ειδεν και επιστευσεν
john;20;9;ουδεπω γαρ ηδεισαν την γραφην οτι δει αυτον εκ νεκρων αναστηναι
john;20;10;απηλθον ουν παλιν προς εαυτους οι μαθηται
john;20;11;μαρια δε ειστηκει προς το μνημειον κλαιουσα εξω ως ουν εκλαιεν παρεκυψεν εις το μνημειον
john;20;12;και θεωρει δυο αγγελους εν λευκοις καθεζομενους ενα προς τη κεφαλη και ενα προς τοις ποσιν οπου εκειτο το σωμα του ιησου
john;20;13;και λεγουσιν αυτη εκεινοι γυναι τι κλαιεις λεγει αυτοις οτι ηραν τον κυριον μου και ουκ οιδα που εθηκαν αυτον
john;20;14;και ταυτα ειπουσα εστραφη εις τα οπισω και θεωρει τον ιησουν εστωτα και ουκ ηδει οτι ο ιησους εστιν
john;20;15;λεγει αυτη ο ιησους γυναι τι κλαιεις τινα ζητεις εκεινη δοκουσα οτι ο κηπουρος εστιν λεγει αυτω κυριε ει συ εβαστασας αυτον ειπε μοι που αυτον εθηκας καγω αυτον αρω
john;20;16;λεγει αυτη ο ιησους μαρια στραφεισα εκεινη λεγει αυτω ραββουνι ο λεγεται διδασκαλε
john;20;17;λεγει αυτη ο ιησους μη μου απτου ουπω γαρ αναβεβηκα προς τον πατερα μου πορευου δε προς τους αδελφους μου και ειπε αυτοις αναβαινω προς τον πατερα μου και πατερα υμων και θεον μου και θεον υμων
john;20;18;ερχεται μαρια η μαγδαληνη απαγγελλουσα τοις μαθηταις οτι εωρακεν τον κυριον και ταυτα ειπεν αυτη
john;20;19;ουσης ουν οψιας τη ημερα εκεινη τη μια των σαββατων και των θυρων κεκλεισμενων οπου ησαν οι μαθηται συνηγμενοι δια τον φοβον των ιουδαιων ηλθεν ο ιησους και εστη εις το μεσον και λεγει αυτοις ειρηνη υμιν
john;20;20;και τουτο ειπων εδειξεν αυτοις τας χειρας και την πλευραν αυτου εχαρησαν ουν οι μαθηται ιδοντες τον κυριον
john;20;21;ειπεν ουν αυτοις ο ιησους παλιν ειρηνη υμιν καθως απεσταλκεν με ο πατηρ καγω πεμπω υμας
john;20;22;και τουτο ειπων ενεφυσησεν και λεγει αυτοις λαβετε πνευμα αγιον
john;20;23;αν τινων αφητε τας αμαρτιας αφιενται αυτοις αν τινων κρατητε κεκρατηνται
john;20;24;θωμας δε εις εκ των δωδεκα ο λεγομενος διδυμος ουκ ην μετ αυτων οτε ηλθεν ο ιησους
john;20;25;ελεγον ουν αυτω οι αλλοι μαθηται εωρακαμεν τον κυριον ο δε ειπεν αυτοις εαν μη ιδω εν ταις χερσιν αυτου τον τυπον των ηλων και βαλω τον δακτυλον μου εις τον τυπον των ηλων και βαλω την χειρα μου εις την πλευραν αυτου ου μη πιστευσω
john;20;26;και μεθ ημερας οκτω παλιν ησαν εσω οι μαθηται αυτου και θωμας μετ αυτων ερχεται ο ιησους των θυρων κεκλεισμενων και εστη εις το μεσον και ειπεν ειρηνη υμιν
john;20;27;ειτα λεγει τω θωμα φερε τον δακτυλον σου ωδε και ιδε τας χειρας μου και φερε την χειρα σου και βαλε εις την πλευραν μου και μη γινου απιστος αλλα πιστος
john;20;28;και απεκριθη ο θωμας και ειπεν αυτω ο κυριος μου και ο θεος μου
john;20;29;λεγει αυτω ο ιησους οτι εωρακας με θωμα πεπιστευκας μακαριοι οι μη ιδοντες και πιστευσαντες
john;20;30;πολλα μεν ουν και αλλα σημεια εποιησεν ο ιησους ενωπιον των μαθητων αυτου α ουκ εστιν γεγραμμενα εν τω βιβλιω τουτω
john;20;31;ταυτα δε γεγραπται ινα πιστευσητε οτι ο ιησους εστιν ο χριστος ο υιος του θεου και ινα πιστευοντες ζωην εχητε εν τω ονοματι αυτου
john;21;1;μετα ταυτα εφανερωσεν εαυτον παλιν ο ιησους τοις μαθηταις επι της θαλασσης της τιβεριαδος εφανερωσεν δε ουτως
john;21;2;ησαν ομου σιμων πετρος και θωμας ο λεγομενος διδυμος και ναθαναηλ ο απο κανα της γαλιλαιας και οι του ζεβεδαιου και αλλοι εκ των μαθητων αυτου δυο
john;21;3;λεγει αυτοις σιμων πετρος υπαγω αλιευειν λεγουσιν αυτω ερχομεθα και ημεις συν σοι εξηλθον και ανεβησαν εις το πλοιον ευθυς και εν εκεινη τη νυκτι επιασαν ουδεν
john;21;4;πρωιας δε ηδη γενομενης εστη ο ιησους εις τον αιγιαλον ου μεντοι ηδεισαν οι μαθηται οτι ιησους εστιν
john;21;5;λεγει ουν αυτοις ο ιησους παιδια μη τι προσφαγιον εχετε απεκριθησαν αυτω ου
john;21;6;ο δε ειπεν αυτοις βαλετε εις τα δεξια μερη του πλοιου το δικτυον και ευρησετε εβαλον ουν και ουκ ετι αυτο ελκυσαι ισχυσαν απο του πληθους των ιχθυων
john;21;7;λεγει ουν ο μαθητης εκεινος ον ηγαπα ο ιησους τω πετρω ο κυριος εστιν σιμων ουν πετρος ακουσας οτι ο κυριος εστιν τον επενδυτην διεζωσατο ην γαρ γυμνος και εβαλεν εαυτον εις την θαλασσαν
john;21;8;οι δε αλλοι μαθηται τω πλοιαριω ηλθον ου γαρ ησαν μακραν απο της γης αλλ ως απο πηχων διακοσιων συροντες το δικτυον των ιχθυων
john;21;9;ως ουν απεβησαν εις την γην βλεπουσιν ανθρακιαν κειμενην και οψαριον επικειμενον και αρτον
john;21;10;λεγει αυτοις ο ιησους ενεγκατε απο των οψαριων ων επιασατε νυν
john;21;11;ανεβη σιμων πετρος και ειλκυσεν το δικτυον επι της γης μεστον ιχθυων μεγαλων εκατον πεντηκοντατριων και τοσουτων οντων ουκ εσχισθη το δικτυον
john;21;12;λεγει αυτοις ο ιησους δευτε αριστησατε ουδεις δε ετολμα των μαθητων εξετασαι αυτον συ τις ει ειδοτες οτι ο κυριος εστιν
john;21;13;ερχεται ουν ο ιησους και λαμβανει τον αρτον και διδωσιν αυτοις και το οψαριον ομοιως
john;21;14;τουτο ηδη τριτον εφανερωθη ο ιησους τοις μαθηταις αυτου εγερθεις εκ νεκρων
john;21;15;οτε ουν ηριστησαν λεγει τω σιμωνι πετρω ο ιησους σιμων ιωνα αγαπας με πλειον τουτων λεγει αυτω ναι κυριε συ οιδας οτι φιλω σε λεγει αυτω βοσκε τα αρνια μου
john;21;16;λεγει αυτω παλιν δευτερον σιμων ιωνα αγαπας με λεγει αυτω ναι κυριε συ οιδας οτι φιλω σε λεγει αυτω ποιμαινε τα προβατα μου
john;21;17;λεγει αυτω το τριτον σιμων ιωνα φιλεις με ελυπηθη ο πετρος οτι ειπεν αυτω το τριτον φιλεις με και ειπεν αυτω κυριε συ παντα οιδας συ γινωσκεις οτι φιλω σε λεγει αυτω ο ιησους βοσκε τα προβατα μου
john;21;18;αμην αμην λεγω σοι οτε ης νεωτερος εζωννυες σεαυτον και περιεπατεις οπου ηθελες οταν δε γηρασης εκτενεις τας χειρας σου και αλλος σε ζωσει και οισει οπου ου θελεις
john;21;19;τουτο δε ειπεν σημαινων ποιω θανατω δοξασει τον θεον και τουτο ειπων λεγει αυτω ακολουθει μοι
john;21;20;επιστραφεις δε ο πετρος βλεπει τον μαθητην ον ηγαπα ο ιησους ακολουθουντα ος και ανεπεσεν εν τω δειπνω επι το στηθος αυτου και ειπεν κυριε τις εστιν ο παραδιδους σε
john;21;21;τουτον ιδων ο πετρος λεγει τω ιησου κυριε ουτος δε τι
john;21;22;λεγει αυτω ο ιησους εαν αυτον θελω μενειν εως ερχομαι τι προς σε συ ακολουθει μοι
john;21;23;εξηλθεν ουν ο λογος ουτος εις τους αδελφους οτι ο μαθητης εκεινος ουκ αποθνησκει και ουκ ειπεν αυτω ο ιησους οτι ουκ αποθνησκει αλλ εαν αυτον θελω μενειν εως ερχομαι τι προς σε
john;21;24;ουτος εστιν ο μαθητης ο μαρτυρων περι τουτων και γραψας ταυτα και οιδαμεν οτι αληθης εστιν η μαρτυρια αυτου
john;21;25;εστιν δε και αλλα πολλα οσα εποιησεν ο ιησους ατινα εαν γραφηται καθ εν ουδε αυτον οιμαι τον κοσμον χωρησαι τα γραφομενα βιβλια αμην
romans;1;1;παυλος δουλος ιησου χριστου κλητος αποστολος αφωρισμενος εις ευαγγελιον θεου
romans;1;2;ο προεπηγγειλατο δια των προφητων αυτου εν γραφαις αγιαις
romans;1;3;περι του υιου αυτου του γενομενου εκ σπερματος δαβιδ κατα σαρκα
romans;1;4;του ορισθεντος υιου θεου εν δυναμει κατα πνευμα αγιωσυνης εξ αναστασεως νεκρων ιησου χριστου του κυριου ημων
romans;1;5;δι ου ελαβομεν χαριν και αποστολην εις υπακοην πιστεως εν πασιν τοις εθνεσιν υπερ του ονοματος αυτου
romans;1;6;εν οις εστε και υμεις κλητοι ιησου χριστου
romans;1;7;πασιν τοις ουσιν εν ρωμη αγαπητοις θεου κλητοις αγιοις χαρις υμιν και ειρηνη απο θεου πατρος ημων και κυριου ιησου χριστου
romans;1;8;πρωτον μεν ευχαριστω τω θεω μου δια ιησου χριστου υπερ παντων υμων οτι η πιστις υμων καταγγελλεται εν ολω τω κοσμω
romans;1;9;μαρτυς γαρ μου εστιν ο θεος ω λατρευω εν τω πνευματι μου εν τω ευαγγελιω του υιου αυτου ως αδιαλειπτως μνειαν υμων ποιουμαι
romans;1;10;παντοτε επι των προσευχων μου δεομενος ειπως ηδη ποτε ευοδωθησομαι εν τω θεληματι του θεου ελθειν προς υμας
romans;1;11;επιποθω γαρ ιδειν υμας ινα τι μεταδω χαρισμα υμιν πνευματικον εις το στηριχθηναι υμας
romans;1;12;τουτο δε εστιν συμπαρακληθηναι εν υμιν δια της εν αλληλοις πιστεως υμων τε και εμου
romans;1;13;ου θελω δε υμας αγνοειν αδελφοι οτι πολλακις προεθεμην ελθειν προς υμας και εκωλυθην αχρι του δευρο ινα καρπον τινα σχω και εν υμιν καθως και εν τοις λοιποις εθνεσιν
romans;1;14;ελλησιν τε και βαρβαροις σοφοις τε και ανοητοις οφειλετης ειμι
romans;1;15;ουτως το κατ εμε προθυμον και υμιν τοις εν ρωμη ευαγγελισασθαι
romans;1;16;ου γαρ επαισχυνομαι το ευαγγελιον του χριστου δυναμις γαρ θεου εστιν εις σωτηριαν παντι τω πιστευοντι ιουδαιω τε πρωτον και ελληνι
romans;1;17;δικαιοσυνη γαρ θεου εν αυτω αποκαλυπτεται εκ πιστεως εις πιστιν καθως γεγραπται ο δε δικαιος εκ πιστεως ζησεται
romans;1;18;αποκαλυπτεται γαρ οργη θεου απ ουρανου επι πασαν ασεβειαν και αδικιαν ανθρωπων των την αληθειαν εν αδικια κατεχοντων
romans;1;19;διοτι το γνωστον του θεου φανερον εστιν εν αυτοις ο γαρ θεος αυτοις εφανερωσεν
romans;1;20;τα γαρ αορατα αυτου απο κτισεως κοσμου τοις ποιημασιν νοουμενα καθοραται η τε αιδιος αυτου δυναμις και θειοτης εις το ειναι αυτους αναπολογητους
romans;1;21;διοτι γνοντες τον θεον ουχ ως θεον εδοξασαν η ευχαριστησαν αλλ εματαιωθησαν εν τοις διαλογισμοις αυτων και εσκοτισθη η ασυνετος αυτων καρδια
romans;1;22;φασκοντες ειναι σοφοι εμωρανθησαν
romans;1;23;και ηλλαξαν την δοξαν του αφθαρτου θεου εν ομοιωματι εικονος φθαρτου ανθρωπου και πετεινων και τετραποδων και ερπετων
romans;1;24;διο και παρεδωκεν αυτους ο θεος εν ταις επιθυμιαις των καρδιων αυτων εις ακαθαρσιαν του ατιμαζεσθαι τα σωματα αυτων εν εαυτοις
romans;1;25;οιτινες μετηλλαξαν την αληθειαν του θεου εν τω ψευδει και εσεβασθησαν και ελατρευσαν τη κτισει παρα τον κτισαντα ος εστιν ευλογητος εις τους αιωνας αμην
romans;1;26;δια τουτο παρεδωκεν αυτους ο θεος εις παθη ατιμιας αι τε γαρ θηλειαι αυτων μετηλλαξαν την φυσικην χρησιν εις την παρα φυσιν
romans;1;27;ομοιως τε και οι αφεντες την φυσικην χρησιν της θηλειας εξεκαυθησαν εν τη ορεξει αυτων εις αλληλους αρσενες εν αρσεσιν την ασχημοσυνην κατεργαζομενοι και την αντιμισθιαν ην εδει της πλανης αυτων εν εαυτοις απολαμβανοντες
romans;1;28;και καθως ουκ εδοκιμασαν τον θεον εχειν εν επιγνωσει παρεδωκεν αυτους ο θεος εις αδοκιμον νουν ποιειν τα μη καθηκοντα
romans;1;29;πεπληρωμενους παση αδικια πορνεια πονηρια πλεονεξια κακια μεστους φθονου φονου εριδος δολου κακοηθειας ψιθυριστας
romans;1;30;καταλαλους θεοστυγεις υβριστας υπερηφανους αλαζονας εφευρετας κακων γονευσιν απειθεις
romans;1;31;ασυνετους ασυνθετους αστοργους ασπονδους ανελεημονας
romans;1;32;οιτινες το δικαιωμα του θεου επιγνοντες οτι οι τα τοιαυτα πρασσοντες αξιοι θανατου εισιν ου μονον αυτα ποιουσιν αλλα και συνευδοκουσιν τοις πρασσουσιν
romans;2;1;διο αναπολογητος ει ω ανθρωπε πας ο κρινων εν ω γαρ κρινεις τον ετερον σεαυτον κατακρινεις τα γαρ αυτα πρασσεις ο κρινων
romans;2;2;οιδαμεν δε οτι το κριμα του θεου εστιν κατα αληθειαν επι τους τα τοιαυτα πρασσοντας
romans;2;3;λογιζη δε τουτο ω ανθρωπε ο κρινων τους τα τοιαυτα πρασσοντας και ποιων αυτα οτι συ εκφευξη το κριμα του θεου
romans;2;4;η του πλουτου της χρηστοτητος αυτου και της ανοχης και της μακροθυμιας καταφρονεις αγνοων οτι το χρηστον του θεου εις μετανοιαν σε αγει
romans;2;5;κατα δε την σκληροτητα σου και αμετανοητον καρδιαν θησαυριζεις σεαυτω οργην εν ημερα οργης και αποκαλυψεως δικαιοκρισιας του θεου
romans;2;6;ος αποδωσει εκαστω κατα τα εργα αυτου
romans;2;7;τοις μεν καθ υπομονην εργου αγαθου δοξαν και τιμην και αφθαρσιαν ζητουσιν ζωην αιωνιον
romans;2;8;τοις δε εξ εριθειας και απειθουσιν μεν τη αληθεια πειθομενοις δε τη αδικια θυμος και οργη
romans;2;9;θλιψις και στενοχωρια επι πασαν ψυχην ανθρωπου του κατεργαζομενου το κακον ιουδαιου τε πρωτον και ελληνος
romans;2;10;δοξα δε και τιμη και ειρηνη παντι τω εργαζομενω το αγαθον ιουδαιω τε πρωτον και ελληνι
romans;2;11;ου γαρ εστιν προσωποληψια παρα τω θεω
romans;2;12;οσοι γαρ ανομως ημαρτον ανομως και απολουνται και οσοι εν νομω ημαρτον δια νομου κριθησονται
romans;2;13;ου γαρ οι ακροαται του νομου δικαιοι παρα τω θεω αλλ οι ποιηται του νομου δικαιωθησονται
romans;2;14;οταν γαρ εθνη τα μη νομον εχοντα φυσει τα του νομου ποιη ουτοι νομον μη εχοντες εαυτοις εισιν νομος
romans;2;15;οιτινες ενδεικνυνται το εργον του νομου γραπτον εν ταις καρδιαις αυτων συμμαρτυρουσης αυτων της συνειδησεως και μεταξυ αλληλων των λογισμων κατηγορουντων η και απολογουμενων
romans;2;16;εν ημερα οτε κρινει ο θεος τα κρυπτα των ανθρωπων κατα το ευαγγελιον μου δια ιησου χριστου
romans;2;17;ιδε συ ιουδαιος επονομαζη και επαναπαυη τω νομω και καυχασαι εν θεω
romans;2;18;και γινωσκεις το θελημα και δοκιμαζεις τα διαφεροντα κατηχουμενος εκ του νομου
romans;2;19;πεποιθας τε σεαυτον οδηγον ειναι τυφλων φως των εν σκοτει
romans;2;20;παιδευτην αφρονων διδασκαλον νηπιων εχοντα την μορφωσιν της γνωσεως και της αληθειας εν τω νομω
romans;2;21;ο ουν διδασκων ετερον σεαυτον ου διδασκεις ο κηρυσσων μη κλεπτειν κλεπτεις
romans;2;22;ο λεγων μη μοιχευειν μοιχευεις ο βδελυσσομενος τα ειδωλα ιεροσυλεις
romans;2;23;ος εν νομω καυχασαι δια της παραβασεως του νομου τον θεον ατιμαζεις
romans;2;24;το γαρ ονομα του θεου δι υμας βλασφημειται εν τοις εθνεσιν καθως γεγραπται
romans;2;25;περιτομη μεν γαρ ωφελει εαν νομον πρασσης εαν δε παραβατης νομου ης η περιτομη σου ακροβυστια γεγονεν
romans;2;26;εαν ουν η ακροβυστια τα δικαιωματα του νομου φυλασση ουχι η ακροβυστια αυτου εις περιτομην λογισθησεται
romans;2;27;και κρινει η εκ φυσεως ακροβυστια τον νομον τελουσα σε τον δια γραμματος και περιτομης παραβατην νομου
romans;2;28;ου γαρ ο εν τω φανερω ιουδαιος εστιν ουδε η εν τω φανερω εν σαρκι περιτομη
romans;2;29;αλλ ο εν τω κρυπτω ιουδαιος και περιτομη καρδιας εν πνευματι ου γραμματι ου ο επαινος ουκ εξ ανθρωπων αλλ εκ του θεου
romans;3;1;τι ουν το περισσον του ιουδαιου η τις η ωφελεια της περιτομης
romans;3;2;πολυ κατα παντα τροπον πρωτον μεν γαρ οτι επιστευθησαν τα λογια του θεου
romans;3;3;τι γαρ ει ηπιστησαν τινες μη η απιστια αυτων την πιστιν του θεου καταργησει
romans;3;4;μη γενοιτο γινεσθω δε ο θεος αληθης πας δε ανθρωπος ψευστης καθως γεγραπται οπως αν δικαιωθης εν τοις λογοις σου και νικησης εν τω κρινεσθαι σε
romans;3;5;ει δε η αδικια ημων θεου δικαιοσυνην συνιστησιν τι ερουμεν μη αδικος ο θεος ο επιφερων την οργην κατα ανθρωπον λεγω
romans;3;6;μη γενοιτο επει πως κρινει ο θεος τον κοσμον
romans;3;7;ει γαρ η αληθεια του θεου εν τω εμω ψευσματι επερισσευσεν εις την δοξαν αυτου τι ετι καγω ως αμαρτωλος κρινομαι
romans;3;8;και μη καθως βλασφημουμεθα και καθως φασιν τινες ημας λεγειν οτι ποιησωμεν τα κακα ινα ελθη τα αγαθα ων το κριμα ενδικον εστιν
romans;3;9;τι ουν προεχομεθα ου παντως προητιασαμεθα γαρ ιουδαιους τε και ελληνας παντας υφ αμαρτιαν ειναι
romans;3;10;καθως γεγραπται οτι ουκ εστιν δικαιος ουδε εις
romans;3;11;ουκ εστιν ο συνιων ουκ εστιν ο εκζητων τον θεον
romans;3;12;παντες εξεκλιναν αμα ηχρειωθησαν ουκ εστιν ποιων χρηστοτητα ουκ εστιν εως ενος
romans;3;13;ταφος ανεωγμενος ο λαρυγξ αυτων ταις γλωσσαις αυτων εδολιουσαν ιος ασπιδων υπο τα χειλη αυτων
romans;3;14;ων το στομα αρας και πικριας γεμει
romans;3;15;οξεις οι ποδες αυτων εκχεαι αιμα
romans;3;16;συντριμμα και ταλαιπωρια εν ταις οδοις αυτων
romans;3;17;και οδον ειρηνης ουκ εγνωσαν
romans;3;18;ουκ εστιν φοβος θεου απεναντι των οφθαλμων αυτων
romans;3;19;οιδαμεν δε οτι οσα ο νομος λεγει τοις εν τω νομω λαλει ινα παν στομα φραγη και υποδικος γενηται πας ο κοσμος τω θεω
romans;3;20;διοτι εξ εργων νομου ου δικαιωθησεται πασα σαρξ ενωπιον αυτου δια γαρ νομου επιγνωσις αμαρτιας
romans;3;21;νυνι δε χωρις νομου δικαιοσυνη θεου πεφανερωται μαρτυρουμενη υπο του νομου και των προφητων
romans;3;22;δικαιοσυνη δε θεου δια πιστεως ιησου χριστου εις παντας και επι παντας τους πιστευοντας ου γαρ εστιν διαστολη
romans;3;23;παντες γαρ ημαρτον και υστερουνται της δοξης του θεου
romans;3;24;δικαιουμενοι δωρεαν τη αυτου χαριτι δια της απολυτρωσεως της εν χριστω ιησου
romans;3;25;ον προεθετο ο θεος ιλαστηριον δια της πιστεως εν τω αυτου αιματι εις ενδειξιν της δικαιοσυνης αυτου δια την παρεσιν των προγεγονοτων αμαρτηματων
romans;3;26;εν τη ανοχη του θεου προς ενδειξιν της δικαιοσυνης αυτου εν τω νυν καιρω εις το ειναι αυτον δικαιον και δικαιουντα τον εκ πιστεως ιησου
romans;3;27;που ουν η καυχησις εξεκλεισθη δια ποιου νομου των εργων ουχι αλλα δια νομου πιστεως
romans;3;28;λογιζομεθα ουν πιστει δικαιουσθαι ανθρωπον χωρις εργων νομου
romans;3;29;η ιουδαιων ο θεος μονον ουχι δε και εθνων ναι και εθνων
romans;3;30;επειπερ εις ο θεος ος δικαιωσει περιτομην εκ πιστεως και ακροβυστιαν δια της πιστεως
romans;3;31;νομον ουν καταργουμεν δια της πιστεως μη γενοιτο αλλα νομον ιστωμεν
romans;4;1;τι ουν ερουμεν αβρααμ τον πατερα ημων ευρηκεναι κατα σαρκα
romans;4;2;ει γαρ αβρααμ εξ εργων εδικαιωθη εχει καυχημα αλλ ου προς τον θεον
romans;4;3;τι γαρ η γραφη λεγει επιστευσεν δε αβρααμ τω θεω και ελογισθη αυτω εις δικαιοσυνην
romans;4;4;τω δε εργαζομενω ο μισθος ου λογιζεται κατα χαριν αλλα κατα το οφειλημα
romans;4;5;τω δε μη εργαζομενω πιστευοντι δε επι τον δικαιουντα τον ασεβη λογιζεται η πιστις αυτου εις δικαιοσυνην
romans;4;6;καθαπερ και δαβιδ λεγει τον μακαρισμον του ανθρωπου ω ο θεος λογιζεται δικαιοσυνην χωρις εργων
romans;4;7;μακαριοι ων αφεθησαν αι ανομιαι και ων επεκαλυφθησαν αι αμαρτιαι
romans;4;8;μακαριος ανηρ ω ου μη λογισηται κυριος αμαρτιαν
romans;4;9;ο μακαρισμος ουν ουτος επι την περιτομην η και επι την ακροβυστιαν λεγομεν γαρ οτι ελογισθη τω αβρααμ η πιστις εις δικαιοσυνην
romans;4;10;πως ουν ελογισθη εν περιτομη οντι η εν ακροβυστια ουκ εν περιτομη αλλ εν ακροβυστια
romans;4;11;και σημειον ελαβεν περιτομης σφραγιδα της δικαιοσυνης της πιστεως της εν τη ακροβυστια εις το ειναι αυτον πατερα παντων των πιστευοντων δι ακροβυστιας εις το λογισθηναι και αυτοις την δικαιοσυνην
romans;4;12;και πατερα περιτομης τοις ουκ εκ περιτομης μονον αλλα και τοις στοιχουσιν τοις ιχνεσιν της εν τη ακροβυστια πιστεως του πατρος ημων αβρααμ
romans;4;13;ου γαρ δια νομου η επαγγελια τω αβρααμ η τω σπερματι αυτου το κληρονομον αυτον ειναι του κοσμου αλλα δια δικαιοσυνης πιστεως
romans;4;14;ει γαρ οι εκ νομου κληρονομοι κεκενωται η πιστις και κατηργηται η επαγγελια
romans;4;15;ο γαρ νομος οργην κατεργαζεται ου γαρ ουκ εστιν νομος ουδε παραβασις
romans;4;16;δια τουτο εκ πιστεως ινα κατα χαριν εις το ειναι βεβαιαν την επαγγελιαν παντι τω σπερματι ου τω εκ του νομου μονον αλλα και τω εκ πιστεως αβρααμ ος εστιν πατηρ παντων ημων
romans;4;17;καθως γεγραπται οτι πατερα πολλων εθνων τεθεικα σε κατεναντι ου επιστευσεν θεου του ζωοποιουντος τους νεκρους και καλουντος τα μη οντα ως οντα
romans;4;18;ος παρ ελπιδα επ ελπιδι επιστευσεν εις το γενεσθαι αυτον πατερα πολλων εθνων κατα το ειρημενον ουτως εσται το σπερμα σου
romans;4;19;και μη ασθενησας τη πιστει ου κατενοησεν το εαυτου σωμα ηδη νενεκρωμενον εκατονταετης που υπαρχων και την νεκρωσιν της μητρας σαρρας
romans;4;20;εις δε την επαγγελιαν του θεου ου διεκριθη τη απιστια αλλ ενεδυναμωθη τη πιστει δους δοξαν τω θεω
romans;4;21;και πληροφορηθεις οτι ο επηγγελται δυνατος εστιν και ποιησαι
romans;4;22;διο και ελογισθη αυτω εις δικαιοσυνην
romans;4;23;ουκ εγραφη δε δι αυτον μονον οτι ελογισθη αυτω
romans;4;24;αλλα και δι ημας οις μελλει λογιζεσθαι τοις πιστευουσιν επι τον εγειραντα ιησουν τον κυριον ημων εκ νεκρων
romans;4;25;ος παρεδοθη δια τα παραπτωματα ημων και ηγερθη δια την δικαιωσιν ημων
romans;5;1;δικαιωθεντες ουν εκ πιστεως ειρηνην εχομεν προς τον θεον δια του κυριου ημων ιησου χριστου
romans;5;2;δι ου και την προσαγωγην εσχηκαμεν τη πιστει εις την χαριν ταυτην εν η εστηκαμεν και καυχωμεθα επ ελπιδι της δοξης του θεου
romans;5;3;ου μονον δε αλλα και καυχωμεθα εν ταις θλιψεσιν ειδοτες οτι η θλιψις υπομονην κατεργαζεται
romans;5;4;η δε υπομονη δοκιμην η δε δοκιμη ελπιδα
romans;5;5;η δε ελπις ου καταισχυνει οτι η αγαπη του θεου εκκεχυται εν ταις καρδιαις ημων δια πνευματος αγιου του δοθεντος ημιν
romans;5;6;ετι γαρ χριστος οντων ημων ασθενων κατα καιρον υπερ ασεβων απεθανεν
romans;5;7;μολις γαρ υπερ δικαιου τις αποθανειται υπερ γαρ του αγαθου ταχα τις και τολμα αποθανειν
romans;5;8;συνιστησιν δε την εαυτου αγαπην εις ημας ο θεος οτι ετι αμαρτωλων οντων ημων χριστος υπερ ημων απεθανεν
romans;5;9;πολλω ουν μαλλον δικαιωθεντες νυν εν τω αιματι αυτου σωθησομεθα δι αυτου απο της οργης
romans;5;10;ει γαρ εχθροι οντες κατηλλαγημεν τω θεω δια του θανατου του υιου αυτου πολλω μαλλον καταλλαγεντες σωθησομεθα εν τη ζωη αυτου
romans;5;11;ου μονον δε αλλα και καυχωμενοι εν τω θεω δια του κυριου ημων ιησου χριστου δι ου νυν την καταλλαγην ελαβομεν
romans;5;12;δια τουτο ωσπερ δι ενος ανθρωπου η αμαρτια εις τον κοσμον εισηλθεν και δια της αμαρτιας ο θανατος και ουτως εις παντας ανθρωπους ο θανατος διηλθεν εφ ω παντες ημαρτον
romans;5;13;αχρι γαρ νομου αμαρτια ην εν κοσμω αμαρτια δε ουκ ελλογειται μη οντος νομου
romans;5;14;αλλ εβασιλευσεν ο θανατος απο αδαμ μεχρι μωσεως και επι τους μη αμαρτησαντας επι τω ομοιωματι της παραβασεως αδαμ ος εστιν τυπος του μελλοντος
romans;5;15;αλλ ουχ ως το παραπτωμα ουτως και το χαρισμα ει γαρ τω του ενος παραπτωματι οι πολλοι απεθανον πολλω μαλλον η χαρις του θεου και η δωρεα εν χαριτι τη του ενος ανθρωπου ιησου χριστου εις τους πολλους επερισσευσεν
romans;5;16;και ουχ ως δι ενος αμαρτησαντος το δωρημα το μεν γαρ κριμα εξ ενος εις κατακριμα το δε χαρισμα εκ πολλων παραπτωματων εις δικαιωμα
romans;5;17;ει γαρ τω του ενος παραπτωματι ο θανατος εβασιλευσεν δια του ενος πολλω μαλλον οι την περισσειαν της χαριτος και της δωρεας της δικαιοσυνης λαμβανοντες εν ζωη βασιλευσουσιν δια του ενος ιησου χριστου
romans;5;18;αρα ουν ως δι ενος παραπτωματος εις παντας ανθρωπους εις κατακριμα ουτως και δι ενος δικαιωματος εις παντας ανθρωπους εις δικαιωσιν ζωης
romans;5;19;ωσπερ γαρ δια της παρακοης του ενος ανθρωπου αμαρτωλοι κατεσταθησαν οι πολλοι ουτως και δια της υπακοης του ενος δικαιοι κατασταθησονται οι πολλοι
romans;5;20;νομος δε παρεισηλθεν ινα πλεοναση το παραπτωμα ου δε επλεονασεν η αμαρτια υπερεπερισσευσεν η χαρις
romans;5;21;ινα ωσπερ εβασιλευσεν η αμαρτια εν τω θανατω ουτως και η χαρις βασιλευση δια δικαιοσυνης εις ζωην αιωνιον δια ιησου χριστου του κυριου ημων
romans;6;1;τι ουν ερουμεν επιμενουμεν τη αμαρτια ινα η χαρις πλεοναση
romans;6;2;μη γενοιτο οιτινες απεθανομεν τη αμαρτια πως ετι ζησομεν εν αυτη
romans;6;3;η αγνοειτε οτι οσοι εβαπτισθημεν εις χριστον ιησουν εις τον θανατον αυτου εβαπτισθημεν
romans;6;4;συνεταφημεν ουν αυτω δια του βαπτισματος εις τον θανατον ινα ωσπερ ηγερθη χριστος εκ νεκρων δια της δοξης του πατρος ουτως και ημεις εν καινοτητι ζωης περιπατησωμεν
romans;6;5;ει γαρ συμφυτοι γεγοναμεν τω ομοιωματι του θανατου αυτου αλλα και της αναστασεως εσομεθα
romans;6;6;τουτο γινωσκοντες οτι ο παλαιος ημων ανθρωπος συνεσταυρωθη ινα καταργηθη το σωμα της αμαρτιας του μηκετι δουλευειν ημας τη αμαρτια
romans;6;7;ο γαρ αποθανων δεδικαιωται απο της αμαρτιας
romans;6;8;ει δε απεθανομεν συν χριστω πιστευομεν οτι και συζησομεν αυτω
romans;6;9;ειδοτες οτι χριστος εγερθεις εκ νεκρων ουκετι αποθνησκει θανατος αυτου ουκετι κυριευει
romans;6;10;ο γαρ απεθανεν τη αμαρτια απεθανεν εφαπαξ ο δε ζη ζη τω θεω
romans;6;11;ουτως και υμεις λογιζεσθε εαυτους νεκρους μεν ειναι τη αμαρτια ζωντας δε τω θεω εν χριστω ιησου τω κυριω ημων
romans;6;12;μη ουν βασιλευετω η αμαρτια εν τω θνητω υμων σωματι εις το υπακουειν αυτη εν ταις επιθυμιαις αυτου
romans;6;13;μηδε παριστανετε τα μελη υμων οπλα αδικιας τη αμαρτια αλλα παραστησατε εαυτους τω θεω ως εκ νεκρων ζωντας και τα μελη υμων οπλα δικαιοσυνης τω θεω
romans;6;14;αμαρτια γαρ υμων ου κυριευσει ου γαρ εστε υπο νομον αλλ υπο χαριν
romans;6;15;τι ουν αμαρτησομεν οτι ουκ εσμεν υπο νομον αλλ υπο χαριν μη γενοιτο
romans;6;16;ουκ οιδατε οτι ω παριστανετε εαυτους δουλους εις υπακοην δουλοι εστε ω υπακουετε ητοι αμαρτιας εις θανατον η υπακοης εις δικαιοσυνην
romans;6;17;χαρις δε τω θεω οτι ητε δουλοι της αμαρτιας υπηκουσατε δε εκ καρδιας εις ον παρεδοθητε τυπον διδαχης
romans;6;18;ελευθερωθεντες δε απο της αμαρτιας εδουλωθητε τη δικαιοσυνη
romans;6;19;ανθρωπινον λεγω δια την ασθενειαν της σαρκος υμων ωσπερ γαρ παρεστησατε τα μελη υμων δουλα τη ακαθαρσια και τη ανομια εις την ανομιαν ουτως νυν παραστησατε τα μελη υμων δουλα τη δικαιοσυνη εις αγιασμον
romans;6;20;οτε γαρ δουλοι ητε της αμαρτιας ελευθεροι ητε τη δικαιοσυνη
romans;6;21;τινα ουν καρπον ειχετε τοτε εφ οις νυν επαισχυνεσθε το γαρ τελος εκεινων θανατος
romans;6;22;νυνι δε ελευθερωθεντες απο της αμαρτιας δουλωθεντες δε τω θεω εχετε τον καρπον υμων εις αγιασμον το δε τελος ζωην αιωνιον
romans;6;23;τα γαρ οψωνια της αμαρτιας θανατος το δε χαρισμα του θεου ζωη αιωνιος εν χριστω ιησου τω κυριω ημων
romans;7;1;η αγνοειτε αδελφοι γινωσκουσιν γαρ νομον λαλω οτι ο νομος κυριευει του ανθρωπου εφ οσον χρονον ζη
romans;7;2;η γαρ υπανδρος γυνη τω ζωντι ανδρι δεδεται νομω εαν δε αποθανη ο ανηρ κατηργηται απο του νομου του ανδρος
romans;7;3;αρα ουν ζωντος του ανδρος μοιχαλις χρηματισει εαν γενηται ανδρι ετερω εαν δε αποθανη ο ανηρ ελευθερα εστιν απο του νομου του μη ειναι αυτην μοιχαλιδα γενομενην ανδρι ετερω
romans;7;4;ωστε αδελφοι μου και υμεις εθανατωθητε τω νομω δια του σωματος του χριστου εις το γενεσθαι υμας ετερω τω εκ νεκρων εγερθεντι ινα καρποφορησωμεν τω θεω
romans;7;5;οτε γαρ ημεν εν τη σαρκι τα παθηματα των αμαρτιων τα δια του νομου ενηργειτο εν τοις μελεσιν ημων εις το καρποφορησαι τω θανατω
romans;7;6;νυνι δε κατηργηθημεν απο του νομου εν ω κατειχομεθα ωστε δουλευειν ημας εν καινοτητι πνευματος και ου παλαιοτητι γραμματος
romans;7;7;τι ουν ερουμεν ο νομος αμαρτια μη γενοιτο αλλα την αμαρτιαν ουκ εγνων ει μη δια νομου την τε γαρ επιθυμιαν ουκ ηδειν ει μη ο νομος ελεγεν ουκ επιθυμησεις
romans;7;8;αφορμην δε λαβουσα η αμαρτια δια της εντολης κατειργασατο εν εμοι πασαν επιθυμιαν χωρις γαρ νομου αμαρτια νεκρα
romans;7;9;εγω δε εζων χωρις νομου ποτε ελθουσης δε της εντολης η αμαρτια ανεζησεν εγω δε απεθανον
romans;7;10;και ευρεθη μοι η εντολη η εις ζωην αυτη εις θανατον
romans;7;11;η γαρ αμαρτια αφορμην λαβουσα δια της εντολης εξηπατησεν με και δι αυτης απεκτεινεν
romans;7;12;ωστε ο μεν νομος αγιος και η εντολη αγια και δικαια και αγαθη
romans;7;13;το ουν αγαθον εμοι γεγονεν θανατος μη γενοιτο αλλα η αμαρτια ινα φανη αμαρτια δια του αγαθου μοι κατεργαζομενη θανατον ινα γενηται καθ υπερβολην αμαρτωλος η αμαρτια δια της εντολης
romans;7;14;οιδαμεν γαρ οτι ο νομος πνευματικος εστιν εγω δε σαρκικος ειμι πεπραμενος υπο την αμαρτιαν
romans;7;15;ο γαρ κατεργαζομαι ου γινωσκω ου γαρ ο θελω τουτο πρασσω αλλ ο μισω τουτο ποιω
romans;7;16;ει δε ο ου θελω τουτο ποιω συμφημι τω νομω οτι καλος
romans;7;17;νυνι δε ουκετι εγω κατεργαζομαι αυτο αλλ η οικουσα εν εμοι αμαρτια
romans;7;18;οιδα γαρ οτι ουκ οικει εν εμοι τουτ εστιν εν τη σαρκι μου αγαθον το γαρ θελειν παρακειται μοι το δε κατεργαζεσθαι το καλον ουχ ευρισκω
romans;7;19;ου γαρ ο θελω ποιω αγαθον αλλ ο ου θελω κακον τουτο πρασσω
romans;7;20;ει δε ο ου θελω εγω τουτο ποιω ουκετι εγω κατεργαζομαι αυτο αλλ η οικουσα εν εμοι αμαρτια
romans;7;21;ευρισκω αρα τον νομον τω θελοντι εμοι ποιειν το καλον οτι εμοι το κακον παρακειται
romans;7;22;συνηδομαι γαρ τω νομω του θεου κατα τον εσω ανθρωπον
romans;7;23;βλεπω δε ετερον νομον εν τοις μελεσιν μου αντιστρατευομενον τω νομω του νοος μου και αιχμαλωτιζοντα με τω νομω της αμαρτιας τω οντι εν τοις μελεσιν μου
romans;7;24;ταλαιπωρος εγω ανθρωπος τις με ρυσεται εκ του σωματος του θανατου τουτου
romans;7;25;ευχαριστω τω θεω δια ιησου χριστου του κυριου ημων αρα ουν αυτος εγω τω μεν νοι δουλευω νομω θεου τη δε σαρκι νομω αμαρτιας
romans;8;1;ουδεν αρα νυν κατακριμα τοις εν χριστω ιησου μη κατα σαρκα περιπατουσιν αλλα κατα πνευμα
romans;8;2;ο γαρ νομος του πνευματος της ζωης εν χριστω ιησου ηλευθερωσεν με απο του νομου της αμαρτιας και του θανατου
romans;8;3;το γαρ αδυνατον του νομου εν ω ησθενει δια της σαρκος ο θεος τον εαυτου υιον πεμψας εν ομοιωματι σαρκος αμαρτιας και περι αμαρτιας κατεκρινεν την αμαρτιαν εν τη σαρκι
romans;8;4;ινα το δικαιωμα του νομου πληρωθη εν ημιν τοις μη κατα σαρκα περιπατουσιν αλλα κατα πνευμα
romans;8;5;οι γαρ κατα σαρκα οντες τα της σαρκος φρονουσιν οι δε κατα πνευμα τα του πνευματος
romans;8;6;το γαρ φρονημα της σαρκος θανατος το δε φρονημα του πνευματος ζωη και ειρηνη
romans;8;7;διοτι το φρονημα της σαρκος εχθρα εις θεον τω γαρ νομω του θεου ουχ υποτασσεται ουδε γαρ δυναται
romans;8;8;οι δε εν σαρκι οντες θεω αρεσαι ου δυνανται
romans;8;9;υμεις δε ουκ εστε εν σαρκι αλλ εν πνευματι ειπερ πνευμα θεου οικει εν υμιν ει δε τις πνευμα χριστου ουκ εχει ουτος ουκ εστιν αυτου
romans;8;10;ει δε χριστος εν υμιν το μεν σωμα νεκρον δι αμαρτιαν το δε πνευμα ζωη δια δικαιοσυνην
romans;8;11;ει δε το πνευμα του εγειραντος ιησουν εκ νεκρων οικει εν υμιν ο εγειρας τον χριστον εκ νεκρων ζωοποιησει και τα θνητα σωματα υμων δια εν υμιν
romans;8;12;αρα ουν αδελφοι οφειλεται εσμεν ου τη σαρκι του κατα σαρκα ζην
romans;8;13;ει γαρ κατα σαρκα ζητε μελλετε αποθνησκειν ει δε πνευματι τας πραξεις του σωματος θανατουτε ζησεσθε
romans;8;14;οσοι γαρ πνευματι θεου αγονται ουτοι εισιν υιοι θεου
romans;8;15;ου γαρ ελαβετε πνευμα δουλειας παλιν εις φοβον αλλ ελαβετε πνευμα υιοθεσιας εν ω κραζομεν αββα ο πατηρ
romans;8;16;αυτο το πνευμα συμμαρτυρει τω πνευματι ημων οτι εσμεν τεκνα θεου
romans;8;17;ει δε τεκνα και κληρονομοι κληρονομοι μεν θεου συγκληρονομοι δε χριστου ειπερ συμπασχομεν ινα και συνδοξασθωμεν
romans;8;18;λογιζομαι γαρ οτι ουκ αξια τα παθηματα του νυν καιρου προς την μελλουσαν δοξαν αποκαλυφθηναι εις ημας
romans;8;19;η γαρ αποκαραδοκια της κτισεως την αποκαλυψιν των υιων του θεου απεκδεχεται
romans;8;20;τη γαρ ματαιοτητι η κτισις υπεταγη ουχ εκουσα αλλα δια τον υποταξαντα επ ελπιδι
romans;8;21;οτι και αυτη η κτισις ελευθερωθησεται απο της δουλειας της φθορας εις την ελευθεριαν της δοξης των τεκνων του θεου
romans;8;22;οιδαμεν γαρ οτι πασα η κτισις συστεναζει και συνωδινει αχρι του νυν
romans;8;23;ου μονον δε αλλα και αυτοι την απαρχην του πνευματος εχοντες και ημεις αυτοι εν εαυτοις στεναζομεν υιοθεσιαν απεκδεχομενοι την απολυτρωσιν του σωματος ημων
romans;8;24;τη γαρ ελπιδι εσωθημεν ελπις δε βλεπομενη ουκ εστιν ελπις ο γαρ βλεπει τις τι και ελπιζει
romans;8;25;ει δε ο ου βλεπομεν ελπιζομεν δι υπομονης απεκδεχομεθα
romans;8;26;ωσαυτως δε και το πνευμα συναντιλαμβανεται ταις ασθενειαις ημων το γαρ τι προσευξωμεθα καθο δει ουκ οιδαμεν αλλ αυτο το πνευμα υπερεντυγχανει υπερ ημων στεναγμοις αλαλητοις
romans;8;27;ο δε ερευνων τας καρδιας οιδεν τι το φρονημα του πνευματος οτι κατα θεον εντυγχανει υπερ αγιων
romans;8;28;οιδαμεν δε οτι τοις αγαπωσιν τον θεον παντα συνεργει εις αγαθον τοις κατα προθεσιν κλητοις ουσιν
romans;8;29;οτι ους προεγνω και προωρισεν συμμορφους της εικονος του υιου αυτου εις το ειναι αυτον πρωτοτοκον εν πολλοις αδελφοις
romans;8;30;ους δε προωρισεν τουτους και εκαλεσεν και ους εκαλεσεν τουτους και εδικαιωσεν ους δε εδικαιωσεν τουτους και εδοξασεν
romans;8;31;τι ουν ερουμεν προς ταυτα ει ο θεος υπερ ημων τις καθ ημων
romans;8;32;ος γε του ιδιου υιου ουκ εφεισατο αλλ υπερ ημων παντων παρεδωκεν αυτον πως ουχι και συν αυτω τα παντα ημιν χαρισεται
romans;8;33;τις εγκαλεσει κατα εκλεκτων θεου θεος ο δικαιων
romans;8;34;τις ο κατακρινων χριστος ο αποθανων μαλλον δε και εγερθεις ος και εστιν εν δεξια του θεου ος και εντυγχανει υπερ ημων
romans;8;35;τις ημας χωρισει απο της αγαπης του χριστου θλιψις η στενοχωρια η διωγμος η λιμος η γυμνοτης η κινδυνος η μαχαιρα
romans;8;36;καθως γεγραπται οτι ενεκα σου θανατουμεθα ολην την ημεραν ελογισθημεν ως προβατα σφαγης
romans;8;37;αλλ εν τουτοις πασιν υπερνικωμεν δια του αγαπησαντος ημας
romans;8;38;πεπεισμαι γαρ οτι ουτε θανατος ουτε ζωη ουτε αγγελοι ουτε αρχαι ουτε δυναμεις ουτε ενεστωτα ουτε μελλοντα
romans;8;39;ουτε υψωμα ουτε βαθος ουτε τις κτισις ετερα δυνησεται ημας χωρισαι απο της αγαπης του θεου της εν χριστω ιησου τω κυριω ημων
romans;9;1;αληθειαν λεγω εν χριστω ου ψευδομαι συμμαρτυρουσης μοι της συνειδησεως μου εν πνευματι αγιω
romans;9;2;οτι λυπη μοι εστιν μεγαλη και αδιαλειπτος οδυνη τη καρδια μου
romans;9;3;ηυχομην γαρ αυτος εγω αναθεμα ειναι απο του χριστου υπερ των αδελφων μου των συγγενων μου κατα σαρκα
romans;9;4;οιτινες εισιν ισραηλιται ων η υιοθεσια και η δοξα και αι διαθηκαι και η νομοθεσια και η λατρεια και αι επαγγελιαι
romans;9;5;ων οι πατερες και εξ ων ο χριστος το κατα σαρκα ο ων επι παντων θεος ευλογητος εις τους αιωνας αμην
romans;9;6;ουχ οιον δε οτι εκπεπτωκεν ο λογος του θεου ου γαρ παντες οι εξ ισραηλ ουτοι ισραηλ
romans;9;7;ουδ οτι εισιν σπερμα αβρααμ παντες τεκνα αλλ εν ισαακ κληθησεται σοι σπερμα
romans;9;8;τουτ εστιν ου τα τεκνα της σαρκος ταυτα τεκνα του θεου αλλα τα τεκνα της επαγγελιας λογιζεται εις σπερμα
romans;9;9;επαγγελιας γαρ ο λογος ουτος κατα τον καιρον τουτον ελευσομαι και εσται τη σαρρα υιος
romans;9;10;ου μονον δε αλλα και ρεβεκκα εξ ενος κοιτην εχουσα ισαακ του πατρος ημων
romans;9;11;μηπω γαρ γεννηθεντων μηδε πραξαντων τι αγαθον η κακον ινα η κατ εκλογην του θεου προθεσις μενη ουκ εξ εργων αλλ εκ του καλουντος
romans;9;12;ερρηθη αυτη οτι ο μειζων δουλευσει τω ελασσονι
romans;9;13;καθως γεγραπται τον ιακωβ ηγαπησα τον δε ησαυ εμισησα
romans;9;14;τι ουν ερουμεν μη αδικια παρα τω θεω μη γενοιτο
romans;9;15;τω γαρ μωση λεγει ελεησω ον αν ελεω και οικτειρησω ον αν οικτειρω
romans;9;16;αρα ουν ου του θελοντος ουδε του τρεχοντος αλλα του ελεουντος θεου
romans;9;17;λεγει γαρ η γραφη τω φαραω οτι εις αυτο τουτο εξηγειρα σε οπως ενδειξωμαι εν σοι την δυναμιν μου και οπως διαγγελη το ονομα μου εν παση τη γη
romans;9;18;αρα ουν ον θελει ελεει ον δε θελει σκληρυνει
romans;9;19;ερεις ουν μοι τι ετι μεμφεται τω γαρ βουληματι αυτου τις ανθεστηκεν
romans;9;20;μενουνγε ω ανθρωπε συ τις ει ο ανταποκρινομενος τω θεω μη ερει το πλασμα τω πλασαντι τι με εποιησας ουτως
romans;9;21;η ουκ εχει εξουσιαν ο κεραμευς του πηλου εκ του αυτου φυραματος ποιησαι ο μεν εις τιμην σκευος ο δε εις ατιμιαν
romans;9;22;ει δε θελων ο θεος ενδειξασθαι την οργην και γνωρισαι το δυνατον αυτου ηνεγκεν εν πολλη μακροθυμια σκευη οργης κατηρτισμενα εις απωλειαν
romans;9;23;και ινα γνωριση τον πλουτον της δοξης αυτου επι σκευη ελεους α προητοιμασεν εις δοξαν
romans;9;24;ους και εκαλεσεν ημας ου μονον εξ ιουδαιων αλλα και εξ εθνων
romans;9;25;ως και εν τω ωσηε λεγει καλεσω τον ου λαον μου λαον μου και την ουκ ηγαπημενην ηγαπημενην
romans;9;26;και εσται εν τω τοπω ου ερρηθη αυτοις ου λαος μου υμεις εκει κληθησονται υιοι θεου ζωντος
romans;9;27;ησαιας δε κραζει υπερ του ισραηλ εαν η ο αριθμος των υιων ισραηλ ως η αμμος της θαλασσης το καταλειμμα σωθησεται
romans;9;28;λογον γαρ συντελων και συντεμνων εν δικαιοσυνη οτι λογον συντετμημενον ποιησει κυριος επι της γης
romans;9;29;και καθως προειρηκεν ησαιας ει μη κυριος σαβαωθ εγκατελιπεν ημιν σπερμα ως σοδομα αν εγενηθημεν και ως γομορρα αν ωμοιωθημεν
romans;9;30;τι ουν ερουμεν οτι εθνη τα μη διωκοντα δικαιοσυνην κατελαβεν δικαιοσυνην δικαιοσυνην δε την εκ πιστεως
romans;9;31;ισραηλ δε διωκων νομον δικαιοσυνης εις νομον δικαιοσυνης ουκ εφθασεν
romans;9;32;δια τι οτι ουκ εκ πιστεως αλλ ως εξ εργων νομου προσεκοψαν γαρ τω λιθω του προσκομματος
romans;9;33;καθως γεγραπται ιδου τιθημι εν σιων λιθον προσκομματος και πετραν σκανδαλου και πας ο πιστευων επ αυτω ου καταισχυνθησεται
romans;10;1;αδελφοι η μεν ευδοκια της εμης καρδιας και η δεησις η προς τον θεον υπερ του ισραηλ εστιν εις σωτηριαν
romans;10;2;μαρτυρω γαρ αυτοις οτι ζηλον θεου εχουσιν αλλ ου κατ επιγνωσιν
romans;10;3;αγνοουντες γαρ την του θεου δικαιοσυνην και την ιδιαν δικαιοσυνην ζητουντες στησαι τη δικαιοσυνη του θεου ουχ υπεταγησαν
romans;10;4;τελος γαρ νομου χριστος εις δικαιοσυνην παντι τω πιστευοντι
romans;10;5;μωσης γαρ γραφει την δικαιοσυνην την εκ του νομου οτι ο ποιησας αυτα ανθρωπος ζησεται εν αυτοις
romans;10;6;η δε εκ πιστεως δικαιοσυνη ουτως λεγει μη ειπης εν τη καρδια σου τις αναβησεται εις τον ουρανον τουτ εστιν χριστον καταγαγειν
romans;10;7;η τις καταβησεται εις την αβυσσον τουτ εστιν χριστον εκ νεκρων αναγαγειν
romans;10;8;αλλα τι λεγει εγγυς σου το ρημα εστιν εν τω στοματι σου και εν τη καρδια σου τουτ εστιν το ρημα της πιστεως ο κηρυσσομεν
romans;10;9;οτι εαν ομολογησης εν τω στοματι σου κυριον ιησουν και πιστευσης εν τη καρδια σου οτι ο θεος αυτον ηγειρεν εκ νεκρων σωθηση
romans;10;10;καρδια γαρ πιστευεται εις δικαιοσυνην στοματι δε ομολογειται εις σωτηριαν
romans;10;11;λεγει γαρ η γραφη πας ο πιστευων επ αυτω ου καταισχυνθησεται
romans;10;12;ου γαρ εστιν διαστολη ιουδαιου τε και ελληνος ο γαρ αυτος κυριος παντων πλουτων εις παντας τους επικαλουμενους αυτον
romans;10;13;πας γαρ ος αν επικαλεσηται το ονομα κυριου σωθησεται
romans;10;14;πως ουν επικαλεσονται εις ον ουκ επιστευσαν πως δε πιστευσουσιν ου ουκ ηκουσαν πως δε ακουσουσιν χωρις κηρυσσοντος
romans;10;15;πως δε κηρυξουσιν εαν μη αποσταλωσιν καθως γεγραπται ως ωραιοι οι ποδες των ευαγγελιζομενων ειρηνην των ευαγγελιζομενων τα αγαθα
romans;10;16;αλλ ου παντες υπηκουσαν τω ευαγγελιω ησαιας γαρ λεγει κυριε τις επιστευσεν τη ακοη ημων
romans;10;17;αρα η πιστις εξ ακοης η δε ακοη δια ρηματος θεου
romans;10;18;αλλα λεγω μη ουκ ηκουσαν μενουνγε εις πασαν την γην εξηλθεν ο φθογγος αυτων και εις τα περατα της οικουμενης τα ρηματα αυτων
romans;10;19;αλλα λεγω μη ουκ εγνω ισραηλ πρωτος μωσης λεγει εγω παραζηλωσω υμας επ ουκ εθνει επι εθνει ασυνετω παροργιω υμας
romans;10;20;ησαιας δε αποτολμα και λεγει ευρεθην τοις εμε μη ζητουσιν εμφανης εγενομην τοις εμε μη επερωτωσιν
romans;10;21;προς δε τον ισραηλ λεγει ολην την ημεραν εξεπετασα τας χειρας μου προς λαον απειθουντα και αντιλεγοντα
romans;11;1;λεγω ουν μη απωσατο ο θεος τον λαον αυτου μη γενοιτο και γαρ εγω ισραηλιτης ειμι εκ σπερματος αβρααμ φυλης βενιαμιν
romans;11;2;ουκ απωσατο ο θεος τον λαον αυτου ον προεγνω η ουκ οιδατε εν ηλια τι λεγει η γραφη ως εντυγχανει τω θεω κατα του ισραηλ λεγων
romans;11;3;κυριε τους προφητας σου απεκτειναν και τα θυσιαστηρια σου κατεσκαψαν καγω υπελειφθην μονος και ζητουσιν την ψυχην μου
romans;11;4;αλλα τι λεγει αυτω ο χρηματισμος κατελιπον εμαυτω επτακισχιλιους ανδρας οιτινες ουκ εκαμψαν γονυ τη βααλ
romans;11;5;ουτως ουν και εν τω νυν καιρω λειμμα κατ εκλογην χαριτος γεγονεν
romans;11;6;ει δε χαριτι ουκετι εξ εργων επει η χαρις ουκετι γινεται χαρις ει δε εξ εργων ουκετι εστιν χαρις επει το εργον ουκετι εστιν εργον
romans;11;7;τι ουν ο επιζητει ισραηλ τουτου ουκ επετυχεν η δε εκλογη επετυχεν οι δε λοιποι επωρωθησαν
romans;11;8;καθως γεγραπται εδωκεν αυτοις ο θεος πνευμα κατανυξεως οφθαλμους του μη βλεπειν και ωτα του μη ακουειν εως της σημερον ημερας
romans;11;9;και δαβιδ λεγει γενηθητω η τραπεζα αυτων εις παγιδα και εις θηραν και εις σκανδαλον και εις ανταποδομα αυτοις
romans;11;10;σκοτισθητωσαν οι οφθαλμοι αυτων του μη βλεπειν και τον νωτον αυτων διαπαντος συγκαμψον
romans;11;11;λεγω ουν μη επταισαν ινα πεσωσιν μη γενοιτο αλλα τω αυτων παραπτωματι η σωτηρια τοις εθνεσιν εις το παραζηλωσαι αυτους
romans;11;12;ει δε το παραπτωμα αυτων πλουτος κοσμου και το ηττημα αυτων πλουτος εθνων ποσω μαλλον το πληρωμα αυτων
romans;11;13;υμιν γαρ λεγω τοις εθνεσιν εφ οσον μεν ειμι εγω εθνων αποστολος την διακονιαν μου δοξαζω
romans;11;14;ει πως παραζηλωσω μου την σαρκα και σωσω τινας εξ αυτων
romans;11;15;ει γαρ η αποβολη αυτων καταλλαγη κοσμου τις η προσληψις ει μη ζωη εκ νεκρων
romans;11;16;ει δε η απαρχη αγια και το φυραμα και ει η ριζα αγια και οι κλαδοι
romans;11;17;ει δε τινες των κλαδων εξεκλασθησαν συ δε αγριελαιος ων ενεκεντρισθης εν αυτοις και συγκοινωνος της ριζης και της πιοτητος της ελαιας εγενου
romans;11;18;μη κατακαυχω των κλαδων ει δε κατακαυχασαι ου συ την ριζαν βασταζεις αλλ η ριζα σε
romans;11;19;ερεις ουν εξεκλασθησαν οι κλαδοι ινα εγω εγκεντρισθω
romans;11;20;καλως τη απιστια εξεκλασθησαν συ δε τη πιστει εστηκας μη υψηλοφρονει αλλα φοβου
romans;11;21;ει γαρ ο θεος των κατα φυσιν κλαδων ουκ εφεισατο μηπως ουδε σου φεισηται
romans;11;22;ιδε ουν χρηστοτητα και αποτομιαν θεου επι μεν τους πεσοντας αποτομιαν επι δε σε χρηστοτητα εαν επιμεινης τη χρηστοτητι επει και συ εκκοπηση
romans;11;23;και εκεινοι δε εαν μη επιμεινωσιν τη απιστια εγκεντρισθησονται δυνατος γαρ εστιν ο θεος παλιν εγκεντρισαι αυτους
romans;11;24;ει γαρ συ εκ της κατα φυσιν εξεκοπης αγριελαιου και παρα φυσιν ενεκεντρισθης εις καλλιελαιον ποσω μαλλον ουτοι οι κατα φυσιν εγκεντρισθησονται τη ιδια ελαια
romans;11;25;ου γαρ θελω υμας αγνοειν αδελφοι το μυστηριον τουτο ινα μη ητε παρ εαυτοις φρονιμοι οτι πωρωσις απο μερους τω ισραηλ γεγονεν αχρις ου το πληρωμα των εθνων εισελθη
romans;11;26;και ουτως πας ισραηλ σωθησεται καθως γεγραπται ηξει εκ σιων ο ρυομενος και αποστρεψει ασεβειας απο ιακωβ
romans;11;27;και αυτη αυτοις η παρ εμου διαθηκη οταν αφελωμαι τας αμαρτιας αυτων
romans;11;28;κατα μεν το ευαγγελιον εχθροι δι υμας κατα δε την εκλογην αγαπητοι δια τους πατερας
romans;11;29;αμεταμελητα γαρ τα χαρισματα και η κλησις του θεου
romans;11;30;ωσπερ γαρ και υμεις ποτε ηπειθησατε τω θεω νυν δε ηλεηθητε τη τουτων απειθεια
romans;11;31;ουτως και ουτοι νυν ηπειθησαν τω υμετερω ελεει ινα και αυτοι ελεηθωσιν
romans;11;32;συνεκλεισεν γαρ ο θεος τους παντας εις απειθειαν ινα τους παντας ελεηση
romans;11;33;ω βαθος πλουτου και σοφιας και γνωσεως θεου ως ανεξερευνητα τα κριματα αυτου και ανεξιχνιαστοι αι οδοι αυτου
romans;11;34;τις γαρ εγνω νουν κυριου η τις συμβουλος αυτου εγενετο
romans;11;35;η τις προεδωκεν αυτω και ανταποδοθησεται αυτω
romans;11;36;οτι εξ αυτου και δι αυτου και εις αυτον τα παντα αυτω η δοξα εις τους αιωνας αμην
romans;12;1;παρακαλω ουν υμας αδελφοι δια των οικτιρμων του θεου παραστησαι τα σωματα υμων θυσιαν ζωσαν αγιαν ευαρεστον τω θεω την λογικην λατρειαν υμων
romans;12;2;και μη συσχηματιζεσθε τω αιωνι τουτω αλλα μεταμορφουσθε τη ανακαινωσει του νοος υμων εις το δοκιμαζειν υμας τι το θελημα του θεου το αγαθον και ευαρεστον και τελειον
romans;12;3;λεγω γαρ δια της χαριτος της δοθεισης μοι παντι τω οντι εν υμιν μη υπερφρονειν παρ ο δει φρονειν αλλα φρονειν εις το σωφρονειν εκαστω ως ο θεος εμερισεν μετρον πιστεως
romans;12;4;καθαπερ γαρ εν ενι σωματι μελη πολλα εχομεν τα δε μελη παντα ου την αυτην εχει πραξιν
romans;12;5;ουτως οι πολλοι εν σωμα εσμεν εν χριστω ο δε καθ εις αλληλων μελη
romans;12;6;εχοντες δε χαρισματα κατα την χαριν την δοθεισαν ημιν διαφορα ειτε προφητειαν κατα την αναλογιαν της πιστεως
romans;12;7;ειτε διακονιαν εν τη διακονια ειτε ο διδασκων εν τη διδασκαλια
romans;12;8;ειτε ο παρακαλων εν τη παρακλησει ο μεταδιδους εν απλοτητι ο προισταμενος εν σπουδη ο ελεων εν ιλαροτητι
romans;12;9;η αγαπη ανυποκριτος αποστυγουντες το πονηρον κολλωμενοι τω αγαθω
romans;12;10;τη φιλαδελφια εις αλληλους φιλοστοργοι τη τιμη αλληλους προηγουμενοι
romans;12;11;τη σπουδη μη οκνηροι τω πνευματι ζεοντες τω δουλευοντες
romans;12;12;τη ελπιδι χαιροντες τη θλιψει υπομενοντες τη προσευχη προσκαρτερουντες
romans;12;13;ταις χρειαις των αγιων κοινωνουντες την φιλοξενιαν διωκοντες
romans;12;14;ευλογειτε τους διωκοντας υμας ευλογειτε και μη καταρασθε
romans;12;15;χαιρειν μετα χαιροντων και κλαιειν μετα κλαιοντων
romans;12;16;το αυτο εις αλληλους φρονουντες μη τα υψηλα φρονουντες αλλα τοις ταπεινοις συναπαγομενοι μη γινεσθε φρονιμοι παρ εαυτοις
romans;12;17;μηδενι κακον αντι κακου αποδιδοντες προνοουμενοι καλα ενωπιον παντων ανθρωπων
romans;12;18;ει δυνατον το εξ υμων μετα παντων ανθρωπων ειρηνευοντες
romans;12;19;μη εαυτους εκδικουντες αγαπητοι αλλα δοτε τοπον τη οργη γεγραπται γαρ εμοι εκδικησις εγω ανταποδωσω λεγει κυριος
romans;12;20;εαν ουν πεινα ο εχθρος σου ψωμιζε αυτον εαν διψα ποτιζε αυτον τουτο γαρ ποιων ανθρακας πυρος σωρευσεις επι την κεφαλην αυτου
romans;12;21;μη νικω υπο του κακου αλλα νικα εν τω αγαθω το κακον
romans;13;1;πασα ψυχη εξουσιαις υπερεχουσαις υποτασσεσθω ου γαρ εστιν εξουσια ει μη απο θεου αι δε ουσαι εξουσιαι υπο του θεου τεταγμεναι εισιν
romans;13;2;ωστε ο αντιτασσομενος τη εξουσια τη του θεου διαταγη ανθεστηκεν οι δε ανθεστηκοτες εαυτοις κριμα ληψονται
romans;13;3;οι γαρ αρχοντες ουκ εισιν φοβος των αγαθων εργων αλλα των κακων θελεις δε μη φοβεισθαι την εξουσιαν το αγαθον ποιει και εξεις επαινον εξ αυτης
romans;13;4;θεου γαρ διακονος εστιν σοι εις το αγαθον εαν δε το κακον ποιης φοβου ου γαρ εικη την μαχαιραν φορει θεου γαρ διακονος εστιν εκδικος εις οργην τω το κακον πρασσοντι
romans;13;5;διο αναγκη υποτασσεσθαι ου μονον δια την οργην αλλα και δια την συνειδησιν
romans;13;6;δια τουτο γαρ και φορους τελειτε λειτουργοι γαρ θεου εισιν εις αυτο τουτο προσκαρτερουντες
romans;13;7;αποδοτε ουν πασιν τας οφειλας τω τον φορον τον φορον τω το τελος το τελος τω τον φοβον τον φοβον τω την τιμην την τιμην
romans;13;8;μηδενι μηδεν οφειλετε ει μη το αγαπαν αλληλους ο γαρ αγαπων τον ετερον νομον πεπληρωκεν
romans;13;9;το γαρ ου μοιχευσεις ου φονευσεις ου κλεψεις ου ψευδομαρτυρησεις ουκ επιθυμησεις και ει τις ετερα εντολη εν τουτω τω λογω ανακεφαλαιουται εν τω αγαπησεις τον πλησιον σου ως εαυτον
romans;13;10;η αγαπη τω πλησιον κακον ουκ εργαζεται πληρωμα ουν νομου η αγαπη
romans;13;11;και τουτο ειδοτες τον καιρον οτι ωρα ημας ηδη εξ υπνου εγερθηναι νυν γαρ εγγυτερον ημων η σωτηρια η οτε επιστευσαμεν
romans;13;12;η νυξ προεκοψεν η δε ημερα ηγγικεν αποθωμεθα ουν τα εργα του σκοτους και ενδυσωμεθα τα οπλα του φωτος
romans;13;13;ως εν ημερα ευσχημονως περιπατησωμεν μη κωμοις και μεθαις μη κοιταις και ασελγειαις μη εριδι και ζηλω
romans;13;14;αλλ ενδυσασθε τον κυριον ιησουν χριστον και της σαρκος προνοιαν μη ποιεισθε εις επιθυμιας
romans;14;1;τον δε ασθενουντα τη πιστει προσλαμβανεσθε μη εις διακρισεις διαλογισμων
romans;14;2;ος μεν πιστευει φαγειν παντα ο δε ασθενων λαχανα εσθιει
romans;14;3;ο εσθιων τον μη εσθιοντα μη εξουθενειτω και ο μη εσθιων τον εσθιοντα μη κρινετω ο θεος γαρ αυτον προσελαβετο
romans;14;4;συ τις ει ο κρινων αλλοτριον οικετην τω ιδιω κυριω στηκει η πιπτει σταθησεται δε δυνατος γαρ εστιν ο θεος στησαι αυτον
romans;14;5;ος μεν κρινει ημεραν παρ ημεραν ος δε κρινει πασαν ημεραν εκαστος εν τω ιδιω νοι πληροφορεισθω
romans;14;6;ο φρονων την ημεραν κυριω φρονει και ο μη φρονων την ημεραν κυριω ου φρονει ο εσθιων κυριω εσθιει ευχαριστει γαρ τω θεω και ο μη εσθιων κυριω ουκ εσθιει και ευχαριστει τω θεω
romans;14;7;ουδεις γαρ ημων εαυτω ζη και ουδεις εαυτω αποθνησκει
romans;14;8;εαν τε γαρ ζωμεν τω κυριω ζωμεν εαν τε αποθνησκωμεν τω κυριω αποθνησκομεν εαν τε ουν ζωμεν εαν τε αποθνησκωμεν του κυριου εσμεν
romans;14;9;εις τουτο γαρ χριστος και απεθανεν και ανεστη και ανεζησεν ινα και νεκρων και ζωντων κυριευση
romans;14;10;συ δε τι κρινεις τον αδελφον σου η και συ τι εξουθενεις τον αδελφον σου παντες γαρ παραστησομεθα τω βηματι του χριστου
romans;14;11;γεγραπται γαρ ζω εγω λεγει κυριος οτι εμοι καμψει παν γονυ και πασα γλωσσα εξομολογησεται τω θεω
romans;14;12;αρα ουν εκαστος ημων περι εαυτου λογον δωσει τω θεω
romans;14;13;μηκετι ουν αλληλους κρινωμεν αλλα τουτο κρινατε μαλλον το μη τιθεναι προσκομμα τω αδελφω η σκανδαλον
romans;14;14;οιδα και πεπεισμαι εν κυριω ιησου οτι ουδεν κοινον δι εαυτου ει μη τω λογιζομενω τι κοινον ειναι εκεινω κοινον
romans;14;15;ει δε δια βρωμα ο αδελφος σου λυπειται ουκετι κατα αγαπην περιπατεις μη τω βρωματι σου εκεινον απολλυε υπερ ου χριστος απεθανεν
romans;14;16;μη βλασφημεισθω ουν υμων το αγαθον
romans;14;17;ου γαρ εστιν η βασιλεια του θεου βρωσις και ποσις αλλα δικαιοσυνη και ειρηνη και χαρα εν πνευματι αγιω
romans;14;18;ο γαρ εν τουτοις δουλευων τω χριστω ευαρεστος τω θεω και δοκιμος τοις ανθρωποις
romans;14;19;αρα ουν τα της ειρηνης διωκωμεν και τα της οικοδομης της εις αλληλους
romans;14;20;μη ενεκεν βρωματος καταλυε το εργον του θεου παντα μεν καθαρα αλλα κακον τω ανθρωπω τω δια προσκομματος εσθιοντι
romans;14;21;καλον το μη φαγειν κρεα μηδε πιειν οινον μηδε εν ω ο αδελφος σου προσκοπτει η σκανδαλιζεται η ασθενει
romans;14;22;συ πιστιν εχεις κατα σαυτον εχε ενωπιον του θεου μακαριος ο μη κρινων εαυτον εν ω δοκιμαζει
romans;14;23;ο δε διακρινομενος εαν φαγη κατακεκριται οτι ουκ εκ πιστεως παν δε ο ουκ εκ πιστεως αμαρτια εστιν
romans;15;1;οφειλομεν δε ημεις οι δυνατοι τα ασθενηματα των αδυνατων βασταζειν και μη εαυτοις αρεσκειν
romans;15;2;εκαστος γαρ ημων τω πλησιον αρεσκετω εις το αγαθον προς οικοδομην
romans;15;3;και γαρ ο χριστος ουχ εαυτω ηρεσεν αλλα καθως γεγραπται οι ονειδισμοι των ονειδιζοντων σε επεπεσον επ εμε
romans;15;4;οσα γαρ προεγραφη εις την ημετεραν διδασκαλιαν προεγραφη ινα δια της υπομονης και της παρακλησεως των γραφων την ελπιδα εχωμεν
romans;15;5;ο δε θεος της υπομονης και της παρακλησεως δωη υμιν το αυτο φρονειν εν αλληλοις κατα χριστον ιησουν
romans;15;6;ινα ομοθυμαδον εν ενι στοματι δοξαζητε τον θεον και πατερα του κυριου ημων ιησου χριστου
romans;15;7;διο προσλαμβανεσθε αλληλους καθως και ο χριστος προσελαβετο ημας εις δοξαν θεου
romans;15;8;λεγω δε ιησουν χριστον διακονον γεγενησθαι περιτομης υπερ αληθειας θεου εις το βεβαιωσαι τας επαγγελιας των πατερων
romans;15;9;τα δε εθνη υπερ ελεους δοξασαι τον θεον καθως γεγραπται δια τουτο εξομολογησομαι σοι εν εθνεσιν και τω ονοματι σου ψαλω
romans;15;10;και παλιν λεγει ευφρανθητε εθνη μετα του λαου αυτου
romans;15;11;και παλιν αινειτε τον κυριον παντα τα εθνη και επαινεσατε αυτον παντες οι λαοι
romans;15;12;και παλιν ησαιας λεγει εσται η ριζα του ιεσσαι και ο ανισταμενος αρχειν εθνων επ αυτω εθνη ελπιουσιν
romans;15;13;ο δε θεος της ελπιδος πληρωσαι υμας πασης χαρας και ειρηνης εν τω πιστευειν εις το περισσευειν υμας εν τη ελπιδι εν δυναμει πνευματος αγιου
romans;15;14;πεπεισμαι δε αδελφοι μου και αυτος εγω περι υμων οτι και αυτοι μεστοι εστε αγαθωσυνης πεπληρωμενοι πασης γνωσεως δυναμενοι και αλληλους νουθετειν
romans;15;15;τολμηροτερον δε εγραψα υμιν αδελφοι απο μερους ως επαναμιμνησκων υμας δια την χαριν την δοθεισαν μοι υπο του θεου
romans;15;16;εις το ειναι με λειτουργον ιησου χριστου εις τα εθνη ιερουργουντα το ευαγγελιον του θεου ινα γενηται η προσφορα των εθνων ευπροσδεκτος ηγιασμενη εν πνευματι αγιω
romans;15;17;εχω ουν καυχησιν εν χριστω ιησου τα προς θεον
romans;15;18;ου γαρ τολμησω λαλειν τι ων ου κατειργασατο χριστος δι εμου εις υπακοην εθνων λογω και εργω
romans;15;19;εν δυναμει σημειων και τερατων εν δυναμει πνευματος θεου ωστε με απο ιερουσαλημ και κυκλω μεχρι του ιλλυρικου πεπληρωκεναι το ευαγγελιον του χριστου
romans;15;20;ουτως δε φιλοτιμουμενον ευαγγελιζεσθαι ουχ οπου ωνομασθη χριστος ινα μη επ αλλοτριον θεμελιον οικοδομω
romans;15;21;αλλα καθως γεγραπται οις ουκ ανηγγελη περι αυτου οψονται και οι ουκ ακηκοασιν συνησουσιν
romans;15;22;διο και ενεκοπτομην τα πολλα του ελθειν προς υμας
romans;15;23;νυνι δε μηκετι τοπον εχων εν τοις κλιμασιν τουτοις επιποθιαν δε εχων του ελθειν προς υμας απο πολλων ετων
romans;15;24;ως εαν πορευωμαι εις την σπανιαν ελευσομαι προς υμας ελπιζω γαρ διαπορευομενος θεασασθαι υμας και υφ υμων προπεμφθηναι εκει εαν υμων πρωτον απο μερους εμπλησθω
romans;15;25;νυνι δε πορευομαι εις ιερουσαλημ διακονων τοις αγιοις
romans;15;26;ευδοκησαν γαρ μακεδονια και αχαια κοινωνιαν τινα ποιησασθαι εις τους πτωχους των αγιων των εν ιερουσαλημ
romans;15;27;ευδοκησαν γαρ και οφειλεται αυτων εισιν ει γαρ τοις πνευματικοις αυτων εκοινωνησαν τα εθνη οφειλουσιν και εν τοις σαρκικοις λειτουργησαι αυτοις
romans;15;28;τουτο ουν επιτελεσας και σφραγισαμενος αυτοις τον καρπον τουτον απελευσομαι δι υμων εις την σπανιαν
romans;15;29;οιδα δε οτι ερχομενος προς υμας εν πληρωματι ευλογιας του ευαγγελιου του χριστου ελευσομαι
romans;15;30;παρακαλω δε υμας αδελφοι δια του κυριου ημων ιησου χριστου και δια της αγαπης του πνευματος συναγωνισασθαι μοι εν ταις προσευχαις υπερ εμου προς τον θεον
romans;15;31;ινα ρυσθω απο των απειθουντων εν τη ιουδαια και ινα η διακονια μου η εις ιερουσαλημ ευπροσδεκτος γενηται τοις αγιοις
romans;15;32;ινα εν χαρα ελθω προς υμας δια θεληματος θεου και συναναπαυσωμαι υμιν
romans;15;33;ο δε θεος της ειρηνης μετα παντων υμων αμην
romans;16;1;συνιστημι δε υμιν φοιβην την αδελφην ημων ουσαν διακονον της εκκλησιας της εν κεγχρεαις
romans;16;2;ινα αυτην προσδεξησθε εν κυριω αξιως των αγιων και παραστητε αυτη εν ω αν υμων χρηζη πραγματι και γαρ αυτη προστατις πολλων εγενηθη και αυτου εμου
romans;16;3;ασπασασθε πρισκιλλαν και ακυλαν τους συνεργους μου εν χριστω ιησου
romans;16;4;οιτινες υπερ της ψυχης μου τον εαυτων τραχηλον υπεθηκαν οις ουκ εγω μονος ευχαριστω αλλα και πασαι αι εκκλησιαι των εθνων
romans;16;5;και την κατ οικον αυτων εκκλησιαν ασπασασθε επαινετον τον αγαπητον μου ος εστιν απαρχη της αχαιας εις χριστον
romans;16;6;ασπασασθε μαριαμ ητις πολλα εκοπιασεν εις ημας
romans;16;7;ασπασασθε ανδρονικον και ιουνιαν τους συγγενεις μου και συναιχμαλωτους μου οιτινες εισιν επισημοι εν τοις αποστολοις οι και προ εμου γεγονασιν εν χριστω
romans;16;8;ασπασασθε αμπλιαν τον αγαπητον μου εν κυριω
romans;16;9;ασπασασθε ουρβανον τον συνεργον ημων εν χριστω και σταχυν τον αγαπητον μου
romans;16;10;ασπασασθε απελλην τον δοκιμον εν χριστω ασπασασθε τους εκ των αριστοβουλου
romans;16;11;ασπασασθε ηροδιωνα τον συγγενη μου ασπασασθε τους εκ των ναρκισσου τους οντας εν κυριω
romans;16;12;ασπασασθε τρυφαιναν και τρυφωσαν τας κοπιωσας εν κυριω ασπασασθε περσιδα την αγαπητην ητις πολλα εκοπιασεν εν κυριω
romans;16;13;ασπασασθε ρουφον τον εκλεκτον εν κυριω και την μητερα αυτου και εμου
romans;16;14;ασπασασθε ασυγκριτον φλεγοντα ερμαν πατροβαν ερμην και τους συν αυτοις αδελφους
romans;16;15;ασπασασθε φιλολογον και ιουλιαν νηρεα και την αδελφην αυτου και ολυμπαν και τους συν αυτοις παντας αγιους
romans;16;16;ασπασασθε αλληλους εν φιληματι αγιω ασπαζονται υμας αι εκκλησιαι του χριστου
romans;16;17;παρακαλω δε υμας αδελφοι σκοπειν τους τας διχοστασιας και τα σκανδαλα παρα την διδαχην ην υμεις εμαθετε ποιουντας και εκκλινατε απ αυτων
romans;16;18;οι γαρ τοιουτοι τω κυριω ημων ιησου χριστω ου δουλευουσιν αλλα τη εαυτων κοιλια και δια της χρηστολογιας και ευλογιας εξαπατωσιν τας καρδιας των ακακων
romans;16;19;η γαρ υμων υπακοη εις παντας αφικετο χαιρω ουν το εφ υμιν θελω δε υμας σοφους μεν ειναι εις το αγαθον ακεραιους δε εις το κακον
romans;16;20;ο δε θεος της ειρηνης συντριψει τον σαταναν υπο τους ποδας υμων εν ταχει η χαρις του κυριου ημων ιησου χριστου μεθ υμων
romans;16;21;ασπαζονται υμας τιμοθεος ο συνεργος μου και λουκιος και ιασων και σωσιπατρος οι συγγενεις μου
romans;16;22;ασπαζομαι υμας εγω τερτιος ο γραψας την επιστολην εν κυριω
romans;16;23;ασπαζεται υμας γαιος ο ξενος μου και της εκκλησιας ολης ασπαζεται υμας εραστος ο οικονομος της πολεως και κουαρτος ο αδελφος
romans;16;24;η χαρις του κυριου ημων ιησου χριστου μετα παντων υμων αμην
romans;16;25;τω δε δυναμενω υμας στηριξαι κατα το ευαγγελιον μου και το κηρυγμα ιησου χριστου κατα αποκαλυψιν μυστηριου χρονοις αιωνιοις σεσιγημενου
romans;16;26;φανερωθεντος δε νυν δια τε γραφων προφητικων κατ επιταγην του αιωνιου θεου εις υπακοην πιστεως εις παντα τα εθνη γνωρισθεντος
romans;16;27;μονω σοφω θεω δια ιησου χριστου η δοξα εις τους αιωνας αμην [προς ρωμαιους εγραφη απο κορινθου δια φοιβης της διακονου της εν κεγχρεαις εκκλησιας]
romans;
1-corinthians;1;1;παυλος κλητος αποστολος ιησου χριστου δια θεληματος θεου και σωσθενης ο αδελφος
1-corinthians;1;2;τη εκκλησια του θεου τη ουση εν κορινθω ηγιασμενοις εν χριστω ιησου κλητοις αγιοις συν πασιν τοις επικαλουμενοις το ονομα του κυριου ημων ιησου χριστου εν παντι τοπω αυτων τε και ημων
1-corinthians;1;3;χαρις υμιν και ειρηνη απο θεου πατρος ημων και κυριου ιησου χριστου
1-corinthians;1;4;ευχαριστω τω θεω μου παντοτε περι υμων επι τη χαριτι του θεου τη δοθειση υμιν εν χριστω ιησου
1-corinthians;1;5;οτι εν παντι επλουτισθητε εν αυτω εν παντι λογω και παση γνωσει
1-corinthians;1;6;καθως το μαρτυριον του χριστου εβεβαιωθη εν υμιν
1-corinthians;1;7;ωστε υμας μη υστερεισθαι εν μηδενι χαρισματι απεκδεχομενους την αποκαλυψιν του κυριου ημων ιησου χριστου
1-corinthians;1;8;ος και βεβαιωσει υμας εως τελους ανεγκλητους εν τη ημερα του κυριου ημων ιησου χριστου
1-corinthians;1;9;πιστος ο θεος δι ου εκληθητε εις κοινωνιαν του υιου αυτου ιησου χριστου του κυριου ημων
1-corinthians;1;10;παρακαλω δε υμας αδελφοι δια του ονοματος του κυριου ημων ιησου χριστου ινα το αυτο λεγητε παντες και μη η εν υμιν σχισματα ητε δε κατηρτισμενοι εν τω αυτω νοι και εν τη αυτη γνωμη
1-corinthians;1;11;εδηλωθη γαρ μοι περι υμων αδελφοι μου υπο των χλοης οτι εριδες εν υμιν εισιν
1-corinthians;1;12;λεγω δε τουτο οτι εκαστος υμων λεγει εγω μεν ειμι παυλου εγω δε απολλω εγω δε κηφα εγω δε χριστου
1-corinthians;1;13;μεμερισται ο χριστος μη παυλος εσταυρωθη υπερ υμων η εις το ονομα παυλου εβαπτισθητε
1-corinthians;1;14;ευχαριστω τω θεω οτι ουδενα υμων εβαπτισα ει μη κρισπον και γαιον
1-corinthians;1;15;ινα μη τις ειπη οτι εις το εμον ονομα εβαπτισα
1-corinthians;1;16;εβαπτισα δε και τον στεφανα οικον λοιπον ουκ οιδα ει τινα αλλον εβαπτισα
1-corinthians;1;17;ου γαρ απεστειλεν με χριστος βαπτιζειν αλλ ευαγγελιζεσθαι ουκ εν σοφια λογου ινα μη κενωθη ο σταυρος του χριστου
1-corinthians;1;18;ο λογος γαρ ο του σταυρου τοις μεν απολλυμενοις μωρια εστιν τοις δε σωζομενοις ημιν δυναμις θεου εστιν
1-corinthians;1;19;γεγραπται γαρ απολω την σοφιαν των σοφων και την συνεσιν των συνετων αθετησω
1-corinthians;1;20;που σοφος που γραμματευς που συζητητης του αιωνος τουτου ουχι εμωρανεν ο θεος την σοφιαν του κοσμου τουτου
1-corinthians;1;21;επειδη γαρ εν τη σοφια του θεου ουκ εγνω ο κοσμος δια της σοφιας τον θεον ευδοκησεν ο θεος δια της μωριας του κηρυγματος σωσαι τους πιστευοντας
1-corinthians;1;22;επειδη και ιουδαιοι σημειον αιτουσιν και ελληνες σοφιαν ζητουσιν
1-corinthians;1;23;ημεις δε κηρυσσομεν χριστον εσταυρωμενον ιουδαιοις μεν σκανδαλον ελλησιν δε μωριαν
1-corinthians;1;24;αυτοις δε τοις κλητοις ιουδαιοις τε και ελλησιν χριστον θεου δυναμιν και θεου σοφιαν
1-corinthians;1;25;οτι το μωρον του θεου σοφωτερον των ανθρωπων εστιν και το ασθενες του θεου ισχυροτερον των ανθρωπων εστιν
1-corinthians;1;26;βλεπετε γαρ την κλησιν υμων αδελφοι οτι ου πολλοι σοφοι κατα σαρκα ου πολλοι δυνατοι ου πολλοι ευγενεις
1-corinthians;1;27;αλλα τα μωρα του κοσμου εξελεξατο ο θεος ινα τους σοφους καταισχυνη και τα ασθενη του κοσμου εξελεξατο ο θεος ινα καταισχυνη τα ισχυρα
1-corinthians;1;28;και τα αγενη του κοσμου και τα εξουθενημενα εξελεξατο ο θεος και τα μη οντα ινα τα οντα καταργηση
1-corinthians;1;29;οπως μη καυχησηται πασα σαρξ ενωπιον αυτου
1-corinthians;1;30;εξ αυτου δε υμεις εστε εν χριστω ιησου ος εγενηθη ημιν σοφια απο θεου δικαιοσυνη τε και αγιασμος και απολυτρωσις
1-corinthians;1;31;ινα καθως γεγραπται ο καυχωμενος εν κυριω καυχασθω
1-corinthians;2;1;καγω ελθων προς υμας αδελφοι ηλθον ου καθ υπεροχην λογου η σοφιας καταγγελλων υμιν το μαρτυριον του θεου
1-corinthians;2;2;ου γαρ εκρινα του ειδεναι τι εν υμιν ει μη ιησουν χριστον και τουτον εσταυρωμενον
1-corinthians;2;3;και εγω εν ασθενεια και εν φοβω και εν τρομω πολλω εγενομην προς υμας
1-corinthians;2;4;και ο λογος μου και το κηρυγμα μου ουκ εν πειθοις ανθρωπινης σοφιας λογοις αλλ εν αποδειξει πνευματος και δυναμεως
1-corinthians;2;5;ινα η πιστις υμων μη η εν σοφια ανθρωπων αλλ εν δυναμει θεου
1-corinthians;2;6;σοφιαν δε λαλουμεν εν τοις τελειοις σοφιαν δε ου του αιωνος τουτου ουδε των αρχοντων του αιωνος τουτου των καταργουμενων
1-corinthians;2;7;αλλα λαλουμεν σοφιαν θεου εν μυστηριω την αποκεκρυμμενην ην προωρισεν ο θεος προ των αιωνων εις δοξαν ημων
1-corinthians;2;8;ην ουδεις των αρχοντων του αιωνος τουτου εγνωκεν ει γαρ εγνωσαν ουκ αν τον κυριον της δοξης εσταυρωσαν
1-corinthians;2;9;αλλα καθως γεγραπται α οφθαλμος ουκ ειδεν και ους ουκ ηκουσεν και επι καρδιαν ανθρωπου ουκ ανεβη α ητοιμασεν ο θεος τοις αγαπωσιν αυτον
1-corinthians;2;10;ημιν δε ο θεος απεκαλυψεν δια του πνευματος αυτου το γαρ πνευμα παντα ερευνα και τα βαθη του θεου
1-corinthians;2;11;τις γαρ οιδεν ανθρωπων τα του ανθρωπου ει μη το πνευμα του ανθρωπου το εν αυτω ουτως και τα του θεου ουδεις οιδεν ει μη το πνευμα του θεου
1-corinthians;2;12;ημεις δε ου το πνευμα του κοσμου ελαβομεν αλλα το πνευμα το εκ του θεου ινα ειδωμεν τα υπο του θεου χαρισθεντα ημιν
1-corinthians;2;13;α και λαλουμεν ουκ εν διδακτοις ανθρωπινης σοφιας λογοις αλλ εν διδακτοις πνευματος αγιου πνευματικοις πνευματικα συγκρινοντες
1-corinthians;2;14;ψυχικος δε ανθρωπος ου δεχεται τα του πνευματος του θεου μωρια γαρ αυτω εστιν και ου δυναται γνωναι οτι πνευματικως ανακρινεται
1-corinthians;2;15;ο δε πνευματικος ανακρινει μεν παντα αυτος δε υπ ουδενος ανακρινεται
1-corinthians;2;16;τις γαρ εγνω νουν κυριου ος συμβιβασει αυτον ημεις δε νουν χριστου εχομεν
1-corinthians;3;1;και εγω αδελφοι ουκ ηδυνηθην λαλησαι υμιν ως πνευματικοις αλλ ως σαρκικοις ως νηπιοις εν χριστω
1-corinthians;3;2;γαλα υμας εποτισα και ου βρωμα ουπω γαρ ηδυνασθε αλλ ουτε ετι νυν δυνασθε
1-corinthians;3;3;ετι γαρ σαρκικοι εστε οπου γαρ εν υμιν ζηλος και ερις και διχοστασιαι ουχι σαρκικοι εστε και κατα ανθρωπον περιπατειτε
1-corinthians;3;4;οταν γαρ λεγη τις εγω μεν ειμι παυλου ετερος δε εγω απολλω ουχι σαρκικοι εστε
1-corinthians;3;5;τις ουν εστιν παυλος τις δε απολλως αλλ η διακονοι δι ων επιστευσατε και εκαστω ως ο κυριος εδωκεν
1-corinthians;3;6;εγω εφυτευσα απολλως εποτισεν αλλ ο θεος ηυξανεν
1-corinthians;3;7;ωστε ουτε ο φυτευων εστιν τι ουτε ο ποτιζων αλλ ο αυξανων θεος
1-corinthians;3;8;ο φυτευων δε και ο ποτιζων εν εισιν εκαστος δε τον ιδιον μισθον ληψεται κατα τον ιδιον κοπον
1-corinthians;3;9;θεου γαρ εσμεν συνεργοι θεου γεωργιον θεου οικοδομη εστε
1-corinthians;3;10;κατα την χαριν του θεου την δοθεισαν μοι ως σοφος αρχιτεκτων θεμελιον τεθεικα αλλος δε εποικοδομει εκαστος δε βλεπετω πως εποικοδομει
1-corinthians;3;11;θεμελιον γαρ αλλον ουδεις δυναται θειναι παρα τον κειμενον ος εστιν ιησους ο χριστος
1-corinthians;3;12;ει δε τις εποικοδομει επι τον θεμελιον τουτον χρυσον αργυρον λιθους τιμιους ξυλα χορτον καλαμην
1-corinthians;3;13;εκαστου το εργον φανερον γενησεται η γαρ ημερα δηλωσει οτι εν πυρι αποκαλυπτεται και εκαστου το εργον οποιον εστιν το πυρ δοκιμασει
1-corinthians;3;14;ει τινος το εργον μενει ο επωκοδομησεν μισθον ληψεται
1-corinthians;3;15;ει τινος το εργον κατακαησεται ζημιωθησεται αυτος δε σωθησεται ουτως δε ως δια πυρος
1-corinthians;3;16;ουκ οιδατε οτι ναος θεου εστε και το πνευμα του θεου οικει εν υμιν
1-corinthians;3;17;ει τις τον ναον του θεου φθειρει φθερει τουτον ο θεος ο γαρ ναος του θεου αγιος εστιν οιτινες εστε υμεις
1-corinthians;3;18;μηδεις εαυτον εξαπατατω ει τις δοκει σοφος ειναι εν υμιν εν τω αιωνι τουτω μωρος γενεσθω ινα γενηται σοφος
1-corinthians;3;19;η γαρ σοφια του κοσμου τουτου μωρια παρα τω θεω εστιν γεγραπται γαρ ο δρασσομενος τους σοφους εν τη πανουργια αυτων
1-corinthians;3;20;και παλιν κυριος γινωσκει τους διαλογισμους των σοφων οτι εισιν ματαιοι
1-corinthians;3;21;ωστε μηδεις καυχασθω εν ανθρωποις παντα γαρ υμων εστιν
1-corinthians;3;22;ειτε παυλος ειτε απολλως ειτε κηφας ειτε κοσμος ειτε ζωη ειτε θανατος ειτε ενεστωτα ειτε μελλοντα παντα υμων εστιν
1-corinthians;3;23;υμεις δε χριστου χριστος δε θεου
1-corinthians;4;1;ουτως ημας λογιζεσθω ανθρωπος ως υπηρετας χριστου και οικονομους μυστηριων θεου
1-corinthians;4;2;ο δε λοιπον ζητειται εν τοις οικονομοις ινα πιστος τις ευρεθη
1-corinthians;4;3;εμοι δε εις ελαχιστον εστιν ινα υφ υμων ανακριθω η υπο ανθρωπινης ημερας αλλ ουδε εμαυτον ανακρινω
1-corinthians;4;4;ουδεν γαρ εμαυτω συνοιδα αλλ ουκ εν τουτω δεδικαιωμαι ο δε ανακρινων με κυριος εστιν
1-corinthians;4;5;ωστε μη προ καιρου τι κρινετε εως αν ελθη ο κυριος ος και φωτισει τα κρυπτα του σκοτους και φανερωσει τας βουλας των καρδιων και τοτε ο επαινος γενησεται εκαστω απο του θεου
1-corinthians;4;6;ταυτα δε αδελφοι μετεσχηματισα εις εμαυτον και απολλω δι υμας ινα εν ημιν μαθητε το μη υπερ ο γεγραπται φρονειν ινα μη εις υπερ του ενος φυσιουσθε κατα του ετερου
1-corinthians;4;7;τις γαρ σε διακρινει τι δε εχεις ο ουκ ελαβες ει δε και ελαβες τι καυχασαι ως μη λαβων
1-corinthians;4;8;ηδη κεκορεσμενοι εστε ηδη επλουτησατε χωρις ημων εβασιλευσατε και οφελον γε εβασιλευσατε ινα και ημεις υμιν συμβασιλευσωμεν
1-corinthians;4;9;δοκω γαρ οτι ο θεος ημας τους αποστολους εσχατους απεδειξεν ως επιθανατιους οτι θεατρον εγενηθημεν τω κοσμω και αγγελοις και ανθρωποις
1-corinthians;4;10;ημεις μωροι δια χριστον υμεις δε φρονιμοι εν χριστω ημεις ασθενεις υμεις δε ισχυροι υμεις ενδοξοι ημεις δε ατιμοι
1-corinthians;4;11;αχρι της αρτι ωρας και πεινωμεν και διψωμεν και γυμνητευομεν και κολαφιζομεθα και αστατουμεν
1-corinthians;4;12;και κοπιωμεν εργαζομενοι ταις ιδιαις χερσιν λοιδορουμενοι ευλογουμεν διωκομενοι ανεχομεθα
1-corinthians;4;13;βλασφημουμενοι παρακαλουμεν ως περικαθαρματα του κοσμου εγενηθημεν παντων περιψημα εως αρτι
1-corinthians;4;14;ουκ εντρεπων υμας γραφω ταυτα αλλ ως τεκνα μου αγαπητα νουθετω
1-corinthians;4;15;εαν γαρ μυριους παιδαγωγους εχητε εν χριστω αλλ ου πολλους πατερας εν γαρ χριστω ιησου δια του ευαγγελιου εγω υμας εγεννησα
1-corinthians;4;16;παρακαλω ουν υμας μιμηται μου γινεσθε
1-corinthians;4;17;δια τουτο επεμψα υμιν τιμοθεον ος εστιν τεκνον μου αγαπητον και πιστον εν κυριω ος υμας αναμνησει τας οδους μου τας εν χριστω καθως πανταχου εν παση εκκλησια διδασκω
1-corinthians;4;18;ως μη ερχομενου δε μου προς υμας εφυσιωθησαν τινες
1-corinthians;4;19;ελευσομαι δε ταχεως προς υμας εαν ο κυριος θεληση και γνωσομαι ου τον λογον των πεφυσιωμενων αλλα την δυναμιν
1-corinthians;4;20;ου γαρ εν λογω η βασιλεια του θεου αλλ εν δυναμει
1-corinthians;4;21;τι θελετε εν ραβδω ελθω προς υμας η εν αγαπη πνευματι τε πραοτητος
1-corinthians;5;1;ολως ακουεται εν υμιν πορνεια και τοιαυτη πορνεια ητις ουδε εν τοις εθνεσιν ονομαζεται ωστε γυναικα τινα του πατρος εχειν
1-corinthians;5;2;και υμεις πεφυσιωμενοι εστε και ουχι μαλλον επενθησατε ινα εξαρθη εκ μεσου υμων ο το εργον τουτο ποιησας
1-corinthians;5;3;εγω μεν γαρ ως απων τω σωματι παρων δε τω πνευματι ηδη κεκρικα ως παρων τον ουτως τουτο κατεργασαμενον
1-corinthians;5;4;εν τω ονοματι του κυριου ημων ιησου χριστου συναχθεντων υμων και του εμου πνευματος συν τη δυναμει του κυριου ημων ιησου χριστου
1-corinthians;5;5;παραδουναι τον τοιουτον τω σατανα εις ολεθρον της σαρκος ινα το πνευμα σωθη εν τη ημερα του κυριου ιησου
1-corinthians;5;6;ου καλον το καυχημα υμων ουκ οιδατε οτι μικρα ζυμη ολον το φυραμα ζυμοι
1-corinthians;5;7;εκκαθαρατε ουν την παλαιαν ζυμην ινα ητε νεον φυραμα καθως εστε αζυμοι και γαρ το πασχα ημων υπερ ημων χριστος
1-corinthians;5;8;ωστε εορταζωμεν μη εν ζυμη παλαια μηδε εν ζυμη κακιας και πονηριας αλλ εν αζυμοις ειλικρινειας και αληθειας
1-corinthians;5;9;εγραψα υμιν εν τη επιστολη μη συναναμιγνυσθαι πορνοις
1-corinthians;5;10;και ου παντως τοις πορνοις του κοσμου τουτου η τοις πλεονεκταις η αρπαξιν η ειδωλολατραις επει οφειλετε αρα εκ του κοσμου εξελθειν
1-corinthians;5;11;νυνι δε εγραψα υμιν μη συναναμιγνυσθαι εαν τις αδελφος ονομαζομενος η πορνος η πλεονεκτης η ειδωλολατρης η λοιδορος η μεθυσος η αρπαξ τω τοιουτω μηδε συνεσθιειν
1-corinthians;5;12;τι γαρ μοι και τους εξω κρινειν ουχι τους εσω υμεις κρινετε
1-corinthians;5;13;τους δε εξω ο θεος κρινει και εξαρειτε τον πονηρον εξ υμων αυτων
1-corinthians;6;1;τολμα τις υμων πραγμα εχων προς τον ετερον κρινεσθαι επι των αδικων και ουχι επι των αγιων
1-corinthians;6;2;ουκ οιδατε οτι οι αγιοι τον κοσμον κρινουσιν και ει εν υμιν κρινεται ο κοσμος αναξιοι εστε κριτηριων ελαχιστων
1-corinthians;6;3;ουκ οιδατε οτι αγγελους κρινουμεν μητι γε βιωτικα
1-corinthians;6;4;βιωτικα μεν ουν κριτηρια εαν εχητε τους εξουθενημενους εν τη εκκλησια τουτους καθιζετε
1-corinthians;6;5;προς εντροπην υμιν λεγω ουτως ουκ εστιν εν υμιν σοφος ουδε εις ος δυνησεται διακριναι ανα μεσον του αδελφου αυτου
1-corinthians;6;6;αλλα αδελφος μετα αδελφου κρινεται και τουτο επι απιστων
1-corinthians;6;7;ηδη μεν ουν ολως ηττημα εν υμιν εστιν οτι κριματα εχετε μεθ εαυτων δια τι ουχι μαλλον αδικεισθε δια τι ουχι μαλλον αποστερεισθε
1-corinthians;6;8;αλλα υμεις αδικειτε και αποστερειτε και ταυτα αδελφους
1-corinthians;6;9;η ουκ οιδατε οτι αδικοι βασιλειαν θεου ου κληρονομησουσιν μη πλανασθε ουτε πορνοι ουτε ειδωλολατραι ουτε μοιχοι ουτε μαλακοι ουτε αρσενοκοιται
1-corinthians;6;10;ουτε κλεπται ουτε πλεονεκται ουτε μεθυσοι ου λοιδοροι ουχ αρπαγες βασιλειαν θεου ου κληρονομησουσιν
1-corinthians;6;11;και ταυτα τινες ητε αλλα απελουσασθε αλλα ηγιασθητε αλλ εδικαιωθητε εν τω ονοματι του κυριου ιησου και εν τω πνευματι του θεου ημων
1-corinthians;6;12;παντα μοι εξεστιν αλλ ου παντα συμφερει παντα μοι εξεστιν αλλ ουκ εγω εξουσιασθησομαι υπο τινος
1-corinthians;6;13;τα βρωματα τη κοιλια και η κοιλια τοις βρωμασιν ο δε θεος και ταυτην και ταυτα καταργησει το δε σωμα ου τη πορνεια αλλα τω κυριω και ο κυριος τω σωματι
1-corinthians;6;14;ο δε θεος και τον κυριον ηγειρεν και ημας εξεγερει δια της δυναμεως αυτου
1-corinthians;6;15;ουκ οιδατε οτι τα σωματα υμων μελη χριστου εστιν αρας ουν τα μελη του χριστου ποιησω πορνης μελη μη γενοιτο
1-corinthians;6;16;η ουκ οιδατε οτι ο κολλωμενος τη πορνη εν σωμα εστιν εσονται γαρ φησιν οι δυο εις σαρκα μιαν
1-corinthians;6;17;ο δε κολλωμενος τω κυριω εν πνευμα εστιν
1-corinthians;6;18;φευγετε την πορνειαν παν αμαρτημα ο εαν ποιηση ανθρωπος εκτος του σωματος εστιν ο δε πορνευων εις το ιδιον σωμα αμαρτανει
1-corinthians;6;19;η ουκ οιδατε οτι το σωμα υμων ναος του εν υμιν αγιου πνευματος εστιν ου εχετε απο θεου και ουκ εστε εαυτων
1-corinthians;6;20;ηγορασθητε γαρ τιμης δοξασατε δη τον θεον εν τω σωματι υμων και εν τω πνευματι υμων ατινα εστιν του θεου
1-corinthians;7;1;περι δε ων εγραψατε μοι καλον ανθρωπω γυναικος μη απτεσθαι
1-corinthians;7;2;δια δε τας πορνειας εκαστος την εαυτου γυναικα εχετω και εκαστη τον ιδιον ανδρα εχετω
1-corinthians;7;3;τη γυναικι ο ανηρ την οφειλομενην ευνοιαν αποδιδοτω ομοιως δε και η γυνη τω ανδρι
1-corinthians;7;4;η γυνη του ιδιου σωματος ουκ εξουσιαζει αλλ ο ανηρ ομοιως δε και ο ανηρ του ιδιου σωματος ουκ εξουσιαζει αλλ η γυνη
1-corinthians;7;5;μη αποστερειτε αλληλους ει μη τι αν εκ συμφωνου προς καιρον ινα σχολαζητε τη νηστεια και τη προσευχη και παλιν επι το αυτο συνερχησθε ινα μη πειραζη υμας ο σατανας δια την ακρασιαν υμων
1-corinthians;7;6;τουτο δε λεγω κατα συγγνωμην ου κατ επιταγην
1-corinthians;7;7;θελω γαρ παντας ανθρωπους ειναι ως και εμαυτον αλλ εκαστος ιδιον χαρισμα εχει εκ θεου ος μεν ουτως ος δε ουτως
1-corinthians;7;8;λεγω δε τοις αγαμοις και ταις χηραις καλον αυτοις εστιν εαν μεινωσιν ως καγω
1-corinthians;7;9;ει δε ουκ εγκρατευονται γαμησατωσαν κρεισσον γαρ εστιν γαμησαι η πυρουσθαι
1-corinthians;7;10;τοις δε γεγαμηκοσιν παραγγελλω ουκ εγω αλλ ο κυριος γυναικα απο ανδρος μη χωρισθηναι
1-corinthians;7;11;εαν δε και χωρισθη μενετω αγαμος η τω ανδρι καταλλαγητω και ανδρα γυναικα μη αφιεναι
1-corinthians;7;12;τοις δε λοιποις εγω λεγω ουχ ο κυριος ει τις αδελφος γυναικα εχει απιστον και αυτη συνευδοκει οικειν μετ αυτου μη αφιετω αυτην
1-corinthians;7;13;και γυνη ητις εχει ανδρα απιστον και αυτος συνευδοκει οικειν μετ αυτης μη αφιετω αυτον
1-corinthians;7;14;ηγιασται γαρ ο ανηρ ο απιστος εν τη γυναικι και ηγιασται η γυνη η απιστος εν τω ανδρι επει αρα τα τεκνα υμων ακαθαρτα εστιν νυν δε αγια εστιν
1-corinthians;7;15;ει δε ο απιστος χωριζεται χωριζεσθω ου δεδουλωται ο αδελφος η η αδελφη εν τοις τοιουτοις εν δε ειρηνη κεκληκεν ημας ο θεος
1-corinthians;7;16;τι γαρ οιδας γυναι ει τον ανδρα σωσεις η τι οιδας ανερ ει την γυναικα σωσεις
1-corinthians;7;17;ει μη εκαστω ως εμερισεν ο θεος εκαστον ως κεκληκεν ο κυριος ουτως περιπατειτω και ουτως εν ταις εκκλησιαις πασαις διατασσομαι
1-corinthians;7;18;περιτετμημενος τις εκληθη μη επισπασθω εν ακροβυστια τις εκληθη μη περιτεμνεσθω
1-corinthians;7;19;η περιτομη ουδεν εστιν και η ακροβυστια ουδεν εστιν αλλα τηρησις εντολων θεου
1-corinthians;7;20;εκαστος εν τη κλησει η εκληθη εν ταυτη μενετω
1-corinthians;7;21;δουλος εκληθης μη σοι μελετω αλλ ει και δυνασαι ελευθερος γενεσθαι μαλλον χρησαι
1-corinthians;7;22;ο γαρ εν κυριω κληθεις δουλος απελευθερος κυριου εστιν ομοιως και ο ελευθερος κληθεις δουλος εστιν χριστου
1-corinthians;7;23;τιμης ηγορασθητε μη γινεσθε δουλοι ανθρωπων
1-corinthians;7;24;εκαστος εν ω εκληθη αδελφοι εν τουτω μενετω παρα τω θεω
1-corinthians;7;25;περι δε των παρθενων επιταγην κυριου ουκ εχω γνωμην δε διδωμι ως ηλεημενος υπο κυριου πιστος ειναι
1-corinthians;7;26;νομιζω ουν τουτο καλον υπαρχειν δια την ενεστωσαν αναγκην οτι καλον ανθρωπω το ουτως ειναι
1-corinthians;7;27;δεδεσαι γυναικι μη ζητει λυσιν λελυσαι απο γυναικος μη ζητει γυναικα
1-corinthians;7;28;εαν δε και γημης ουχ ημαρτες και εαν γημη η παρθενος ουχ ημαρτεν θλιψιν δε τη σαρκι εξουσιν οι τοιουτοι εγω δε υμων φειδομαι
1-corinthians;7;29;τουτο δε φημι αδελφοι ο καιρος συνεσταλμενος το λοιπον εστιν ινα και οι εχοντες γυναικας ως μη εχοντες ωσιν
1-corinthians;7;30;και οι κλαιοντες ως μη κλαιοντες και οι χαιροντες ως μη χαιροντες και οι αγοραζοντες ως μη κατεχοντες
1-corinthians;7;31;και οι χρωμενοι τω κοσμω τουτω ως μη καταχρωμενοι παραγει γαρ το σχημα του κοσμου τουτου
1-corinthians;7;32;θελω δε υμας αμεριμνους ειναι ο αγαμος μεριμνα τα του κυριου πως αρεσει τω κυριω
1-corinthians;7;33;ο δε γαμησας μεριμνα τα του κοσμου πως αρεσει τη γυναικι
1-corinthians;7;34;μεμερισται η γυνη και η παρθενος η αγαμος μεριμνα τα του κυριου ινα η αγια και σωματι και πνευματι η δε γαμησασα μεριμνα τα του κοσμου πως αρεσει τω ανδρι
1-corinthians;7;35;τουτο δε προς το υμων αυτων συμφερον λεγω ουχ ινα βροχον υμιν επιβαλω αλλα προς το ευσχημον και ευπροσεδρον τω κυριω απερισπαστως
1-corinthians;7;36;ει δε τις ασχημονειν επι την παρθενον αυτου νομιζει εαν η υπερακμος και ουτως οφειλει γινεσθαι ο θελει ποιειτω ουχ αμαρτανει γαμειτωσαν
1-corinthians;7;37;ος δε εστηκεν εδραιος εν τη καρδια μη εχων αναγκην εξουσιαν δε εχει περι του ιδιου θεληματος και τουτο κεκρικεν εν τη καρδια αυτου του τηρειν την εαυτου παρθενον καλως ποιει
1-corinthians;7;38;ωστε και ο εκγαμιζων καλως ποιει ο δε μη εκγαμιζων κρεισσον ποιει
1-corinthians;7;39;γυνη δεδεται νομω εφ οσον χρονον ζη ο ανηρ αυτης εαν δε κοιμηθη ο ανηρ αυτης ελευθερα εστιν ω θελει γαμηθηναι μονον εν κυριω
1-corinthians;7;40;μακαριωτερα δε εστιν εαν ουτως μεινη κατα την εμην γνωμην δοκω δε καγω πνευμα θεου εχειν
1-corinthians;8;1;περι δε των ειδωλοθυτων οιδαμεν οτι παντες γνωσιν εχομεν η γνωσις φυσιοι η δε αγαπη οικοδομει
1-corinthians;8;2;ει δε τις δοκει ειδεναι τι ουδεπω ουδεν εγνωκεν καθως δει γνωναι
1-corinthians;8;3;ει δε τις αγαπα τον θεον ουτος εγνωσται υπ αυτου
1-corinthians;8;4;περι της βρωσεως ουν των ειδωλοθυτων οιδαμεν οτι ουδεν ειδωλον εν κοσμω και οτι ουδεις θεος ετερος ει μη εις
1-corinthians;8;5;και γαρ ειπερ εισιν λεγομενοι θεοι ειτε εν ουρανω ειτε επι της γης ωσπερ εισιν θεοι πολλοι και κυριοι πολλοι
1-corinthians;8;6;αλλ ημιν εις θεος ο πατηρ εξ ου τα παντα και ημεις εις αυτον και εις κυριος ιησους χριστος δι ου τα παντα και ημεις δι αυτου
1-corinthians;8;7;αλλ ουκ εν πασιν η γνωσις τινες δε τη συνειδησει του ειδωλου εως αρτι ως ειδωλοθυτον εσθιουσιν και η συνειδησις αυτων ασθενης ουσα μολυνεται
1-corinthians;8;8;βρωμα δε ημας ου παριστησιν τω θεω ουτε γαρ εαν φαγωμεν περισσευομεν ουτε εαν μη φαγωμεν υστερουμεθα
1-corinthians;8;9;βλεπετε δε μηπως η εξουσια υμων αυτη προσκομμα γενηται τοις ασθενουσιν
1-corinthians;8;10;εαν γαρ τις ιδη σε τον εχοντα γνωσιν εν ειδωλειω κατακειμενον ουχι η συνειδησις αυτου ασθενους οντος οικοδομηθησεται εις το τα ειδωλοθυτα εσθιειν
1-corinthians;8;11;και απολειται ο ασθενων αδελφος επι τη ση γνωσει δι ον χριστος απεθανεν
1-corinthians;8;12;ουτως δε αμαρτανοντες εις τους αδελφους και τυπτοντες αυτων την συνειδησιν ασθενουσαν εις χριστον αμαρτανετε
1-corinthians;8;13;διοπερ ει βρωμα σκανδαλιζει τον αδελφον μου ου μη φαγω κρεα εις τον αιωνα ινα μη τον αδελφον μου σκανδαλισω
1-corinthians;9;1;ουκ ειμι αποστολος ουκ ειμι ελευθερος ουχι ιησουν χριστον τον κυριον ημων εωρακα ου το εργον μου υμεις εστε εν κυριω
1-corinthians;9;2;ει αλλοις ουκ ειμι αποστολος αλλα γε υμιν ειμι η γαρ σφραγις της εμης αποστολης υμεις εστε εν κυριω
1-corinthians;9;3;η εμη απολογια τοις εμε ανακρινουσιν αυτη εστιν
1-corinthians;9;4;μη ουκ εχομεν εξουσιαν φαγειν και πιειν
1-corinthians;9;5;μη ουκ εχομεν εξουσιαν αδελφην γυναικα περιαγειν ως και οι λοιποι αποστολοι και οι αδελφοι του κυριου και κηφας
1-corinthians;9;6;η μονος εγω και βαρναβας ουκ εχομεν εξουσιαν του μη εργαζεσθαι
1-corinthians;9;7;τις στρατευεται ιδιοις οψωνιοις ποτε τις φυτευει αμπελωνα και εκ του καρπου αυτου ουκ εσθιει η τις ποιμαινει ποιμνην και εκ του γαλακτος της ποιμνης ουκ εσθιει
1-corinthians;9;8;μη κατα ανθρωπον ταυτα λαλω η ουχι και ο νομος ταυτα λεγει
1-corinthians;9;9;εν γαρ τω μωσεως νομω γεγραπται ου φιμωσεις βουν αλοωντα μη των βοων μελει τω θεω
1-corinthians;9;10;η δι ημας παντως λεγει δι ημας γαρ εγραφη οτι επ ελπιδι οφειλει ο αροτριων αροτριαν και ο αλοων της ελπιδος αυτου μετεχειν επ ελπιδι
1-corinthians;9;11;ει ημεις υμιν τα πνευματικα εσπειραμεν μεγα ει ημεις υμων τα σαρκικα θερισομεν
1-corinthians;9;12;ει αλλοι της εξουσιας υμων μετεχουσιν ου μαλλον ημεις αλλ ουκ εχρησαμεθα τη εξουσια ταυτη αλλα παντα στεγομεν ινα μη εγκοπην τινα δωμεν τω ευαγγελιω του χριστου
1-corinthians;9;13;ουκ οιδατε οτι οι τα ιερα εργαζομενοι εκ του ιερου εσθιουσιν οι τω θυσιαστηριω προσεδρευοντες τω θυσιαστηριω συμμεριζονται
1-corinthians;9;14;ουτως και ο κυριος διεταξεν τοις το ευαγγελιον καταγγελλουσιν εκ του ευαγγελιου ζην
1-corinthians;9;15;εγω δε ουδενι εχρησαμην τουτων ουκ εγραψα δε ταυτα ινα ουτως γενηται εν εμοι καλον γαρ μοι μαλλον αποθανειν η το καυχημα μου ινα τις κενωση
1-corinthians;9;16;εαν γαρ ευαγγελιζωμαι ουκ εστιν μοι καυχημα αναγκη γαρ μοι επικειται ουαι δε μοι εστιν εαν μη ευαγγελιζωμαι
1-corinthians;9;17;ει γαρ εκων τουτο πρασσω μισθον εχω ει δε ακων οικονομιαν πεπιστευμαι
1-corinthians;9;18;τις ουν μοι εστιν ο μισθος ινα ευαγγελιζομενος αδαπανον θησω το ευαγγελιον του χριστου εις το μη καταχρησασθαι τη εξουσια μου εν τω ευαγγελιω
1-corinthians;9;19;ελευθερος γαρ ων εκ παντων πασιν εμαυτον εδουλωσα ινα τους πλειονας κερδησω
1-corinthians;9;20;και εγενομην τοις ιουδαιοις ως ιουδαιος ινα ιουδαιους κερδησω τοις υπο νομον ως υπο νομον ινα τους υπο νομον κερδησω
1-corinthians;9;21;τοις ανομοις ως ανομος μη ων ανομος θεω αλλ εννομος χριστω ινα κερδησω ανομους
1-corinthians;9;22;εγενομην τοις ασθενεσιν ως ασθενης ινα τους ασθενεις κερδησω τοις πασιν γεγονα τα παντα ινα παντως τινας σωσω
1-corinthians;9;23;τουτο δε ποιω δια το ευαγγελιον ινα συγκοινωνος αυτου γενωμαι
1-corinthians;9;24;ουκ οιδατε οτι οι εν σταδιω τρεχοντες παντες μεν τρεχουσιν εις δε λαμβανει το βραβειον ουτως τρεχετε ινα καταλαβητε
1-corinthians;9;25;πας δε ο αγωνιζομενος παντα εγκρατευεται εκεινοι μεν ουν ινα φθαρτον στεφανον λαβωσιν ημεις δε αφθαρτον
1-corinthians;9;26;εγω τοινυν ουτως τρεχω ως ουκ αδηλως ουτως πυκτευω ως ουκ αερα δερων
1-corinthians;9;27;αλλ υπωπιαζω μου το σωμα και δουλαγωγω μηπως αλλοις κηρυξας αυτος αδοκιμος γενωμαι
1-corinthians;10;1;ου θελω δε υμας αγνοειν αδελφοι οτι οι πατερες ημων παντες υπο την νεφελην ησαν και παντες δια της θαλασσης διηλθον
1-corinthians;10;2;και παντες εις τον μωσην εβαπτισαντο εν τη νεφελη και εν τη θαλασση
1-corinthians;10;3;και παντες το αυτο βρωμα πνευματικον εφαγον
1-corinthians;10;4;και παντες το αυτο πομα πνευματικον επιον επινον γαρ εκ πνευματικης ακολουθουσης πετρας η δε πετρα ην ο χριστος
1-corinthians;10;5;αλλ ουκ εν τοις πλειοσιν αυτων ευδοκησεν ο θεος κατεστρωθησαν γαρ εν τη ερημω
1-corinthians;10;6;ταυτα δε τυποι ημων εγενηθησαν εις το μη ειναι ημας επιθυμητας κακων καθως κακεινοι επεθυμησαν
1-corinthians;10;7;μηδε ειδωλολατραι γινεσθε καθως τινες αυτων ως γεγραπται εκαθισεν ο λαος φαγειν και πιειν και ανεστησαν παιζειν
1-corinthians;10;8;μηδε πορνευωμεν καθως τινες αυτων επορνευσαν και επεσον εν μια ημερα εικοσιτρεις χιλιαδες
1-corinthians;10;9;μηδε εκπειραζωμεν τον χριστον καθως και τινες αυτων επειρασαν και υπο των οφεων απωλοντο
1-corinthians;10;10;μηδε γογγυζετε καθως και τινες αυτων εγογγυσαν και απωλοντο υπο του ολοθρευτου
1-corinthians;10;11;ταυτα δε παντα τυποι συνεβαινον εκεινοις εγραφη δε προς νουθεσιαν ημων εις ους τα τελη των αιωνων κατηντησεν
1-corinthians;10;12;ωστε ο δοκων εσταναι βλεπετω μη πεση
1-corinthians;10;13;πειρασμος υμας ουκ ειληφεν ει μη ανθρωπινος πιστος δε ο θεος ος ουκ εασει υμας πειρασθηναι υπερ ο δυνασθε αλλα ποιησει συν τω πειρασμω και την εκβασιν του δυνασθαι υμας υπενεγκειν
1-corinthians;10;14;διοπερ αγαπητοι μου φευγετε απο της ειδωλολατρειας
1-corinthians;10;15;ως φρονιμοις λεγω κρινατε υμεις ο φημι
1-corinthians;10;16;το ποτηριον της ευλογιας ο ευλογουμεν ουχι κοινωνια του αιματος του χριστου εστιν τον αρτον ον κλωμεν ουχι κοινωνια του σωματος του χριστου εστιν
1-corinthians;10;17;οτι εις αρτος εν σωμα οι πολλοι εσμεν οι γαρ παντες εκ του ενος αρτου μετεχομεν
1-corinthians;10;18;βλεπετε τον ισραηλ κατα σαρκα ουχι οι εσθιοντες τας θυσιας κοινωνοι του θυσιαστηριου εισιν
1-corinthians;10;19;τι ουν φημι οτι ειδωλον τι εστιν η οτι ειδωλοθυτον τι εστιν
1-corinthians;10;20;αλλ οτι α θυει τα εθνη δαιμονιοις θυει και ου θεω ου θελω δε υμας κοινωνους των δαιμονιων γινεσθαι
1-corinthians;10;21;ου δυνασθε ποτηριον κυριου πινειν και ποτηριον δαιμονιων ου δυνασθε τραπεζης κυριου μετεχειν και τραπεζης δαιμονιων
1-corinthians;10;22;η παραζηλουμεν τον κυριον μη ισχυροτεροι αυτου εσμεν
1-corinthians;10;23;παντα μοι εξεστιν αλλ ου παντα συμφερει παντα μοι εξεστιν αλλ ου παντα οικοδομει
1-corinthians;10;24;μηδεις το εαυτου ζητειτω αλλα το του ετερου εκαστος
1-corinthians;10;25;παν το εν μακελλω πωλουμενον εσθιετε μηδεν ανακρινοντες δια την συνειδησιν
1-corinthians;10;26;του γαρ κυριου η γη και το πληρωμα αυτης
1-corinthians;10;27;ει δε τις καλει υμας των απιστων και θελετε πορευεσθαι παν το παρατιθεμενον υμιν εσθιετε μηδεν ανακρινοντες δια την συνειδησιν
1-corinthians;10;28;εαν δε τις υμιν ειπη τουτο ειδωλοθυτον εστιν μη εσθιετε δι εκεινον τον μηνυσαντα και την συνειδησιν του γαρ κυριου η γη και το πληρωμα αυτης
1-corinthians;10;29;συνειδησιν δε λεγω ουχι την εαυτου αλλα την του ετερου ινα τι γαρ η ελευθερια μου κρινεται υπο αλλης συνειδησεως
1-corinthians;10;30;ει δε εγω χαριτι μετεχω τι βλασφημουμαι υπερ ου εγω ευχαριστω
1-corinthians;10;31;ειτε ουν εσθιετε ειτε πινετε ειτε τι ποιειτε παντα εις δοξαν θεου ποιειτε
1-corinthians;10;32;απροσκοποι γινεσθε και ιουδαιοις και ελλησιν και τη εκκλησια του θεου
1-corinthians;10;33;καθως καγω παντα πασιν αρεσκω μη ζητων το εμαυτου συμφερον αλλα το των πολλων ινα σωθωσιν
1-corinthians;11;1;μιμηται μου γινεσθε καθως καγω χριστου
1-corinthians;11;2;επαινω δε υμας αδελφοι οτι παντα μου μεμνησθε και καθως παρεδωκα υμιν τας παραδοσεις κατεχετε
1-corinthians;11;3;θελω δε υμας ειδεναι οτι παντος ανδρος η κεφαλη ο χριστος εστιν κεφαλη δε γυναικος ο ανηρ κεφαλη δε χριστου ο θεος
1-corinthians;11;4;πας ανηρ προσευχομενος η προφητευων κατα κεφαλης εχων καταισχυνει την κεφαλην αυτου
1-corinthians;11;5;πασα δε γυνη προσευχομενη η προφητευουσα ακατακαλυπτω τη κεφαλη καταισχυνει την κεφαλην εαυτης εν γαρ εστιν και το αυτο τη εξυρημενη
1-corinthians;11;6;ει γαρ ου κατακαλυπτεται γυνη και κειρασθω ει δε αισχρον γυναικι το κειρασθαι η ξυρασθαι κατακαλυπτεσθω
1-corinthians;11;7;ανηρ μεν γαρ ουκ οφειλει κατακαλυπτεσθαι την κεφαλην εικων και δοξα θεου υπαρχων γυνη δε δοξα ανδρος εστιν
1-corinthians;11;8;ου γαρ εστιν ανηρ εκ γυναικος αλλα γυνη εξ ανδρος
1-corinthians;11;9;και γαρ ουκ εκτισθη ανηρ δια την γυναικα αλλα γυνη δια τον ανδρα
1-corinthians;11;10;δια τουτο οφειλει η γυνη εξουσιαν εχειν επι της κεφαλης δια τους αγγελους
1-corinthians;11;11;πλην ουτε ανηρ χωρις γυναικος ουτε γυνη χωρις ανδρος εν κυριω
1-corinthians;11;12;ωσπερ γαρ η γυνη εκ του ανδρος ουτως και ο ανηρ δια της γυναικος τα δε παντα εκ του θεου
1-corinthians;11;13;εν υμιν αυτοις κρινατε πρεπον εστιν γυναικα ακατακαλυπτον τω θεω προσευχεσθαι
1-corinthians;11;14;η ουδε αυτη η φυσις διδασκει υμας οτι ανηρ μεν εαν κομα ατιμια αυτω εστιν
1-corinthians;11;15;γυνη δε εαν κομα δοξα αυτη εστιν οτι η κομη αντι περιβολαιου δεδοται αυτη
1-corinthians;11;16;ει δε τις δοκει φιλονεικος ειναι ημεις τοιαυτην συνηθειαν ουκ εχομεν ουδε αι εκκλησιαι του θεου
1-corinthians;11;17;τουτο δε παραγγελλων ουκ επαινω οτι ουκ εις το κρειττον αλλ εις το ηττον συνερχεσθε
1-corinthians;11;18;πρωτον μεν γαρ συνερχομενων υμων εν τη εκκλησια ακουω σχισματα εν υμιν υπαρχειν και μερος τι πιστευω
1-corinthians;11;19;δει γαρ και αιρεσεις εν υμιν ειναι ινα οι δοκιμοι φανεροι γενωνται εν υμιν
1-corinthians;11;20;συνερχομενων ουν υμων επι το αυτο ουκ εστιν κυριακον δειπνον φαγειν
1-corinthians;11;21;εκαστος γαρ το ιδιον δειπνον προλαμβανει εν τω φαγειν και ος μεν πεινα ος δε μεθυει
1-corinthians;11;22;μη γαρ οικιας ουκ εχετε εις το εσθιειν και πινειν η της εκκλησιας του θεου καταφρονειτε και καταισχυνετε τους μη εχοντας τι υμιν ειπω επαινεσω υμας εν τουτω ουκ επαινω
1-corinthians;11;23;εγω γαρ παρελαβον απο του κυριου ο και παρεδωκα υμιν οτι ο κυριος ιησους εν τη νυκτι η παρεδιδοτο ελαβεν αρτον
1-corinthians;11;24;και ευχαριστησας εκλασεν και ειπεν λαβετε φαγετε τουτο μου εστιν το σωμα το υπερ υμων κλωμενον τουτο ποιειτε εις την εμην αναμνησιν
1-corinthians;11;25;ωσαυτως και το ποτηριον μετα το δειπνησαι λεγων τουτο το ποτηριον η καινη διαθηκη εστιν εν τω εμω αιματι τουτο ποιειτε οσακις αν πινητε εις την εμην αναμνησιν
1-corinthians;11;26;οσακις γαρ αν εσθιητε τον αρτον τουτον και το ποτηριον τουτο πινητε τον θανατον του κυριου καταγγελλετε αχρις ου αν ελθη
1-corinthians;11;27;ωστε ος αν εσθιη τον αρτον τουτον η πινη το ποτηριον του κυριου αναξιως ενοχος εσται του σωματος και αιματος του κυριου
1-corinthians;11;28;δοκιμαζετω δε ανθρωπος εαυτον και ουτως εκ του αρτου εσθιετω και εκ του ποτηριου πινετω
1-corinthians;11;29;ο γαρ εσθιων και πινων αναξιως κριμα εαυτω εσθιει και πινει μη διακρινων το σωμα του κυριου
1-corinthians;11;30;δια τουτο εν υμιν πολλοι ασθενεις και αρρωστοι και κοιμωνται ικανοι
1-corinthians;11;31;ει γαρ εαυτους διεκρινομεν ουκ αν εκρινομεθα
1-corinthians;11;32;κρινομενοι δε υπο κυριου παιδευομεθα ινα μη συν τω κοσμω κατακριθωμεν
1-corinthians;11;33;ωστε αδελφοι μου συνερχομενοι εις το φαγειν αλληλους εκδεχεσθε
1-corinthians;11;34;ει δε τις πεινα εν οικω εσθιετω ινα μη εις κριμα συνερχησθε τα δε λοιπα ως αν ελθω διαταξομαι
1-corinthians;12;1;περι δε των πνευματικων αδελφοι ου θελω υμας αγνοειν
1-corinthians;12;2;οιδατε οτι εθνη ητε προς τα ειδωλα τα αφωνα ως αν ηγεσθε απαγομενοι
1-corinthians;12;3;διο γνωριζω υμιν οτι ουδεις εν πνευματι θεου λαλων λεγει αναθεμα ιησουν και ουδεις δυναται ειπειν κυριον ιησουν ει μη εν πνευματι αγιω
1-corinthians;12;4;διαιρεσεις δε χαρισματων εισιν το δε αυτο πνευμα
1-corinthians;12;5;και διαιρεσεις διακονιων εισιν και ο αυτος κυριος
1-corinthians;12;6;και διαιρεσεις ενεργηματων εισιν ο δε αυτος εστιν θεος ο ενεργων τα παντα εν πασιν
1-corinthians;12;7;εκαστω δε διδοται η φανερωσις του πνευματος προς το συμφερον
1-corinthians;12;8;ω μεν γαρ δια του πνευματος διδοται λογος σοφιας αλλω δε λογος γνωσεως κατα το αυτο πνευμα
1-corinthians;12;9;ετερω δε πιστις εν τω αυτω πνευματι αλλω δε χαρισματα ιαματων εν τω αυτω πνευματι
1-corinthians;12;10;αλλω δε ενεργηματα δυναμεων αλλω δε προφητεια αλλω δε διακρισεις πνευματων ετερω δε γενη γλωσσων αλλω δε ερμηνεια γλωσσων
1-corinthians;12;11;παντα δε ταυτα ενεργει το εν και το αυτο πνευμα διαιρουν ιδια εκαστω καθως βουλεται
1-corinthians;12;12;καθαπερ γαρ το σωμα εν εστιν και μελη εχει πολλα παντα δε τα μελη του σωματος του ενος πολλα οντα εν εστιν σωμα ουτως και ο χριστος
1-corinthians;12;13;και γαρ εν ενι πνευματι ημεις παντες εις εν σωμα εβαπτισθημεν ειτε ιουδαιοι ειτε ελληνες ειτε δουλοι ειτε ελευθεροι και παντες εις εν πνευμα εποτισθημεν
1-corinthians;12;14;και γαρ το σωμα ουκ εστιν εν μελος αλλα πολλα
1-corinthians;12;15;εαν ειπη ο πους οτι ουκ ειμι χειρ ουκ ειμι εκ του σωματος ου παρα τουτο ουκ εστιν εκ του σωματος
1-corinthians;12;16;και εαν ειπη το ους οτι ουκ ειμι οφθαλμος ουκ ειμι εκ του σωματος ου παρα τουτο ουκ εστιν εκ του σωματος
1-corinthians;12;17;ει ολον το σωμα οφθαλμος που η ακοη ει ολον ακοη που η οσφρησις
1-corinthians;12;18;νυνι δε ο θεος εθετο τα μελη εν εκαστον αυτων εν τω σωματι καθως ηθελησεν
1-corinthians;12;19;ει δε ην τα παντα εν μελος που το σωμα
1-corinthians;12;20;νυν δε πολλα μεν μελη εν δε σωμα
1-corinthians;12;21;ου δυναται δε οφθαλμος ειπειν τη χειρι χρειαν σου ουκ εχω η παλιν η κεφαλη τοις ποσιν χρειαν υμων ουκ εχω
1-corinthians;12;22;αλλα πολλω μαλλον τα δοκουντα μελη του σωματος ασθενεστερα υπαρχειν αναγκαια εστιν
1-corinthians;12;23;και α δοκουμεν ατιμοτερα ειναι του σωματος τουτοις τιμην περισσοτεραν περιτιθεμεν και τα ασχημονα ημων ευσχημοσυνην περισσοτεραν εχει
1-corinthians;12;24;τα δε ευσχημονα ημων ου χρειαν εχει αλλ ο θεος συνεκερασεν το σωμα τω υστερουντι περισσοτεραν δους τιμην
1-corinthians;12;25;ινα μη η σχισμα εν τω σωματι αλλα το αυτο υπερ αλληλων μεριμνωσιν τα μελη
1-corinthians;12;26;και ειτε πασχει εν μελος συμπασχει παντα τα μελη ειτε δοξαζεται εν μελος συγχαιρει παντα τα μελη
1-corinthians;12;27;υμεις δε εστε σωμα χριστου και μελη εκ μερους
1-corinthians;12;28;και ους μεν εθετο ο θεος εν τη εκκλησια πρωτον αποστολους δευτερον προφητας τριτον διδασκαλους επειτα δυναμεις ειτα χαρισματα ιαματων αντιληψεις κυβερνησεις γενη γλωσσων
1-corinthians;12;29;μη παντες αποστολοι μη παντες προφηται μη παντες διδασκαλοι μη παντες δυναμεις
1-corinthians;12;30;μη παντες χαρισματα εχουσιν ιαματων μη παντες γλωσσαις λαλουσιν μη παντες διερμηνευουσιν
1-corinthians;12;31;ζηλουτε δε τα χαρισματα τα κρειττονα και ετι καθ υπερβολην οδον υμιν δεικνυμι
1-corinthians;13;1;εαν ταις γλωσσαις των ανθρωπων λαλω και των αγγελων αγαπην δε μη εχω γεγονα χαλκος ηχων η κυμβαλον αλαλαζον
1-corinthians;13;2;και εαν εχω προφητειαν και ειδω τα μυστηρια παντα και πασαν την γνωσιν και εαν εχω πασαν την πιστιν ωστε ορη μεθιστανειν αγαπην δε μη εχω ειμι
1-corinthians;13;3;και εαν ψωμισω παντα τα υπαρχοντα μου και εαν παραδω το σωμα μου ινα καυθησωμαι αγαπην δε μη εχω ουδεν ωφελουμαι
1-corinthians;13;4;η αγαπη μακροθυμει χρηστευεται η αγαπη ου ζηλοι η αγαπη ου περπερευεται ου φυσιουται
1-corinthians;13;5;ουκ ασχημονει ου ζητει τα εαυτης ου παροξυνεται ου λογιζεται το κακον
1-corinthians;13;6;ου χαιρει επι τη αδικια συγχαιρει δε τη αληθεια
1-corinthians;13;7;παντα στεγει παντα πιστευει παντα ελπιζει παντα υπομενει
1-corinthians;13;8;η αγαπη ουδεποτε εκπιπτει ειτε δε προφητειαι καταργηθησονται ειτε γλωσσαι παυσονται ειτε γνωσις καταργηθησεται
1-corinthians;13;9;εκ μερους γαρ γινωσκομεν και εκ μερους προφητευομεν
1-corinthians;13;10;οταν δε ελθη το τελειον τοτε το εκ μερους καταργηθησεται
1-corinthians;13;11;οτε ημην νηπιος ως νηπιος ελαλουν ως νηπιος εφρονουν ως νηπιος ελογιζομην οτε δε γεγονα ανηρ κατηργηκα τα του νηπιου
1-corinthians;13;12;βλεπομεν γαρ αρτι δι εσοπτρου εν αινιγματι τοτε δε προσωπον προς προσωπον αρτι γινωσκω εκ μερους τοτε δε επιγνωσομαι καθως και επεγνωσθην
1-corinthians;13;13;νυνι δε μενει πιστις ελπις αγαπη τα τρια ταυτα μειζων δε τουτων η αγαπη
1-corinthians;14;1;διωκετε την αγαπην ζηλουτε δε τα πνευματικα μαλλον δε ινα προφητευητε
1-corinthians;14;2;ο γαρ λαλων γλωσση ουκ ανθρωποις λαλει αλλα τω θεω ουδεις γαρ ακουει πνευματι δε λαλει μυστηρια
1-corinthians;14;3;ο δε προφητευων ανθρωποις λαλει οικοδομην και παρακλησιν και παραμυθιαν
1-corinthians;14;4;ο λαλων γλωσση εαυτον οικοδομει ο δε προφητευων εκκλησιαν οικοδομει
1-corinthians;14;5;θελω δε παντας υμας λαλειν γλωσσαις μαλλον δε ινα προφητευητε μειζων γαρ ο προφητευων η ο λαλων γλωσσαις εκτος ει μη διερμηνευη ινα η εκκλησια οικοδομην λαβη
1-corinthians;14;6;νυνι δε αδελφοι εαν ελθω προς υμας γλωσσαις λαλων τι υμας ωφελησω εαν μη υμιν λαλησω η εν αποκαλυψει η εν γνωσει η εν προφητεια η εν διδαχη
1-corinthians;14;7;ομως τα αψυχα φωνην διδοντα ειτε αυλος ειτε κιθαρα εαν διαστολην τοις φθογγοις μη δω πως γνωσθησεται το αυλουμενον η το κιθαριζομενον
1-corinthians;14;8;και γαρ εαν αδηλον φωνην σαλπιγξ δω τις παρασκευασεται εις πολεμον
1-corinthians;14;9;ουτως και υμεις δια της γλωσσης εαν μη ευσημον λογον δωτε πως γνωσθησεται το λαλουμενον εσεσθε γαρ εις αερα λαλουντες
1-corinthians;14;10;τοσαυτα ει τυχοι γενη φωνων εστιν εν κοσμω και ουδεν αφωνον
1-corinthians;14;11;εαν ουν μη ειδω την δυναμιν της φωνης εσομαι τω λαλουντι βαρβαρος και ο λαλων εν εμοι βαρβαρος
1-corinthians;14;12;ουτως και υμεις επει ζηλωται εστε πνευματων προς την οικοδομην της εκκλησιας ζητειτε ινα περισσευητε
1-corinthians;14;13;διοπερ ο λαλων γλωσση προσευχεσθω ινα διερμηνευη
1-corinthians;14;14;εαν γαρ προσευχωμαι γλωσση το πνευμα μου προσευχεται ο δε νους μου ακαρπος εστιν
1-corinthians;14;15;τι ουν εστιν προσευξομαι τω πνευματι προσευξομαι δε και τω νοι ψαλω τω πνευματι ψαλω δε και τω νοι
1-corinthians;14;16;επει εαν ευλογησης τω πνευματι ο αναπληρων τον τοπον του ιδιωτου πως ερει το αμην επι τη ση ευχαριστια επειδη τι λεγεις ουκ οιδεν
1-corinthians;14;17;συ μεν γαρ καλως ευχαριστεις αλλ ο ετερος ουκ οικοδομειται
1-corinthians;14;18;ευχαριστω τω θεω μου παντων υμων μαλλον γλωσσαις λαλων
1-corinthians;14;19;αλλ εν εκκλησια θελω πεντε λογους δια του νοος μου λαλησαι ινα και αλλους κατηχησω η μυριους λογους εν γλωσση
1-corinthians;14;20;αδελφοι μη παιδια γινεσθε ταις φρεσιν αλλα τη κακια νηπιαζετε ταις δε φρεσιν τελειοι γινεσθε
1-corinthians;14;21;εν τω νομω γεγραπται οτι εν ετερογλωσσοις και εν χειλεσιν ετεροις λαλησω τω λαω τουτω και ουδ ουτως εισακουσονται μου λεγει κυριος
1-corinthians;14;22;ωστε αι γλωσσαι εις σημειον εισιν ου τοις πιστευουσιν αλλα τοις απιστοις η δε προφητεια ου τοις απιστοις αλλα τοις πιστευουσιν
1-corinthians;14;23;εαν ουν συνελθη η εκκλησια ολη επι το αυτο και παντες γλωσσαις λαλωσιν εισελθωσιν δε ιδιωται η απιστοι ουκ ερουσιν οτι μαινεσθε
1-corinthians;14;24;εαν δε παντες προφητευωσιν εισελθη δε τις απιστος η ιδιωτης ελεγχεται υπο παντων ανακρινεται υπο παντων
1-corinthians;14;25;και ουτως τα κρυπτα της καρδιας αυτου φανερα γινεται και ουτως πεσων επι προσωπον προσκυνησει τω θεω απαγγελλων οτι ο θεος οντως εν υμιν εστιν
1-corinthians;14;26;τι ουν εστιν αδελφοι οταν συνερχησθε εκαστος υμων ψαλμον εχει διδαχην εχει γλωσσαν εχει αποκαλυψιν εχει ερμηνειαν εχει παντα προς οικοδομην γενεσθω
1-corinthians;14;27;ειτε γλωσση τις λαλει κατα δυο η το πλειστον τρεις και ανα μερος και εις διερμηνευετω
1-corinthians;14;28;εαν δε μη η διερμηνευτης σιγατω εν εκκλησια εαυτω δε λαλειτω και τω θεω
1-corinthians;14;29;προφηται δε δυο η τρεις λαλειτωσαν και οι αλλοι διακρινετωσαν
1-corinthians;14;30;εαν δε αλλω αποκαλυφθη καθημενω ο πρωτος σιγατω
1-corinthians;14;31;δυνασθε γαρ καθ ενα παντες προφητευειν ινα παντες μανθανωσιν και παντες παρακαλωνται
1-corinthians;14;32;και πνευματα προφητων προφηταις υποτασσεται
1-corinthians;14;33;ου γαρ εστιν ακαταστασιας ο θεος αλλ ειρηνης ως εν πασαις ταις εκκλησιαις των αγιων
1-corinthians;14;34;αι γυναικες υμων εν ταις εκκλησιαις σιγατωσαν ου γαρ επιτετραπται αυταις λαλειν αλλ υποτασσεσθαι καθως και ο νομος λεγει
1-corinthians;14;35;ει δε τι μαθειν θελουσιν εν οικω τους ιδιους ανδρας επερωτατωσαν αισχρον γαρ εστιν γυναιξιν εν εκκλησια λαλειν
1-corinthians;14;36;η αφ υμων ο λογος του θεου εξηλθεν η εις υμας μονους κατηντησεν
1-corinthians;14;37;ει τις δοκει προφητης ειναι η πνευματικος επιγινωσκετω α γραφω υμιν οτι του κυριου εισιν εντολαι
1-corinthians;14;38;ει δε τις αγνοει αγνοειτω
1-corinthians;14;39;ωστε αδελφοι ζηλουτε το προφητευειν και το λαλειν γλωσσαις μη κωλυετε
1-corinthians;14;40;παντα ευσχημονως και κατα ταξιν γινεσθω
1-corinthians;15;1;γνωριζω δε υμιν αδελφοι το ευαγγελιον ο ευηγγελισαμην υμιν ο και παρελαβετε εν ω και εστηκατε
1-corinthians;15;2;δι ου και σωζεσθε τινι λογω ευηγγελισαμην υμιν ει κατεχετε εκτος ει μη εικη επιστευσατε
1-corinthians;15;3;παρεδωκα γαρ υμιν εν πρωτοις ο και παρελαβον οτι χριστος απεθανεν υπερ των αμαρτιων ημων κατα τας γραφας
1-corinthians;15;4;και οτι εταφη και οτι εγηγερται τη τριτη ημερα κατα τας γραφας
1-corinthians;15;5;και οτι ωφθη κηφα ειτα τοις δωδεκα
1-corinthians;15;6;επειτα ωφθη επανω πεντακοσιοις αδελφοις εφαπαξ εξ ων οι πλειους μενουσιν εως αρτι τινες δε και εκοιμηθησαν
1-corinthians;15;7;επειτα ωφθη ιακωβω ειτα τοις αποστολοις πασιν
1-corinthians;15;8;εσχατον δε παντων ωσπερει τω εκτρωματι ωφθη καμοι
1-corinthians;15;9;εγω γαρ ειμι ο ελαχιστος των αποστολων ος ουκ ειμι ικανος καλεισθαι αποστολος διοτι εδιωξα την εκκλησιαν του θεου
1-corinthians;15;10;χαριτι δε θεου ειμι ο ειμι και η χαρις αυτου η εις εμε ου κενη εγενηθη αλλα περισσοτερον αυτων παντων εκοπιασα ουκ εγω δε αλλ η χαρις του θεου η συν εμοι
1-corinthians;15;11;ειτε ουν εγω ειτε εκεινοι ουτως κηρυσσομεν και ουτως επιστευσατε
1-corinthians;15;12;ει δε χριστος κηρυσσεται οτι εκ νεκρων εγηγερται πως λεγουσιν τινες εν υμιν οτι αναστασις νεκρων ουκ εστιν
1-corinthians;15;13;ει δε αναστασις νεκρων ουκ εστιν ουδε χριστος εγηγερται
1-corinthians;15;14;ει δε χριστος ουκ εγηγερται κενον αρα το κηρυγμα ημων κενη δε και η πιστις υμων
1-corinthians;15;15;ευρισκομεθα δε και ψευδομαρτυρες του θεου οτι εμαρτυρησαμεν κατα του θεου οτι ηγειρεν τον χριστον ον ουκ ηγειρεν ειπερ αρα νεκροι ουκ εγειρονται
1-corinthians;15;16;ει γαρ νεκροι ουκ εγειρονται ουδε χριστος εγηγερται
1-corinthians;15;17;ει δε χριστος ουκ εγηγερται ματαια η πιστις υμων ετι εστε εν ταις αμαρτιαις υμων
1-corinthians;15;18;αρα και οι κοιμηθεντες εν χριστω απωλοντο
1-corinthians;15;19;ει εν τη ζωη ταυτη ηλπικοτες εσμεν εν χριστω μονον ελεεινοτεροι παντων ανθρωπων εσμεν
1-corinthians;15;20;νυνι δε χριστος εγηγερται εκ νεκρων απαρχη των κεκοιμημενων εγενετο
1-corinthians;15;21;επειδη γαρ δι ανθρωπου ο θανατος και δι ανθρωπου αναστασις νεκρων
1-corinthians;15;22;ωσπερ γαρ εν τω αδαμ παντες αποθνησκουσιν ουτως και εν τω χριστω παντες ζωοποιηθησονται
1-corinthians;15;23;εκαστος δε εν τω ιδιω ταγματι απαρχη χριστος επειτα οι χριστου εν τη παρουσια αυτου
1-corinthians;15;24;ειτα το τελος οταν παραδω την βασιλειαν τω θεω και πατρι οταν καταργηση πασαν αρχην και πασαν εξουσιαν και δυναμιν
1-corinthians;15;25;δει γαρ αυτον βασιλευειν αχρις ου αν θη παντας τους εχθρους υπο τους ποδας αυτου
1-corinthians;15;26;εσχατος εχθρος καταργειται ο θανατος
1-corinthians;15;27;παντα γαρ υπεταξεν υπο τους ποδας αυτου οταν δε ειπη οτι παντα υποτετακται δηλον οτι εκτος του υποταξαντος αυτω τα παντα
1-corinthians;15;28;οταν δε υποταγη αυτω τα παντα τοτε και αυτος ο υιος υποταγησεται τω υποταξαντι αυτω τα παντα ινα η ο θεος τα παντα εν πασιν
1-corinthians;15;29;επει τι ποιησουσιν οι βαπτιζομενοι υπερ των νεκρων ει ολως νεκροι ουκ εγειρονται τι και βαπτιζονται υπερ των νεκρων
1-corinthians;15;30;τι και ημεις κινδυνευομεν πασαν ωραν
1-corinthians;15;31;καθ ημεραν αποθνησκω νη την καυχησιν ην εχω εν χριστω ιησου τω κυριω ημων
1-corinthians;15;32;ει κατα ανθρωπον εθηριομαχησα εν εφεσω τι μοι το οφελος ει νεκροι ουκ εγειρονται φαγωμεν και πιωμεν αυριον γαρ αποθνησκομεν
1-corinthians;15;33;μη πλανασθε φθειρουσιν ηθη χρησθ ομιλιαι κακαι
1-corinthians;15;34;εκνηψατε δικαιως και μη αμαρτανετε αγνωσιαν γαρ θεου τινες εχουσιν προς εντροπην υμιν λεγω
1-corinthians;15;35;αλλ ερει τις πως εγειρονται οι νεκροι ποιω δε σωματι ερχονται
1-corinthians;15;36;αφρον συ ο σπειρεις ου ζωοποιειται εαν μη αποθανη
1-corinthians;15;37;και ο σπειρεις ου το σωμα το γενησομενον σπειρεις αλλα γυμνον κοκκον ει τυχοι σιτου η τινος των λοιπων
1-corinthians;15;38;ο δε θεος αυτω διδωσιν σωμα καθως ηθελησεν και εκαστω των σπερματων το ιδιον σωμα
1-corinthians;15;39;ου πασα σαρξ η αυτη σαρξ αλλα αλλη μεν σαρξ ανθρωπων αλλη δε σαρξ κτηνων αλλη δε ιχθυων αλλη δε πτηνων
1-corinthians;15;40;και σωματα επουρανια και σωματα επιγεια αλλ ετερα μεν η των επουρανιων δοξα ετερα δε η των επιγειων
1-corinthians;15;41;αλλη δοξα ηλιου και αλλη δοξα σεληνης και αλλη δοξα αστερων αστηρ γαρ αστερος διαφερει εν δοξη
1-corinthians;15;42;ουτως και η αναστασις των νεκρων σπειρεται εν φθορα εγειρεται εν αφθαρσια
1-corinthians;15;43;σπειρεται εν ατιμια εγειρεται εν δοξη σπειρεται εν ασθενεια εγειρεται εν δυναμει
1-corinthians;15;44;σπειρεται σωμα ψυχικον εγειρεται σωμα πνευματικον εστιν σωμα ψυχικον και εστιν σωμα πνευματικον
1-corinthians;15;45;ουτως και γεγραπται εγενετο ο πρωτος ανθρωπος αδαμ εις ψυχην ζωσαν ο εσχατος αδαμ εις πνευμα ζωοποιουν
1-corinthians;15;46;αλλ ου πρωτον το πνευματικον αλλα το ψυχικον επειτα το πνευματικον
1-corinthians;15;47;ο πρωτος ανθρωπος εκ γης χοικος ο δευτερος ανθρωπος ο κυριος εξ ουρανου
1-corinthians;15;48;οιος ο χοικος τοιουτοι και οι χοικοι και οιος ο επουρανιος τοιουτοι και οι επουρανιοι
1-corinthians;15;49;και καθως εφορεσαμεν την εικονα του χοικου φορεσομεν και την εικονα του επουρανιου
1-corinthians;15;50;τουτο δε φημι αδελφοι οτι σαρξ και αιμα βασιλειαν θεου κληρονομησαι ου δυνανται ουδε η φθορα την αφθαρσιαν κληρονομει
1-corinthians;15;51;ιδου μυστηριον υμιν λεγω παντες μεν ου κοιμηθησομεθα παντες δε αλλαγησομεθα
1-corinthians;15;52;εν ατομω εν ριπη οφθαλμου εν τη εσχατη σαλπιγγι σαλπισει γαρ και οι νεκροι εγερθησονται αφθαρτοι και ημεις αλλαγησομεθα
1-corinthians;15;53;δει γαρ το φθαρτον τουτο ενδυσασθαι αφθαρσιαν και το θνητον τουτο ενδυσασθαι αθανασιαν
1-corinthians;15;54;οταν δε το φθαρτον τουτο ενδυσηται αφθαρσιαν και το θνητον τουτο ενδυσηται αθανασιαν τοτε γενησεται ο λογος ο γεγραμμενος κατεποθη ο θανατος εις νικος
1-corinthians;15;55;που σου θανατε το κεντρον που σου αδη το νικος
1-corinthians;15;56;το δε κεντρον του θανατου η αμαρτια η δε δυναμις της αμαρτιας ο νομος
1-corinthians;15;57;τω δε θεω χαρις τω διδοντι ημιν το νικος δια του κυριου ημων ιησου χριστου
1-corinthians;15;58;ωστε αδελφοι μου αγαπητοι εδραιοι γινεσθε αμετακινητοι περισσευοντες εν τω εργω του κυριου παντοτε ειδοτες οτι ο κοπος υμων ουκ εστιν κενος εν κυριω
1-corinthians;16;1;περι δε της λογιας της εις τους αγιους ωσπερ διεταξα ταις εκκλησιαις της γαλατιας ουτως και υμεις ποιησατε
1-corinthians;16;2;κατα μιαν σαββατων εκαστος υμων παρ εαυτω τιθετω θησαυριζων ο τι αν ευοδωται ινα μη οταν ελθω τοτε λογιαι γινωνται
1-corinthians;16;3;οταν δε παραγενωμαι ους εαν δοκιμασητε δι επιστολων τουτους πεμψω απενεγκειν την χαριν υμων εις ιερουσαλημ
1-corinthians;16;4;εαν δε η αξιον του καμε πορευεσθαι συν εμοι πορευσονται
1-corinthians;16;5;ελευσομαι δε προς υμας οταν μακεδονιαν διελθω μακεδονιαν γαρ διερχομαι
1-corinthians;16;6;προς υμας δε τυχον παραμενω η και παραχειμασω ινα υμεις με προπεμψητε ου εαν πορευωμαι
1-corinthians;16;7;ου θελω γαρ υμας αρτι εν παροδω ιδειν ελπιζω δε χρονον τινα επιμειναι προς υμας εαν ο κυριος επιτρεπη
1-corinthians;16;8;επιμενω δε εν εφεσω εως της πεντηκοστης
1-corinthians;16;9;θυρα γαρ μοι ανεωγεν μεγαλη και ενεργης και αντικειμενοι πολλοι
1-corinthians;16;10;εαν δε ελθη τιμοθεος βλεπετε ινα αφοβως γενηται προς υμας το γαρ εργον κυριου εργαζεται ως και εγω
1-corinthians;16;11;μη τις ουν αυτον εξουθενηση προπεμψατε δε αυτον εν ειρηνη ινα ελθη προς με εκδεχομαι γαρ αυτον μετα των αδελφων
1-corinthians;16;12;περι δε απολλω του αδελφου πολλα παρεκαλεσα αυτον ινα ελθη προς υμας μετα των αδελφων και παντως ουκ ην θελημα ινα νυν ελθη ελευσεται δε οταν ευκαιρηση
1-corinthians;16;13;γρηγορειτε στηκετε εν τη πιστει ανδριζεσθε κραταιουσθε
1-corinthians;16;14;παντα υμων εν αγαπη γινεσθω
1-corinthians;16;15;παρακαλω δε υμας αδελφοι οιδατε την οικιαν στεφανα οτι εστιν απαρχη της αχαιας και εις διακονιαν τοις αγιοις εταξαν εαυτους
1-corinthians;16;16;ινα και υμεις υποτασσησθε τοις τοιουτοις και παντι τω συνεργουντι και κοπιωντι
1-corinthians;16;17;χαιρω δε επι τη παρουσια στεφανα και φουρτουνατου και αχαικου οτι το υμων υστερημα ουτοι ανεπληρωσαν
1-corinthians;16;18;ανεπαυσαν γαρ το εμον πνευμα και το υμων επιγινωσκετε ουν τους τοιουτους
1-corinthians;16;19;ασπαζονται υμας αι εκκλησιαι της ασιας ασπαζονται υμας εν κυριω πολλα ακυλας και πρισκιλλα συν τη κατ οικον αυτων εκκλησια
1-corinthians;16;20;ασπαζονται υμας οι αδελφοι παντες ασπασασθε αλληλους εν φιληματι αγιω
1-corinthians;16;21;ο ασπασμος τη εμη χειρι παυλου
1-corinthians;16;22;ει τις ου φιλει τον κυριον ιησουν χριστον ητω αναθεμα μαραν αθα
1-corinthians;16;23;η χαρις του κυριου ιησου χριστου μεθ υμων
1-corinthians;16;24;η αγαπη μου μετα παντων υμων εν χριστω ιησου αμην [προς κορινθιους πρωτη εγραφη απο φιλιππων δια στεφανα και φουρτουνατου και αχαικου και τιμοθεου]
2-corinthians;1;1;παυλος αποστολος ιησου χριστου δια θεληματος θεου και τιμοθεος ο αδελφος τη εκκλησια του θεου τη ουση εν κορινθω συν τοις αγιοις πασιν τοις ουσιν εν ολη τη αχαια
2-corinthians;1;2;χαρις υμιν και ειρηνη απο θεου πατρος ημων και κυριου ιησου χριστου
2-corinthians;1;3;ευλογητος ο θεος και πατηρ του κυριου ημων ιησου χριστου ο πατηρ των οικτιρμων και θεος πασης παρακλησεως
2-corinthians;1;4;ο παρακαλων ημας επι παση τη θλιψει ημων εις το δυνασθαι ημας παρακαλειν τους εν παση θλιψει δια της παρακλησεως ης παρακαλουμεθα αυτοι υπο του θεου
2-corinthians;1;5;οτι καθως περισσευει τα παθηματα του χριστου εις ημας ουτως δια χριστου περισσευει και η παρακλησις ημων
2-corinthians;1;6;ειτε δε θλιβομεθα υπερ της υμων παρακλησεως και σωτηριας της ενεργουμενης εν υπομονη των αυτων παθηματων ων και ημεις πασχομεν ειτε παρακαλουμεθα υπερ της υμων παρακλησεως και σωτηριας και η ελπις ημων βεβαια υπερ υμων
2-corinthians;1;7;ειδοτες οτι ωσπερ κοινωνοι εστε των παθηματων ουτως και της παρακλησεως
2-corinthians;1;8;ου γαρ θελομεν υμας αγνοειν αδελφοι υπερ της θλιψεως ημων της γενομενης ημιν εν τη ασια οτι καθ υπερβολην εβαρηθημεν υπερ δυναμιν ωστε εξαπορηθηναι ημας και του ζην
2-corinthians;1;9;αλλα αυτοι εν εαυτοις το αποκριμα του θανατου εσχηκαμεν ινα μη πεποιθοτες ωμεν εφ εαυτοις αλλ επι τω θεω τω εγειροντι τους νεκρους
2-corinthians;1;10;ος εκ τηλικουτου θανατου ερρυσατο ημας και ρυεται εις ον ηλπικαμεν οτι και ετι ρυσεται
2-corinthians;1;11;συνυπουργουντων και υμων υπερ ημων τη δεησει ινα εκ πολλων προσωπων το εις ημας χαρισμα δια πολλων ευχαριστηθη υπερ ημων
2-corinthians;1;12;η γαρ καυχησις ημων αυτη εστιν το μαρτυριον της συνειδησεως ημων οτι εν απλοτητι και ειλικρινεια θεου ουκ εν σοφια σαρκικη αλλ εν χαριτι θεου ανεστραφημεν εν τω κοσμω περισσοτερως δε προς υμας
2-corinthians;1;13;ου γαρ αλλα γραφομεν υμιν αλλ η α αναγινωσκετε η και επιγινωσκετε ελπιζω δε οτι και εως τελους επιγνωσεσθε
2-corinthians;1;14;καθως και επεγνωτε ημας απο μερους οτι καυχημα υμων εσμεν καθαπερ και υμεις ημων εν τη ημερα του κυριου ιησου
2-corinthians;1;15;και ταυτη τη πεποιθησει εβουλομην προς υμας ελθειν προτερον ινα δευτεραν χαριν εχητε
2-corinthians;1;16;και δι υμων διελθειν εις μακεδονιαν και παλιν απο μακεδονιας ελθειν προς υμας και υφ υμων προπεμφθηναι εις την ιουδαιαν
2-corinthians;1;17;τουτο ουν βουλευομενος μη τι αρα τη ελαφρια εχρησαμην η α βουλευομαι κατα σαρκα βουλευομαι ινα η παρ εμοι το ναι ναι και το ου ου
2-corinthians;1;18;πιστος δε ο θεος οτι ο λογος ημων ο προς υμας ουκ εγενετο ναι και ου
2-corinthians;1;19;ο γαρ του θεου υιος ιησους χριστος ο εν υμιν δι ημων κηρυχθεις δι εμου και σιλουανου και τιμοθεου ουκ εγενετο ναι και ου αλλα ναι εν αυτω γεγονεν
2-corinthians;1;20;οσαι γαρ επαγγελιαι θεου εν αυτω το ναι και εν αυτω το αμην τω θεω προς δοξαν δι ημων
2-corinthians;1;21;ο δε βεβαιων ημας συν υμιν εις χριστον και χρισας ημας θεος
2-corinthians;1;22;ο και σφραγισαμενος ημας και δους τον αρραβωνα του πνευματος εν ταις καρδιαις ημων
2-corinthians;1;23;εγω δε μαρτυρα τον θεον επικαλουμαι επι την εμην ψυχην οτι φειδομενος υμων ουκετι ηλθον εις κορινθον
2-corinthians;1;24;ουχ οτι κυριευομεν υμων της πιστεως αλλα συνεργοι εσμεν της χαρας υμων τη γαρ πιστει εστηκατε
2-corinthians;2;1;εκρινα δε εμαυτω τουτο το μη παλιν ελθειν εν λυπη προς υμας
2-corinthians;2;2;ει γαρ εγω λυπω υμας και τις εστιν ο ευφραινων με ει μη ο λυπουμενος εξ εμου
2-corinthians;2;3;και εγραψα υμιν τουτο αυτο ινα μη ελθων λυπην εχω αφ ων εδει με χαιρειν πεποιθως επι παντας υμας οτι η εμη χαρα παντων υμων εστιν
2-corinthians;2;4;εκ γαρ πολλης θλιψεως και συνοχης καρδιας εγραψα υμιν δια πολλων δακρυων ουχ ινα λυπηθητε αλλα την αγαπην ινα γνωτε ην εχω περισσοτερως εις υμας
2-corinthians;2;5;ει δε τις λελυπηκεν ουκ εμε λελυπηκεν αλλ απο μερους ινα μη επιβαρω παντας υμας
2-corinthians;2;6;ικανον τω τοιουτω η επιτιμια αυτη η υπο των πλειονων
2-corinthians;2;7;ωστε τουναντιον μαλλον υμας χαρισασθαι και παρακαλεσαι μηπως τη περισσοτερα λυπη καταποθη ο τοιουτος
2-corinthians;2;8;διο παρακαλω υμας κυρωσαι εις αυτον αγαπην
2-corinthians;2;9;εις τουτο γαρ και εγραψα ινα γνω την δοκιμην υμων ει εις παντα υπηκοοι εστε
2-corinthians;2;10;ω δε τι χαριζεσθε και εγω και γαρ εγω ει τι κεχαρισμαι ω κεχαρισμαι δι υμας εν προσωπω χριστου
2-corinthians;2;11;ινα μη πλεονεκτηθωμεν υπο του σατανα ου γαρ αυτου τα νοηματα αγνοουμεν
2-corinthians;2;12;ελθων δε εις την τρωαδα εις το ευαγγελιον του χριστου και θυρας μοι ανεωγμενης εν κυριω
2-corinthians;2;13;ουκ εσχηκα ανεσιν τω πνευματι μου τω μη ευρειν με τιτον τον αδελφον μου αλλα αποταξαμενος αυτοις εξηλθον εις μακεδονιαν
2-corinthians;2;14;τω δε θεω χαρις τω παντοτε θριαμβευοντι ημας εν τω χριστω και την οσμην της γνωσεως αυτου φανερουντι δι ημων εν παντι τοπω
2-corinthians;2;15;οτι χριστου ευωδια εσμεν τω θεω εν τοις σωζομενοις και εν τοις απολλυμενοις
2-corinthians;2;16;οις μεν οσμη θανατου εις θανατον οις δε οσμη ζωης εις ζωην και προς ταυτα τις ικανος
2-corinthians;2;17;ου γαρ εσμεν ως οι πολλοι καπηλευοντες τον λογον του θεου αλλ ως εξ ειλικρινειας αλλ ως εκ θεου κατενωπιον του θεου εν χριστω λαλουμεν
2-corinthians;3;1;αρχομεθα παλιν εαυτους συνιστανειν μη χρηζομεν ως τινες συστατικων επιστολων προς υμας η εξ υμων συστατικων
2-corinthians;3;2;η επιστολη ημων υμεις εστε εγγεγραμμενη εν ταις καρδιαις ημων γινωσκομενη και αναγινωσκομενη υπο παντων ανθρωπων
2-corinthians;3;3;φανερουμενοι οτι εστε επιστολη χριστου διακονηθεισα υφ ημων εγγεγραμμενη ου μελανι αλλα πνευματι θεου ζωντος ουκ εν πλαξιν λιθιναις αλλ εν πλαξιν καρδιας σαρκιναις
2-corinthians;3;4;πεποιθησιν δε τοιαυτην εχομεν δια του χριστου προς τον θεον
2-corinthians;3;5;ουχ οτι ικανοι εσμεν αφ εαυτων λογισασθαι τι ως εξ εαυτων αλλ η ικανοτης ημων εκ του θεου
2-corinthians;3;6;ος και ικανωσεν ημας διακονους καινης διαθηκης ου γραμματος αλλα πνευματος το γαρ γραμμα αποκτεινει το δε πνευμα ζωοποιει
2-corinthians;3;7;ει δε η διακονια του θανατου εν γραμμασιν εντετυπωμενη εν λιθοις εγενηθη εν δοξη ωστε μη δυνασθαι ατενισαι τους υιους ισραηλ εις το προσωπον μωσεως δια την δοξαν του προσωπου αυτου την καταργουμενην
2-corinthians;3;8;πως ουχι μαλλον η διακονια του πνευματος εσται εν δοξη
2-corinthians;3;9;ει γαρ η διακονια της κατακρισεως δοξα πολλω μαλλον περισσευει η διακονια της δικαιοσυνης εν δοξη
2-corinthians;3;10;και γαρ ουδε δεδοξασται το δεδοξασμενον εν τουτω τω μερει ενεκεν της υπερβαλλουσης δοξης
2-corinthians;3;11;ει γαρ το καταργουμενον δια δοξης πολλω μαλλον το μενον εν δοξη
2-corinthians;3;12;εχοντες ουν τοιαυτην ελπιδα πολλη παρρησια χρωμεθα
2-corinthians;3;13;και ου καθαπερ μωσης ετιθει καλυμμα επι το προσωπον εαυτου προς το μη ατενισαι τους υιους ισραηλ εις το τελος του καταργουμενου
2-corinthians;3;14;αλλ επωρωθη τα νοηματα αυτων αχρι γαρ της σημερον το αυτο καλυμμα επι τη αναγνωσει της παλαιας διαθηκης μενει μη ανακαλυπτομενον ο τι εν χριστω καταργειται
2-corinthians;3;15;αλλ εως σημερον ηνικα αναγινωσκεται μωσης καλυμμα επι την καρδιαν αυτων κειται
2-corinthians;3;16;ηνικα δ αν επιστρεψη προς κυριον περιαιρειται το καλυμμα
2-corinthians;3;17;ο δε κυριος το πνευμα εστιν ου δε το πνευμα κυριου εκει ελευθερια
2-corinthians;3;18;ημεις δε παντες ανακεκαλυμμενω προσωπω την δοξαν κυριου κατοπτριζομενοι την αυτην εικονα μεταμορφουμεθα απο δοξης εις δοξαν καθαπερ απο κυριου πνευματος
2-corinthians;4;1;δια τουτο εχοντες την διακονιαν ταυτην καθως ηλεηθημεν ουκ εκκακουμεν
2-corinthians;4;2;αλλ απειπαμεθα τα κρυπτα της αισχυνης μη περιπατουντες εν πανουργια μηδε δολουντες τον λογον του θεου αλλα τη φανερωσει της αληθειας συνιστωντες εαυτους προς πασαν συνειδησιν ανθρωπων ενωπιον του θεου
2-corinthians;4;3;ει δε και εστιν κεκαλυμμενον το ευαγγελιον ημων εν τοις απολλυμενοις εστιν κεκαλυμμενον
2-corinthians;4;4;εν οις ο θεος του αιωνος τουτου ετυφλωσεν τα νοηματα των απιστων εις το μη αυγασαι αυτοις τον φωτισμον του ευαγγελιου της δοξης του χριστου ος εστιν εικων του θεου
2-corinthians;4;5;ου γαρ εαυτους κηρυσσομεν αλλα χριστον ιησουν κυριον εαυτους δε δουλους υμων δια ιησουν
2-corinthians;4;6;οτι ο θεος ο ειπων εκ σκοτους φως λαμψαι ος ελαμψεν εν ταις καρδιαις ημων προς φωτισμον της γνωσεως της δοξης του θεου εν προσωπω ιησου χριστου
2-corinthians;4;7;εχομεν δε τον θησαυρον τουτον εν οστρακινοις σκευεσιν ινα η υπερβολη της δυναμεως η του θεου και μη εξ ημων
2-corinthians;4;8;εν παντι θλιβομενοι αλλ ου στενοχωρουμενοι απορουμενοι αλλ ουκ εξαπορουμενοι
2-corinthians;4;9;διωκομενοι αλλ ουκ εγκαταλειπομενοι καταβαλλομενοι αλλ ουκ απολλυμενοι
2-corinthians;4;10;παντοτε την νεκρωσιν του κυριου ιησου εν τω σωματι περιφεροντες ινα και η ζωη του ιησου εν τω σωματι ημων φανερωθη
2-corinthians;4;11;αει γαρ ημεις οι ζωντες εις θανατον παραδιδομεθα δια ιησουν ινα και η ζωη του ιησου φανερωθη εν τη θνητη σαρκι ημων
2-corinthians;4;12;ωστε ο μεν θανατος εν ημιν ενεργειται η δε ζωη εν υμιν
2-corinthians;4;13;εχοντες δε το αυτο πνευμα της πιστεως κατα το γεγραμμενον επιστευσα διο ελαλησα και ημεις πιστευομεν διο και λαλουμεν
2-corinthians;4;14;ειδοτες οτι ο εγειρας τον κυριον ιησουν και ημας δια ιησου εγερει και παραστησει συν υμιν
2-corinthians;4;15;τα γαρ παντα δι υμας ινα η χαρις πλεονασασα δια των πλειονων την ευχαριστιαν περισσευση εις την δοξαν του θεου
2-corinthians;4;16;διο ουκ εκκακουμεν αλλ ει και ο εξω ημων ανθρωπος διαφθειρεται αλλ ο εσωθεν ανακαινουται ημερα και ημερα
2-corinthians;4;17;το γαρ παραυτικα ελαφρον της θλιψεως ημων καθ υπερβολην εις υπερβολην αιωνιον βαρος δοξης κατεργαζεται ημιν
2-corinthians;4;18;μη σκοπουντων ημων τα βλεπομενα αλλα τα μη βλεπομενα τα γαρ βλεπομενα προσκαιρα τα δε μη βλεπομενα αιωνια
2-corinthians;5;1;οιδαμεν γαρ οτι εαν η επιγειος ημων οικια του σκηνους καταλυθη οικοδομην εκ θεου εχομεν οικιαν αχειροποιητον αιωνιον εν τοις ουρανοις
2-corinthians;5;2;και γαρ εν τουτω στεναζομεν το οικητηριον ημων το εξ ουρανου επενδυσασθαι επιποθουντες
2-corinthians;5;3;ειγε και ενδυσαμενοι ου γυμνοι ευρεθησομεθα
2-corinthians;5;4;και γαρ οι οντες εν τω σκηνει στεναζομεν βαρουμενοι ου θελομεν εκδυσασθαι αλλ επενδυσασθαι ινα καταποθη το θνητον υπο της ζωης
2-corinthians;5;5;ο δε κατεργασαμενος ημας εις αυτο τουτο θεος ο και δους ημιν τον αρραβωνα του πνευματος
2-corinthians;5;6;θαρρουντες ουν παντοτε και ειδοτες οτι ενδημουντες εν τω σωματι εκδημουμεν απο του κυριου
2-corinthians;5;7;δια πιστεως γαρ περιπατουμεν ου δια ειδους
2-corinthians;5;8;θαρρουμεν δε και ευδοκουμεν μαλλον εκδημησαι εκ του σωματος και ενδημησαι προς τον κυριον
2-corinthians;5;9;διο και φιλοτιμουμεθα ειτε ενδημουντες ειτε εκδημουντες ευαρεστοι αυτω ειναι
2-corinthians;5;10;τους γαρ παντας ημας φανερωθηναι δει εμπροσθεν του βηματος του χριστου ινα κομισηται εκαστος τα δια του σωματος προς α επραξεν ειτε αγαθον ειτε κακον
2-corinthians;5;11;ειδοτες ουν τον φοβον του κυριου ανθρωπους πειθομεν θεω δε πεφανερωμεθα ελπιζω δε και εν ταις συνειδησεσιν υμων πεφανερωσθαι
2-corinthians;5;12;ου γαρ παλιν εαυτους συνιστανομεν υμιν αλλα αφορμην διδοντες υμιν καυχηματος υπερ ημων ινα εχητε προς τους εν προσωπω καυχωμενους και ου καρδια
2-corinthians;5;13;ειτε γαρ εξεστημεν θεω ειτε σωφρονουμεν υμιν
2-corinthians;5;14;η γαρ αγαπη του χριστου συνεχει ημας κριναντας τουτο οτι ει εις υπερ παντων απεθανεν αρα οι παντες απεθανον
2-corinthians;5;15;και υπερ παντων απεθανεν ινα οι ζωντες μηκετι εαυτοις ζωσιν αλλα τω υπερ αυτων αποθανοντι και εγερθεντι
2-corinthians;5;16;ωστε ημεις απο του νυν ουδενα οιδαμεν κατα σαρκα ει δε και εγνωκαμεν κατα σαρκα χριστον αλλα νυν ουκετι γινωσκομεν
2-corinthians;5;17;ωστε ει τις εν χριστω καινη κτισις τα αρχαια παρηλθεν ιδου γεγονεν καινα τα παντα
2-corinthians;5;18;τα δε παντα εκ του θεου του καταλλαξαντος ημας εαυτω δια ιησου χριστου και δοντος ημιν την διακονιαν της καταλλαγης
2-corinthians;5;19;ως οτι θεος ην εν χριστω κοσμον καταλλασσων εαυτω μη λογιζομενος αυτοις τα παραπτωματα αυτων και θεμενος εν ημιν τον λογον της καταλλαγης
2-corinthians;5;20;υπερ χριστου ουν πρεσβευομεν ως του θεου παρακαλουντος δι ημων δεομεθα υπερ χριστου καταλλαγητε τω θεω
2-corinthians;5;21;τον γαρ μη γνοντα αμαρτιαν υπερ ημων αμαρτιαν εποιησεν ινα ημεις γινωμεθα δικαιοσυνη θεου εν αυτω
2-corinthians;6;1;συνεργουντες δε και παρακαλουμεν μη εις κενον την χαριν του θεου δεξασθαι υμας
2-corinthians;6;2;λεγει γαρ καιρω δεκτω επηκουσα σου και εν ημερα σωτηριας εβοηθησα σοι ιδου νυν καιρος ευπροσδεκτος ιδου νυν ημερα σωτηριας
2-corinthians;6;3;μηδεμιαν εν μηδενι διδοντες προσκοπην ινα μη μωμηθη η διακονια
2-corinthians;6;4;αλλ εν παντι συνιστωντες εαυτους ως θεου διακονοι εν υπομονη πολλη εν θλιψεσιν εν αναγκαις εν στενοχωριαις
2-corinthians;6;5;εν πληγαις εν φυλακαις εν ακαταστασιαις εν κοποις εν αγρυπνιαις εν νηστειαις
2-corinthians;6;6;εν αγνοτητι εν γνωσει εν μακροθυμια εν χρηστοτητι εν πνευματι αγιω εν αγαπη ανυποκριτω
2-corinthians;6;7;εν λογω αληθειας εν δυναμει θεου δια των οπλων της δικαιοσυνης των δεξιων και αριστερων
2-corinthians;6;8;δια δοξης και ατιμιας δια δυσφημιας και ευφημιας ως πλανοι και αληθεις
2-corinthians;6;9;ως αγνοουμενοι και επιγινωσκομενοι ως αποθνησκοντες και ιδου ζωμεν ως παιδευομενοι και μη θανατουμενοι
2-corinthians;6;10;ως λυπουμενοι αει δε χαιροντες ως πτωχοι πολλους δε πλουτιζοντες ως μηδεν εχοντες και παντα κατεχοντες
2-corinthians;6;11;το στομα ημων ανεωγεν προς υμας κορινθιοι η καρδια ημων πεπλατυνται
2-corinthians;6;12;ου στενοχωρεισθε εν ημιν στενοχωρεισθε δε εν τοις σπλαγχνοις υμων
2-corinthians;6;13;την δε αυτην αντιμισθιαν ως τεκνοις λεγω πλατυνθητε και υμεις
2-corinthians;6;14;μη γινεσθε ετεροζυγουντες απιστοις τις γαρ μετοχη δικαιοσυνη και ανομια τις δε κοινωνια φωτι προς σκοτος
2-corinthians;6;15;τις δε συμφωνησις χριστω προς η τις μερις πιστω μετα απιστου
2-corinthians;6;16;τις δε συγκαταθεσις ναω θεου μετα ειδωλων υμεις γαρ ναος θεου εστε ζωντος καθως ειπεν ο θεος οτι ενοικησω εν αυτοις και εμπεριπατησω και εσομαι αυτων θεος και αυτοι εσονται μοι λαος
2-corinthians;6;17;διο εξελθετε εκ μεσου αυτων και αφορισθητε λεγει κυριος και ακαθαρτου μη απτεσθε καγω εισδεξομαι υμας
2-corinthians;6;18;και εσομαι υμιν εις πατερα και υμεις εσεσθε μοι εις υιους και θυγατερας λεγει κυριος παντοκρατωρ
2-corinthians;7;1;ταυτας ουν εχοντες τας επαγγελιας αγαπητοι καθαρισωμεν εαυτους απο παντος μολυσμου σαρκος και πνευματος επιτελουντες αγιωσυνην εν φοβω θεου
2-corinthians;7;2;χωρησατε ημας ουδενα ηδικησαμεν ουδενα εφθειραμεν ουδενα επλεονεκτησαμεν
2-corinthians;7;3;ου προς κατακρισιν λεγω προειρηκα γαρ οτι εν ταις καρδιαις ημων εστε εις το συναποθανειν και συζην
2-corinthians;7;4;πολλη μοι παρρησια προς υμας πολλη μοι καυχησις υπερ υμων πεπληρωμαι τη παρακλησει υπερπερισσευομαι τη χαρα επι παση τη θλιψει ημων
2-corinthians;7;5;και γαρ ελθοντων ημων εις μακεδονιαν ουδεμιαν εσχηκεν ανεσιν η σαρξ ημων αλλ εν παντι θλιβομενοι εξωθεν μαχαι εσωθεν φοβοι
2-corinthians;7;6;αλλ ο παρακαλων τους ταπεινους παρεκαλεσεν ημας ο θεος εν τη παρουσια τιτου
2-corinthians;7;7;ου μονον δε εν τη παρουσια αυτου αλλα και εν τη παρακλησει η παρεκληθη εφ υμιν αναγγελλων ημιν την υμων επιποθησιν τον υμων οδυρμον τον υμων ζηλον υπερ εμου ωστε με μαλλον χαρηναι
2-corinthians;7;8;οτι ει και ελυπησα υμας εν τη επιστολη ου μεταμελομαι ει και μετεμελομην βλεπω γαρ οτι η επιστολη εκεινη ει και προς ωραν ελυπησεν υμας
2-corinthians;7;9;νυν χαιρω ουχ οτι ελυπηθητε αλλ οτι ελυπηθητε εις μετανοιαν ελυπηθητε γαρ κατα θεον ινα εν μηδενι ζημιωθητε εξ ημων
2-corinthians;7;10;η γαρ κατα θεον λυπη μετανοιαν εις σωτηριαν αμεταμελητον κατεργαζεται η δε του κοσμου λυπη θανατον κατεργαζεται
2-corinthians;7;11;ιδου γαρ αυτο τουτο το κατα θεον λυπηθηναι υμας ποσην κατειργασατο υμιν σπουδην αλλα απολογιαν αλλα αγανακτησιν αλλα φοβον αλλα επιποθησιν αλλα ζηλον αλλ εκδικησιν εν παντι συνεστησατε εαυτους αγνους ειναι εν τω πραγματι
2-corinthians;7;12;αρα ει και εγραψα υμιν ουχ εινεκεν του αδικησαντος ουδε εινεκεν του αδικηθεντος αλλ εινεκεν του φανερωθηναι την σπουδην την υπερ προς υμας ενωπιον του θεου
2-corinthians;7;13;δια τουτο παρακεκλημεθα επι τη παρακλησει υμων περισσοτερως δε μαλλον εχαρημεν επι τη χαρα τιτου οτι αναπεπαυται το πνευμα αυτου απο παντων υμων
2-corinthians;7;14;οτι ει τι αυτω υπερ υμων κεκαυχημαι ου κατησχυνθην αλλ ως παντα εν αληθεια ελαλησαμεν υμιν ουτως και η καυχησις ημων η επι τιτου αληθεια εγενηθη
2-corinthians;7;15;και τα σπλαγχνα αυτου περισσοτερως εις υμας εστιν αναμιμνησκομενου την παντων υμων υπακοην ως μετα φοβου και τρομου εδεξασθε αυτον
2-corinthians;7;16;χαιρω οτι εν παντι θαρρω εν υμιν
2-corinthians;8;1;γνωριζομεν δε υμιν αδελφοι την χαριν του θεου την δεδομενην εν ταις εκκλησιαις της μακεδονιας
2-corinthians;8;2;οτι εν πολλη δοκιμη θλιψεως η περισσεια της χαρας αυτων και η κατα βαθους πτωχεια αυτων επερισσευσεν εις τον πλουτον της απλοτητος αυτων
2-corinthians;8;3;οτι κατα δυναμιν μαρτυρω και υπερ δυναμιν αυθαιρετοι
2-corinthians;8;4;μετα πολλης παρακλησεως δεομενοι ημων την χαριν και την κοινωνιαν της διακονιας της εις τους αγιους δεξασθαι ημας
2-corinthians;8;5;και ου καθως ηλπισαμεν αλλ εαυτους εδωκαν πρωτον τω κυριω και ημιν δια θεληματος θεου
2-corinthians;8;6;εις το παρακαλεσαι ημας τιτον ινα καθως προενηρξατο ουτως και επιτελεση εις υμας και την χαριν ταυτην
2-corinthians;8;7;αλλ ωσπερ εν παντι περισσευετε πιστει και λογω και γνωσει και παση σπουδη και τη εξ υμων εν ημιν αγαπη ινα και εν ταυτη τη χαριτι περισσευητε
2-corinthians;8;8;ου κατ επιταγην λεγω αλλα δια της ετερων σπουδης και το της υμετερας αγαπης γνησιον δοκιμαζων
2-corinthians;8;9;γινωσκετε γαρ την χαριν του κυριου ημων ιησου χριστου οτι δι υμας επτωχευσεν πλουσιος ων ινα υμεις τη εκεινου πτωχεια πλουτησητε
2-corinthians;8;10;και γνωμην εν τουτω διδωμι τουτο γαρ υμιν συμφερει οιτινες ου μονον το ποιησαι αλλα και το θελειν προενηρξασθε απο περυσι
2-corinthians;8;11;νυνι δε και το ποιησαι επιτελεσατε οπως καθαπερ η προθυμια του θελειν ουτως και το επιτελεσαι εκ του εχειν
2-corinthians;8;12;ει γαρ η προθυμια προκειται καθο εαν εχη τις ευπροσδεκτος ου καθο ουκ εχει
2-corinthians;8;13;ου γαρ ινα αλλοις ανεσις υμιν δε θλιψις αλλ εξ ισοτητος εν τω νυν καιρω το υμων περισσευμα εις το εκεινων υστερημα
2-corinthians;8;14;ινα και το εκεινων περισσευμα γενηται εις το υμων υστερημα οπως γενηται ισοτης
2-corinthians;8;15;καθως γεγραπται ο το πολυ ουκ επλεονασεν και ο το ολιγον ουκ ηλαττονησεν
2-corinthians;8;16;χαρις δε τω θεω τω διδοντι την αυτην σπουδην υπερ υμων εν τη καρδια τιτου
2-corinthians;8;17;οτι την μεν παρακλησιν εδεξατο σπουδαιοτερος δε υπαρχων αυθαιρετος εξηλθεν προς υμας
2-corinthians;8;18;συνεπεμψαμεν δε μετ αυτου τον αδελφον ου ο επαινος εν τω ευαγγελιω δια πασων των εκκλησιων
2-corinthians;8;19;ου μονον δε αλλα και χειροτονηθεις υπο των εκκλησιων συνεκδημος ημων συν τη χαριτι ταυτη τη διακονουμενη υφ ημων προς την αυτου του κυριου δοξαν και προθυμιαν υμων
2-corinthians;8;20;στελλομενοι τουτο μη τις ημας μωμησηται εν τη αδροτητι ταυτη τη διακονουμενη υφ ημων
2-corinthians;8;21;προνοουμενοι καλα ου μονον ενωπιον κυριου αλλα και ενωπιον ανθρωπων
2-corinthians;8;22;συνεπεμψαμεν δε αυτοις τον αδελφον ημων ον εδοκιμασαμεν εν πολλοις πολλακις σπουδαιον οντα νυνι δε πολυ σπουδαιοτερον πεποιθησει πολλη τη εις υμας
2-corinthians;8;23;ειτε υπερ τιτου κοινωνος εμος και εις υμας συνεργος ειτε αδελφοι ημων αποστολοι εκκλησιων δοξα χριστου
2-corinthians;8;24;την ουν ενδειξιν της αγαπης υμων και ημων καυχησεως υπερ υμων εις αυτους ενδειξασθε και εις προσωπον των εκκλησιων
2-corinthians;9;1;περι μεν γαρ της διακονιας της εις τους αγιους περισσον μοι εστιν το γραφειν υμιν
2-corinthians;9;2;οιδα γαρ την προθυμιαν υμων ην υπερ υμων καυχωμαι μακεδοσιν οτι αχαια παρεσκευασται απο περυσι και ο εξ υμων ζηλος ηρεθισεν τους πλειονας
2-corinthians;9;3;επεμψα δε τους αδελφους ινα μη το καυχημα ημων το υπερ υμων κενωθη εν τω μερει τουτω ινα καθως ελεγον παρεσκευασμενοι ητε
2-corinthians;9;4;μηπως εαν ελθωσιν συν εμοι μακεδονες και ευρωσιν υμας απαρασκευαστους καταισχυνθωμεν ημεις ινα μη λεγωμεν υμεις εν τη υποστασει ταυτη της καυχησεως
2-corinthians;9;5;αναγκαιον ουν ηγησαμην παρακαλεσαι τους αδελφους ινα προελθωσιν εις υμας και προκαταρτισωσιν την προκατηγγελμενην ευλογιαν υμων ταυτην ετοιμην ειναι ουτως ως ευλογιαν και μη ωσπερ πλεονεξιαν
2-corinthians;9;6;τουτο δε ο σπειρων φειδομενως φειδομενως και θερισει και ο σπειρων επ ευλογιαις επ ευλογιαις και θερισει
2-corinthians;9;7;εκαστος καθως προαιρειται τη καρδια μη εκ λυπης η εξ αναγκης ιλαρον γαρ δοτην αγαπα ο θεος
2-corinthians;9;8;δυνατος δε ο θεος πασαν χαριν περισσευσαι εις υμας ινα εν παντι παντοτε πασαν αυταρκειαν εχοντες περισσευητε εις παν εργον αγαθον
2-corinthians;9;9;καθως γεγραπται εσκορπισεν εδωκεν τοις πενησιν η δικαιοσυνη αυτου μενει εις τον αιωνα
2-corinthians;9;10;ο δε επιχορηγων σπερμα τω σπειροντι και αρτον εις βρωσιν χορηγησαι και πληθυναι τον σπορον υμων και αυξησαι τα γεννηματα της δικαιοσυνης υμων
2-corinthians;9;11;εν παντι πλουτιζομενοι εις πασαν απλοτητα ητις κατεργαζεται δι ημων ευχαριστιαν τω θεω
2-corinthians;9;12;οτι η διακονια της λειτουργιας ταυτης ου μονον εστιν προσαναπληρουσα τα υστερηματα των αγιων αλλα και περισσευουσα δια πολλων ευχαριστιων τω θεω
2-corinthians;9;13;δια της δοκιμης της διακονιας ταυτης δοξαζοντες τον θεον επι τη υποταγη της ομολογιας υμων εις το ευαγγελιον του χριστου και απλοτητι της κοινωνιας εις αυτους και εις παντας
2-corinthians;9;14;και αυτων δεησει υπερ υμων επιποθουντων υμας δια την υπερβαλλουσαν χαριν του θεου εφ υμιν
2-corinthians;9;15;χαρις δε τω θεω επι τη ανεκδιηγητω αυτου δωρεα
2-corinthians;10;1;αυτος δε εγω παυλος παρακαλω υμας δια της πραοτητος και επιεικειας του χριστου ος κατα προσωπον μεν ταπεινος εν υμιν απων δε θαρρω εις υμας
2-corinthians;10;2;δεομαι δε το μη παρων θαρρησαι τη πεποιθησει η λογιζομαι τολμησαι επι τινας τους λογιζομενους ημας ως κατα σαρκα περιπατουντας
2-corinthians;10;3;εν σαρκι γαρ περιπατουντες ου κατα σαρκα στρατευομεθα
2-corinthians;10;4;τα γαρ οπλα της στρατειας ημων ου σαρκικα αλλα δυνατα τω θεω προς καθαιρεσιν οχυρωματων
2-corinthians;10;5;λογισμους καθαιρουντες και παν υψωμα επαιρομενον κατα της γνωσεως του θεου και αιχμαλωτιζοντες παν νοημα εις την υπακοην του χριστου
2-corinthians;10;6;και εν ετοιμω εχοντες εκδικησαι πασαν παρακοην οταν πληρωθη υμων η υπακοη
2-corinthians;10;7;τα κατα προσωπον βλεπετε ει τις πεποιθεν εαυτω χριστου ειναι τουτο λογιζεσθω παλιν αφ εαυτου οτι καθως αυτος χριστου ουτως και ημεις χριστου
2-corinthians;10;8;εαν τε γαρ και περισσοτερον τι καυχησωμαι περι της εξουσιας ημων ης εδωκεν ο κυριος ημιν εις οικοδομην και ουκ εις καθαιρεσιν υμων ουκ αισχυνθησομαι
2-corinthians;10;9;ινα μη δοξω ως αν εκφοβειν υμας δια των επιστολων
2-corinthians;10;10;οτι αι μεν επιστολαι φησιν βαρειαι και ισχυραι η δε παρουσια του σωματος ασθενης και ο λογος εξουθενημενος
2-corinthians;10;11;τουτο λογιζεσθω ο τοιουτος οτι οιοι εσμεν τω λογω δι επιστολων αποντες τοιουτοι και παροντες τω εργω
2-corinthians;10;12;ου γαρ τολμωμεν εγκριναι η συγκριναι εαυτους τισιν των εαυτους συνιστανοντων αλλα αυτοι εν εαυτοις εαυτους μετρουντες και συγκρινοντες εαυτους εαυτοις ου συνιουσιν
2-corinthians;10;13;ημεις δε ουχι εις τα αμετρα καυχησομεθα αλλα κατα το μετρον του κανονος ου εμερισεν ημιν ο θεος μετρου εφικεσθαι αχρι και υμων
2-corinthians;10;14;ου γαρ ως μη εφικνουμενοι εις υμας υπερεκτεινομεν εαυτους αχρι γαρ και υμων εφθασαμεν εν τω ευαγγελιω του χριστου
2-corinthians;10;15;ουκ εις τα αμετρα καυχωμενοι εν αλλοτριοις κοποις ελπιδα δε εχοντες αυξανομενης της πιστεως υμων εν υμιν μεγαλυνθηναι κατα τον κανονα ημων εις περισσειαν
2-corinthians;10;16;εις τα υπερεκεινα υμων ευαγγελισασθαι ουκ εν αλλοτριω κανονι εις τα ετοιμα καυχησασθαι
2-corinthians;10;17;ο δε καυχωμενος εν κυριω καυχασθω
2-corinthians;10;18;ου γαρ ο εαυτον συνιστων εκεινος εστιν δοκιμος αλλ ον ο κυριος συνιστησιν
2-corinthians;11;1;οφελον ανειχεσθε μου μικρον τη αφροσυνη αλλα και ανεχεσθε μου
2-corinthians;11;2;ζηλω γαρ υμας θεου ζηλω ηρμοσαμην γαρ υμας ενι ανδρι παρθενον αγνην παραστησαι τω χριστω
2-corinthians;11;3;φοβουμαι δε μηπως ως ο οφις ευαν εξηπατησεν εν τη πανουργια αυτου ουτως φθαρη τα νοηματα υμων απο της απλοτητος της εις τον χριστον
2-corinthians;11;4;ει μεν γαρ ο ερχομενος αλλον ιησουν κηρυσσει ον ουκ εκηρυξαμεν η πνευμα ετερον λαμβανετε ο ουκ ελαβετε η ευαγγελιον ετερον ο ουκ εδεξασθε καλως ηνειχεσθε
2-corinthians;11;5;λογιζομαι γαρ μηδεν υστερηκεναι των υπερ λιαν αποστολων
2-corinthians;11;6;ει δε και ιδιωτης τω λογω αλλ ου τη γνωσει αλλ εν παντι φανερωθεντες εν πασιν εις υμας
2-corinthians;11;7;η αμαρτιαν εποιησα εμαυτον ταπεινων ινα υμεις υψωθητε οτι δωρεαν το του θεου ευαγγελιον ευηγγελισαμην υμιν
2-corinthians;11;8;αλλας εκκλησιας εσυλησα λαβων οψωνιον προς την υμων διακονιαν
2-corinthians;11;9;και παρων προς υμας και υστερηθεις ου κατεναρκησα ουδενος το γαρ υστερημα μου προσανεπληρωσαν οι αδελφοι ελθοντες απο μακεδονιας και εν παντι αβαρη υμιν εμαυτον ετηρησα και τηρησω
2-corinthians;11;10;εστιν αληθεια χριστου εν εμοι οτι η καυχησις αυτη ου εις εμε εν τοις κλιμασιν της αχαιας
2-corinthians;11;11;δια τι οτι ουκ αγαπω υμας ο θεος οιδεν
2-corinthians;11;12;ο δε ποιω και ποιησω ινα εκκοψω την αφορμην των θελοντων αφορμην ινα εν ω καυχωνται ευρεθωσιν καθως και ημεις
2-corinthians;11;13;οι γαρ τοιουτοι ψευδαποστολοι εργαται δολιοι μετασχηματιζομενοι εις αποστολους χριστου
2-corinthians;11;14;και ου θαυμαστον αυτος γαρ ο σατανας μετασχηματιζεται εις αγγελον φωτος
2-corinthians;11;15;ου μεγα ουν ει και οι διακονοι αυτου μετασχηματιζονται ως διακονοι δικαιοσυνης ων το τελος εσται κατα τα εργα αυτων
2-corinthians;11;16;παλιν λεγω μη τις με δοξη αφρονα ειναι ει δε μηγε καν ως αφρονα δεξασθε με ινα μικρον τι καγω καυχησωμαι
2-corinthians;11;17;ο λαλω ου λαλω κατα κυριον αλλ ως εν αφροσυνη εν ταυτη τη υποστασει της καυχησεως
2-corinthians;11;18;επει πολλοι καυχωνται κατα την σαρκα καγω καυχησομαι
2-corinthians;11;19;ηδεως γαρ ανεχεσθε των αφρονων φρονιμοι οντες
2-corinthians;11;20;ανεχεσθε γαρ ει τις υμας καταδουλοι ει τις κατεσθιει ει τις λαμβανει ει τις επαιρεται ει τις υμας εις προσωπον δερει
2-corinthians;11;21;κατα ατιμιαν λεγω ως οτι ημεις ησθενησαμεν εν ω δ αν τις τολμα εν αφροσυνη λεγω τολμω καγω
2-corinthians;11;22;εβραιοι εισιν καγω ισραηλιται εισιν καγω σπερμα αβρααμ εισιν καγω
2-corinthians;11;23;διακονοι χριστου εισιν παραφρονων λαλω υπερ εγω εν κοποις περισσοτερως εν πληγαις υπερβαλλοντως εν φυλακαις περισσοτερως εν θανατοις πολλακις
2-corinthians;11;24;υπο ιουδαιων πεντακις τεσσαρακοντα παρα μιαν ελαβον
2-corinthians;11;25;τρις ερραβδισθην απαξ ελιθασθην τρις εναυαγησα νυχθημερον εν τω βυθω πεποιηκα
2-corinthians;11;26;οδοιποριαις πολλακις κινδυνοις ποταμων κινδυνοις ληστων κινδυνοις εκ γενους κινδυνοις εξ εθνων κινδυνοις εν πολει κινδυνοις εν ερημια κινδυνοις εν θαλασση κινδυνοις εν ψευδαδελφοις
2-corinthians;11;27;εν κοπω και μοχθω εν αγρυπνιαις πολλακις εν λιμω και διψει εν νηστειαις πολλακις εν ψυχει και γυμνοτητι
2-corinthians;11;28;χωρις των παρεκτος η επισυστασις μου η καθ ημεραν η μεριμνα πασων των εκκλησιων
2-corinthians;11;29;τις ασθενει και ουκ ασθενω τις σκανδαλιζεται και ουκ εγω πυρουμαι
2-corinthians;11;30;ει καυχασθαι δει τα της ασθενειας μου καυχησομαι
2-corinthians;11;31;ο θεος και πατηρ του κυριου ημων ιησου χριστου οιδεν ο ων ευλογητος εις τους αιωνας οτι ου ψευδομαι
2-corinthians;11;32;εν δαμασκω ο εθναρχης αρετα του βασιλεως εφρουρει την δαμασκηνων πολιν πιασαι με θελων
2-corinthians;11;33;και δια θυριδος εν σαργανη εχαλασθην δια του τειχους και εξεφυγον τας χειρας αυτου
2-corinthians;12;1;καυχασθαι δη ου συμφερει μοι ελευσομαι γαρ εις οπτασιας και αποκαλυψεις κυριου
2-corinthians;12;2;οιδα ανθρωπον εν χριστω προ ετων δεκατεσσαρων ειτε εν σωματι ουκ οιδα ειτε εκτος του σωματος ουκ οιδα ο θεος οιδεν αρπαγεντα τον τοιουτον εως τριτου ουρανου
2-corinthians;12;3;και οιδα τον τοιουτον ανθρωπον ειτε εν σωματι ειτε εκτος του σωματος ουκ οιδα ο θεος οιδεν
2-corinthians;12;4;οτι ηρπαγη εις τον παραδεισον και ηκουσεν αρρητα ρηματα α ουκ εξον ανθρωπω λαλησαι
2-corinthians;12;5;υπερ του τοιουτου καυχησομαι υπερ δε εμαυτου ου καυχησομαι ει μη εν ταις ασθενειαις μου
2-corinthians;12;6;εαν γαρ θελησω καυχησασθαι ουκ εσομαι αφρων αληθειαν γαρ ερω φειδομαι δε μη τις εις εμε λογισηται υπερ ο βλεπει με η ακουει τι εξ εμου
2-corinthians;12;7;και τη υπερβολη των αποκαλυψεων ινα μη υπεραιρωμαι εδοθη μοι σκολοψ τη σαρκι αγγελος σαταν ινα με κολαφιζη ινα μη υπεραιρωμαι
2-corinthians;12;8;υπερ τουτου τρις τον κυριον παρεκαλεσα ινα αποστη απ εμου
2-corinthians;12;9;και ειρηκεν μοι αρκει σοι η χαρις μου η γαρ δυναμις μου εν ασθενεια τελειουται ηδιστα ουν μαλλον καυχησομαι εν ταις ασθενειαις μου ινα επισκηνωση επ εμε η δυναμις του χριστου
2-corinthians;12;10;διο ευδοκω εν ασθενειαις εν υβρεσιν εν αναγκαις εν διωγμοις εν στενοχωριαις υπερ χριστου οταν γαρ ασθενω τοτε δυνατος ειμι
2-corinthians;12;11;γεγονα αφρων καυχωμενος υμεις με ηναγκασατε εγω γαρ ωφειλον υφ υμων συνιστασθαι ουδεν γαρ υστερησα των υπερ λιαν αποστολων ει και ουδεν ειμι
2-corinthians;12;12;τα μεν σημεια του αποστολου κατειργασθη εν υμιν εν παση υπομονη εν σημειοις και τερασιν και δυναμεσιν
2-corinthians;12;13;τι γαρ εστιν ο ηττηθητε υπερ τας λοιπας εκκλησιας ει μη οτι αυτος εγω ου κατεναρκησα υμων χαρισασθε μοι την αδικιαν ταυτην
2-corinthians;12;14;ιδου τριτον ετοιμως εχω ελθειν προς υμας και ου καταναρκησω υμων ου γαρ ζητω τα υμων αλλ υμας ου γαρ οφειλει τα τεκνα τοις γονευσιν θησαυριζειν αλλ οι γονεις τοις τεκνοις
2-corinthians;12;15;εγω δε ηδιστα δαπανησω και εκδαπανηθησομαι υπερ των ψυχων υμων ει και περισσοτερως υμας αγαπων ηττον αγαπωμαι
2-corinthians;12;16;εστω δε εγω ου κατεβαρησα υμας αλλ υπαρχων πανουργος δολω υμας ελαβον
2-corinthians;12;17;μη τινα ων απεσταλκα προς υμας δι αυτου επλεονεκτησα υμας
2-corinthians;12;18;παρεκαλεσα τιτον και συναπεστειλα τον αδελφον μη τι επλεονεκτησεν υμας τιτος ου τω αυτω πνευματι περιεπατησαμεν ου τοις αυτοις ιχνεσιν
2-corinthians;12;19;παλιν δοκειτε οτι υμιν απολογουμεθα κατενωπιον του θεου εν χριστω λαλουμεν τα δε παντα αγαπητοι υπερ της υμων οικοδομης
2-corinthians;12;20;φοβουμαι γαρ μηπως ελθων ουχ οιους θελω ευρω υμας καγω ευρεθω υμιν οιον ου θελετε μηπως ερεις ζηλοι θυμοι εριθειαι καταλαλιαι ψιθυρισμοι φυσιωσεις ακαταστασιαι
2-corinthians;12;21;μη παλιν ελθοντα με ταπεινωση ο θεος μου προς υμας και πενθησω πολλους των προημαρτηκοτων και μη μετανοησαντων επι τη ακαθαρσια και πορνεια και ασελγεια η επραξαν
2-corinthians;13;1;τριτον τουτο ερχομαι προς υμας επι στοματος δυο μαρτυρων και τριων σταθησεται παν ρημα
2-corinthians;13;2;προειρηκα και προλεγω ως παρων το δευτερον και απων νυν γραφω τοις προημαρτηκοσιν και τοις λοιποις πασιν οτι εαν ελθω εις το παλιν ου φεισομαι
2-corinthians;13;3;επει δοκιμην ζητειτε του εν εμοι λαλουντος χριστου ος εις υμας ουκ ασθενει αλλα δυνατει εν υμιν
2-corinthians;13;4;και γαρ ει εσταυρωθη εξ ασθενειας αλλα ζη εκ δυναμεως θεου και γαρ ημεις ασθενουμεν εν αυτω αλλα ζησομεθα συν αυτω εκ δυναμεως θεου εις υμας
2-corinthians;13;5;εαυτους πειραζετε ει εστε εν τη πιστει εαυτους δοκιμαζετε η ουκ επιγινωσκετε εαυτους οτι ιησους χριστος εν υμιν εστιν ει μη τι αδοκιμοι εστε
2-corinthians;13;6;ελπιζω δε οτι γνωσεσθε οτι ημεις ουκ εσμεν αδοκιμοι
2-corinthians;13;7;ευχομαι δε προς τον θεον μη ποιησαι υμας κακον μηδεν ουχ ινα ημεις δοκιμοι φανωμεν αλλ ινα υμεις το καλον ποιητε ημεις δε ως αδοκιμοι ωμεν
2-corinthians;13;8;ου γαρ δυναμεθα τι κατα της αληθειας αλλ υπερ της αληθειας
2-corinthians;13;9;χαιρομεν γαρ οταν ημεις ασθενωμεν υμεις δε δυνατοι ητε τουτο δε και ευχομεθα την υμων καταρτισιν
2-corinthians;13;10;δια τουτο ταυτα απων γραφω ινα παρων μη αποτομως χρησωμαι κατα την εξουσιαν ην εδωκεν μοι ο κυριος εις οικοδομην και ουκ εις καθαιρεσιν
2-corinthians;13;11;λοιπον αδελφοι χαιρετε καταρτιζεσθε παρακαλεισθε το αυτο φρονειτε ειρηνευετε και ο θεος της αγαπης και ειρηνης εσται μεθ υμων
2-corinthians;13;12;ασπασασθε αλληλους εν αγιω φιληματι ασπαζονται υμας οι αγιοι παντες
2-corinthians;13;13;η χαρις του κυριου ιησου χριστου και η αγαπη του θεου και η κοινωνια του αγιου πνευματος μετα παντων υμων αμην [προς κορινθιους δευτερα εγραφη απο φιλιππων της μακεδονιας δια τιτου και λουκα]
galatians;1;1;παυλος αποστολος ουκ απ ανθρωπων ουδε δι ανθρωπου αλλα δια ιησου χριστου και θεου πατρος του εγειραντος αυτον εκ νεκρων
galatians;1;2;και οι συν εμοι παντες αδελφοι ταις εκκλησιαις της γαλατιας
galatians;1;3;χαρις υμιν και ειρηνη απο θεου πατρος και κυριου ημων ιησου χριστου
galatians;1;4;του δοντος εαυτον υπερ των αμαρτιων ημων οπως εξεληται ημας εκ του ενεστωτος αιωνος πονηρου κατα το θελημα του θεου και πατρος ημων
galatians;1;5;ω η δοξα εις τους αιωνας των αιωνων αμην
galatians;1;6;θαυμαζω οτι ουτως ταχεως μετατιθεσθε απο του καλεσαντος υμας εν χαριτι χριστου εις ετερον ευαγγελιον
galatians;1;7;ο ουκ εστιν αλλο ει μη τινες εισιν οι ταρασσοντες υμας και θελοντες μεταστρεψαι το ευαγγελιον του χριστου
galatians;1;8;αλλα και εαν ημεις η αγγελος εξ ουρανου ευαγγελιζηται υμιν παρ ο ευηγγελισαμεθα υμιν αναθεμα εστω
galatians;1;9;ως προειρηκαμεν και αρτι παλιν λεγω ει τις υμας ευαγγελιζεται παρ ο παρελαβετε αναθεμα εστω
galatians;1;10;αρτι γαρ ανθρωπους πειθω η τον θεον η ζητω ανθρωποις αρεσκειν ει γαρ ετι ανθρωποις ηρεσκον χριστου δουλος ουκ αν ημην
galatians;1;11;γνωριζω δε υμιν αδελφοι το ευαγγελιον το ευαγγελισθεν υπ εμου οτι ουκ εστιν κατα ανθρωπον
galatians;1;12;ουδε γαρ εγω παρα ανθρωπου παρελαβον αυτο ουτε εδιδαχθην αλλα δι αποκαλυψεως ιησου χριστου
galatians;1;13;ηκουσατε γαρ την εμην αναστροφην ποτε εν τω ιουδαισμω οτι καθ υπερβολην εδιωκον την εκκλησιαν του θεου και επορθουν αυτην
galatians;1;14;και προεκοπτον εν τω ιουδαισμω υπερ πολλους συνηλικιωτας εν τω γενει μου περισσοτερως ζηλωτης υπαρχων των πατρικων μου παραδοσεων
galatians;1;15;οτε δε ευδοκησεν ο θεος ο αφορισας με εκ κοιλιας μητρος μου και καλεσας δια της χαριτος αυτου
galatians;1;16;αποκαλυψαι τον υιον αυτου εν εμοι ινα ευαγγελιζωμαι αυτον εν τοις εθνεσιν ευθεως ου προσανεθεμην σαρκι και αιματι
galatians;1;17;ουδε ανηλθον εις ιεροσολυμα προς τους προ εμου αποστολους αλλ απηλθον εις αραβιαν και παλιν υπεστρεψα εις δαμασκον
galatians;1;18;επειτα μετα ετη τρια ανηλθον εις ιεροσολυμα ιστορησαι πετρον και επεμεινα προς αυτον ημερας δεκαπεντε
galatians;1;19;ετερον δε των αποστολων ουκ ειδον ει μη ιακωβον τον αδελφον του κυριου
galatians;1;20;α δε γραφω υμιν ιδου ενωπιον του θεου οτι ου ψευδομαι
galatians;1;21;επειτα ηλθον εις τα κλιματα της συριας και της κιλικιας
galatians;1;22;ημην δε αγνοουμενος τω προσωπω ταις εκκλησιαις της ιουδαιας ταις εν χριστω
galatians;1;23;μονον δε ακουοντες ησαν οτι ο διωκων ημας ποτε νυν ευαγγελιζεται την πιστιν ην ποτε επορθει
galatians;1;24;και εδοξαζον εν εμοι τον θεον
galatians;2;1;επειτα δια δεκατεσσαρων ετων παλιν ανεβην εις ιεροσολυμα μετα βαρναβα συμπαραλαβων και τιτον
galatians;2;2;ανεβην δε κατα αποκαλυψιν και ανεθεμην αυτοις το ευαγγελιον ο κηρυσσω εν τοις εθνεσιν κατ ιδιαν δε τοις δοκουσιν μηπως εις κενον τρεχω η εδραμον
galatians;2;3;αλλ ουδε τιτος ο συν εμοι ελλην ων ηναγκασθη περιτμηθηναι
galatians;2;4;δια δε τους παρεισακτους ψευδαδελφους οιτινες παρεισηλθον κατασκοπησαι την ελευθεριαν ημων ην εχομεν εν χριστω ιησου ινα ημας καταδουλωσωνται
galatians;2;5;οις ουδε προς ωραν ειξαμεν τη υποταγη ινα η αληθεια του ευαγγελιου διαμεινη προς υμας
galatians;2;6;απο δε των δοκουντων ειναι τι οποιοι ποτε ησαν ουδεν μοι διαφερει προσωπον θεος ανθρωπου ου λαμβανει εμοι γαρ οι δοκουντες ουδεν προσανεθεντο
galatians;2;7;αλλα τουναντιον ιδοντες οτι πεπιστευμαι το ευαγγελιον της ακροβυστιας καθως πετρος της περιτομης
galatians;2;8;ο γαρ ενεργησας πετρω εις αποστολην της περιτομης ενηργησεν και εμοι εις τα εθνη
galatians;2;9;και γνοντες την χαριν την δοθεισαν μοι ιακωβος και κηφας και ιωαννης οι δοκουντες στυλοι ειναι δεξιας εδωκαν εμοι και βαρναβα κοινωνιας ινα ημεις εις τα εθνη αυτοι δε εις την περιτομην
galatians;2;10;μονον των πτωχων ινα μνημονευωμεν ο και εσπουδασα αυτο τουτο ποιησαι
galatians;2;11;οτε δε ηλθεν πετρος εις αντιοχειαν κατα προσωπον αυτω αντεστην οτι κατεγνωσμενος ην
galatians;2;12;προ του γαρ ελθειν τινας απο ιακωβου μετα των εθνων συνησθιεν οτε δε ηλθον υπεστελλεν και αφωριζεν εαυτον φοβουμενος τους εκ περιτομης
galatians;2;13;και συνυπεκριθησαν αυτω και οι λοιποι ιουδαιοι ωστε και βαρναβας συναπηχθη αυτων τη υποκρισει
galatians;2;14;αλλ οτε ειδον οτι ουκ ορθοποδουσιν προς την αληθειαν του ευαγγελιου ειπον τω πετρω εμπροσθεν παντων ει συ ιουδαιος υπαρχων εθνικως ζης και ουκ ιουδαικως τι τα εθνη αναγκαζεις ιουδαιζειν
galatians;2;15;ημεις φυσει ιουδαιοι και ουκ εξ εθνων αμαρτωλοι
galatians;2;16;ειδοτες οτι ου δικαιουται ανθρωπος εξ εργων νομου εαν μη δια πιστεως ιησου χριστου και ημεις εις χριστον ιησουν επιστευσαμεν ινα δικαιωθωμεν εκ πιστεως χριστου και ουκ εξ εργων νομου διοτι ου δικαιωθησεται εξ εργων νομου πασα σαρξ
galatians;2;17;ει δε ζητουντες δικαιωθηναι εν χριστω ευρεθημεν και αυτοι αμαρτωλοι αρα χριστος αμαρτιας διακονος μη γενοιτο
galatians;2;18;ει γαρ α κατελυσα ταυτα παλιν οικοδομω παραβατην εμαυτον συνιστημι
galatians;2;19;εγω γαρ δια νομου νομω απεθανον ινα θεω ζησω
galatians;2;20;χριστω συνεσταυρωμαι ζω δε ουκετι εγω ζη δε εν εμοι χριστος ο δε νυν ζω εν σαρκι εν πιστει ζω τη του υιου του θεου του αγαπησαντος με και παραδοντος εαυτον υπερ εμου
galatians;2;21;ουκ αθετω την χαριν του θεου ει γαρ δια νομου δικαιοσυνη αρα χριστος δωρεαν απεθανεν
galatians;3;1;ω ανοητοι γαλαται τις υμας εβασκανεν τη αληθεια μη πειθεσθαι οις κατ οφθαλμους ιησους χριστος προεγραφη εν υμιν εσταυρωμενος
galatians;3;2;τουτο μονον θελω μαθειν αφ υμων εξ εργων νομου το πνευμα ελαβετε η εξ ακοης πιστεως
galatians;3;3;ουτως ανοητοι εστε εναρξαμενοι πνευματι νυν σαρκι επιτελεισθε
galatians;3;4;τοσαυτα επαθετε εικη ειγε και εικη
galatians;3;5;ο ουν επιχορηγων υμιν το πνευμα και ενεργων δυναμεις εν υμιν εξ εργων νομου η εξ ακοης πιστεως
galatians;3;6;καθως αβρααμ επιστευσεν τω θεω και ελογισθη αυτω εις δικαιοσυνην
galatians;3;7;γινωσκετε αρα οτι οι εκ πιστεως ουτοι εισιν υιοι αβρααμ
galatians;3;8;προιδουσα δε η γραφη οτι εκ πιστεως δικαιοι τα εθνη ο θεος προευηγγελισατο τω αβρααμ οτι εν σοι παντα τα εθνη
galatians;3;9;ωστε οι εκ πιστεως ευλογουνται συν τω πιστω αβρααμ
galatians;3;10;οσοι γαρ εξ εργων νομου εισιν υπο καταραν εισιν γεγραπται γαρ επικαταρατος πας ος ουκ εμμενει εν πασιν τοις γεγραμμενοις εν τω βιβλιω του νομου του ποιησαι αυτα
galatians;3;11;οτι δε εν νομω ουδεις δικαιουται παρα τω θεω δηλον οτι ο δικαιος εκ πιστεως ζησεται
galatians;3;12;ο δε νομος ουκ εστιν εκ πιστεως αλλ ο ποιησας αυτα ανθρωπος ζησεται εν αυτοις
galatians;3;13;χριστος ημας εξηγορασεν εκ της καταρας του νομου γενομενος υπερ ημων καταρα γεγραπται γαρ επικαταρατος πας ο κρεμαμενος επι ξυλου
galatians;3;14;ινα εις τα εθνη η ευλογια του αβρααμ γενηται εν χριστω ιησου ινα την επαγγελιαν του πνευματος λαβωμεν δια της πιστεως
galatians;3;15;αδελφοι κατα ανθρωπον λεγω ομως ανθρωπου κεκυρωμενην διαθηκην ουδεις αθετει η επιδιατασσεται
galatians;3;16;τω δε αβρααμ ερρηθησαν αι επαγγελιαι και τω σπερματι αυτου ου λεγει και τοις σπερμασιν ως επι πολλων αλλ ως εφ ενος και τω σπερματι σου ος εστιν χριστος
galatians;3;17;τουτο δε λεγω διαθηκην προκεκυρωμενην υπο του θεου εις χριστον ο μετα ετη τετρακοσια και τριακοντα γεγονως νομος ουκ ακυροι εις το καταργησαι την επαγγελιαν
galatians;3;18;ει γαρ εκ νομου η κληρονομια ουκετι εξ επαγγελιας τω δε αβρααμ δι επαγγελιας κεχαρισται ο θεος
galatians;3;19;τι ουν ο νομος των παραβασεων χαριν προσετεθη αχρις ου ελθη το σπερμα ω επηγγελται διαταγεις δι αγγελων εν χειρι μεσιτου
galatians;3;20;ο δε μεσιτης ενος ουκ εστιν ο δε θεος εις εστιν
galatians;3;21;ο ουν νομος κατα των επαγγελιων του θεου μη γενοιτο ει γαρ εδοθη νομος ο δυναμενος ζωοποιησαι οντως αν εκ νομου ην η δικαιοσυνη
galatians;3;22;αλλα συνεκλεισεν η γραφη τα παντα υπο αμαρτιαν ινα η επαγγελια εκ πιστεως ιησου χριστου δοθη τοις πιστευουσιν
galatians;3;23;προ του δε ελθειν την πιστιν υπο νομον εφρουρουμεθα συγκεκλεισμενοι εις την μελλουσαν πιστιν αποκαλυφθηναι
galatians;3;24;ωστε ο νομος παιδαγωγος ημων γεγονεν εις χριστον ινα εκ πιστεως δικαιωθωμεν
galatians;3;25;ελθουσης δε της πιστεως ουκετι υπο παιδαγωγον εσμεν
galatians;3;26;παντες γαρ υιοι θεου εστε δια της πιστεως εν χριστω ιησου
galatians;3;27;οσοι γαρ εις χριστον εβαπτισθητε χριστον ενεδυσασθε
galatians;3;28;ουκ ενι ιουδαιος ουδε ελλην ουκ ενι δουλος ουδε ελευθερος ουκ ενι αρσεν και θηλυ παντες γαρ υμεις εις εστε εν χριστω ιησου
galatians;3;29;ει δε υμεις χριστου αρα του αβρααμ σπερμα εστε και κατ επαγγελιαν κληρονομοι
galatians;4;1;λεγω δε εφ οσον χρονον ο κληρονομος νηπιος εστιν ουδεν διαφερει δουλου κυριος παντων ων
galatians;4;2;αλλα υπο επιτροπους εστιν και οικονομους αχρι της προθεσμιας του πατρος
galatians;4;3;ουτως και ημεις οτε ημεν νηπιοι υπο τα στοιχεια του κοσμου ημεν δεδουλωμενοι
galatians;4;4;οτε δε ηλθεν το πληρωμα του χρονου εξαπεστειλεν ο θεος τον υιον αυτου γενομενον εκ γυναικος γενομενον υπο νομον
galatians;4;5;ινα τους υπο νομον εξαγοραση ινα την υιοθεσιαν απολαβωμεν
galatians;4;6;οτι δε εστε υιοι εξαπεστειλεν ο θεος το πνευμα του υιου αυτου εις τας καρδιας υμων κραζον αββα ο πατηρ
galatians;4;7;ωστε ουκετι ει δουλος αλλ υιος ει δε υιος και κληρονομος θεου δια χριστου
galatians;4;8;αλλα τοτε μεν ουκ ειδοτες θεον εδουλευσατε τοις μη φυσει ουσιν θεοις
galatians;4;9;νυν δε γνοντες θεον μαλλον δε γνωσθεντες υπο θεου πως επιστρεφετε παλιν επι τα ασθενη και πτωχα στοιχεια οις παλιν ανωθεν δουλευειν θελετε
galatians;4;10;ημερας παρατηρεισθε και μηνας και καιρους και ενιαυτους
galatians;4;11;φοβουμαι υμας μηπως εικη κεκοπιακα εις υμας
galatians;4;12;γινεσθε ως εγω οτι καγω ως υμεις αδελφοι δεομαι υμων ουδεν με ηδικησατε
galatians;4;13;οιδατε δε οτι δι ασθενειαν της σαρκος ευηγγελισαμην υμιν το προτερον
galatians;4;14;και τον πειρασμον μου τον εν τη σαρκι μου ουκ εξουθενησατε ουδε εξεπτυσατε αλλ ως αγγελον θεου εδεξασθε με ως χριστον ιησουν
galatians;4;15;τις ουν ην ο μακαρισμος υμων μαρτυρω γαρ υμιν οτι ει δυνατον τους οφθαλμους υμων εξορυξαντες αν εδωκατε μοι
galatians;4;16;ωστε εχθρος υμων γεγονα αληθευων υμιν
galatians;4;17;ζηλουσιν υμας ου καλως αλλα εκκλεισαι υμας θελουσιν ινα αυτους ζηλουτε
galatians;4;18;καλον δε το ζηλουσθαι εν καλω παντοτε και μη μονον εν τω παρειναι με προς υμας
galatians;4;19;τεκνια μου ους παλιν ωδινω αχρις ου μορφωθη χριστος εν υμιν
galatians;4;20;ηθελον δε παρειναι προς υμας αρτι και αλλαξαι την φωνην μου οτι απορουμαι εν υμιν
galatians;4;21;λεγετε μοι οι υπο νομον θελοντες ειναι τον νομον ουκ ακουετε
galatians;4;22;γεγραπται γαρ οτι αβρααμ δυο υιους εσχεν ενα εκ της παιδισκης και ενα εκ της ελευθερας
galatians;4;23;αλλ ο μεν εκ της παιδισκης κατα σαρκα γεγεννηται ο δε εκ της ελευθερας δια της επαγγελιας
galatians;4;24;ατινα εστιν αλληγορουμενα αυται γαρ εισιν αι δυο διαθηκαι μια μεν απο ορους σινα εις δουλειαν γεννωσα ητις εστιν αγαρ
galatians;4;25;το γαρ αγαρ σινα ορος εστιν εν τη αραβια συστοιχει δε τη νυν ιερουσαλημ δουλευει δε μετα των τεκνων αυτης
galatians;4;26;η δε ανω ιερουσαλημ ελευθερα εστιν ητις εστιν μητηρ παντων ημων
galatians;4;27;γεγραπται γαρ ευφρανθητι στειρα η ου τικτουσα ρηξον και βοησον η ουκ ωδινουσα οτι πολλα τα τεκνα της ερημου μαλλον η της εχουσης τον ανδρα
galatians;4;28;ημεις δε αδελφοι κατα ισαακ επαγγελιας τεκνα εσμεν
galatians;4;29;αλλ ωσπερ τοτε ο κατα σαρκα γεννηθεις εδιωκεν τον κατα πνευμα ουτως και νυν
galatians;4;30;αλλα τι λεγει η γραφη εκβαλε την παιδισκην και τον υιον αυτης ου γαρ μη κληρονομηση ο υιος της παιδισκης μετα του υιου της ελευθερας
galatians;4;31;αρα αδελφοι ουκ εσμεν παιδισκης τεκνα αλλα της ελευθερας
galatians;5;1;τη ελευθερια ουν η χριστος ημας ηλευθερωσεν στηκετε και μη παλιν ζυγω δουλειας ενεχεσθε
galatians;5;2;ιδε εγω παυλος λεγω υμιν οτι εαν περιτεμνησθε χριστος υμας ουδεν ωφελησει
galatians;5;3;μαρτυρομαι δε παλιν παντι ανθρωπω περιτεμνομενω οτι οφειλετης εστιν ολον τον νομον ποιησαι
galatians;5;4;κατηργηθητε απο του χριστου οιτινες εν νομω δικαιουσθε της χαριτος εξεπεσατε
galatians;5;5;ημεις γαρ πνευματι εκ πιστεως ελπιδα δικαιοσυνης απεκδεχομεθα
galatians;5;6;εν γαρ χριστω ιησου ουτε περιτομη τι ισχυει ουτε ακροβυστια αλλα πιστις δι αγαπης ενεργουμενη
galatians;5;7;ετρεχετε καλως τις υμας ανεκοψεν τη αληθεια μη πειθεσθαι
galatians;5;8;η πεισμονη ουκ εκ του καλουντος υμας
galatians;5;9;μικρα ζυμη ολον το φυραμα ζυμοι
galatians;5;10;εγω πεποιθα εις υμας εν κυριω οτι ουδεν αλλο φρονησετε ο δε ταρασσων υμας βαστασει το κριμα οστις αν η
galatians;5;11;εγω δε αδελφοι ει περιτομην ετι κηρυσσω τι ετι διωκομαι αρα κατηργηται το σκανδαλον του σταυρου
galatians;5;12;οφελον και αποκοψονται οι αναστατουντες υμας
galatians;5;13;υμεις γαρ επ ελευθερια εκληθητε αδελφοι μονον μη την ελευθεριαν εις αφορμην τη σαρκι αλλα δια της αγαπης δουλευετε αλληλοις
galatians;5;14;ο γαρ πας νομος εν ενι λογω πληρουται εν τω αγαπησεις τον πλησιον σου ως εαυτον
galatians;5;15;ει δε αλληλους δακνετε και κατεσθιετε βλεπετε μη υπο αλληλων αναλωθητε
galatians;5;16;λεγω δε πνευματι περιπατειτε και επιθυμιαν σαρκος ου μη τελεσητε
galatians;5;17;η γαρ σαρξ επιθυμει κατα του πνευματος το δε πνευμα κατα της σαρκος ταυτα δε αντικειται αλληλοις ινα μη α αν θελητε ταυτα ποιητε
galatians;5;18;ει δε πνευματι αγεσθε ουκ εστε υπο νομον
galatians;5;19;φανερα δε εστιν τα εργα της σαρκος ατινα εστιν μοιχεια πορνεια ακαθαρσια ασελγεια
galatians;5;20;ειδωλολατρεια φαρμακεια εχθραι ερεις ζηλοι θυμοι εριθειαι διχοστασιαι αιρεσεις
galatians;5;21;φθονοι φονοι μεθαι κωμοι και τα ομοια τουτοις α προλεγω υμιν καθως και προειπον οτι οι τα τοιαυτα πρασσοντες βασιλειαν θεου ου κληρονομησουσιν
galatians;5;22;ο δε καρπος του πνευματος εστιν αγαπη χαρα ειρηνη μακροθυμια χρηστοτης αγαθωσυνη πιστις
galatians;5;23;πραοτης εγκρατεια κατα των τοιουτων ουκ εστιν νομος
galatians;5;24;οι δε του χριστου την σαρκα εσταυρωσαν συν τοις παθημασιν και ταις επιθυμιαις
galatians;5;25;ει ζωμεν πνευματι πνευματι και στοιχωμεν
galatians;5;26;μη γινωμεθα κενοδοξοι αλληλους προκαλουμενοι αλληλοις φθονουντες
galatians;6;1;αδελφοι εαν και προληφθη ανθρωπος εν τινι παραπτωματι υμεις οι πνευματικοι καταρτιζετε τον τοιουτον εν πνευματι πραοτητος σκοπων σεαυτον μη και συ πειρασθης
galatians;6;2;αλληλων τα βαρη βασταζετε και ουτως αναπληρωσατε τον νομον του χριστου
galatians;6;3;ει γαρ δοκει τις ειναι τι μηδεν ων εαυτον φρεναπατα
galatians;6;4;το δε εργον εαυτου δοκιμαζετω εκαστος και τοτε εις εαυτον μονον το καυχημα εξει και ουκ εις τον ετερον
galatians;6;5;εκαστος γαρ το ιδιον φορτιον βαστασει
galatians;6;6;κοινωνειτω δε ο κατηχουμενος τον λογον τω κατηχουντι εν πασιν αγαθοις
galatians;6;7;μη πλανασθε θεος ου μυκτηριζεται ο γαρ εαν σπειρη ανθρωπος τουτο και θερισει
galatians;6;8;οτι ο σπειρων εις την σαρκα εαυτου εκ της σαρκος θερισει φθοραν ο δε σπειρων εις το πνευμα εκ του πνευματος θερισει ζωην αιωνιον
galatians;6;9;το δε καλον ποιουντες μη εκκακωμεν καιρω γαρ ιδιω θερισομεν μη εκλυομενοι
galatians;6;10;αρα ουν ως καιρον εχομεν εργαζωμεθα το αγαθον προς παντας μαλιστα δε προς τους οικειους της πιστεως
galatians;6;11;ιδετε πηλικοις υμιν γραμμασιν εγραψα τη εμη χειρι
galatians;6;12;οσοι θελουσιν ευπροσωπησαι εν σαρκι ουτοι αναγκαζουσιν υμας περιτεμνεσθαι μονον ινα μη τω σταυρω του χριστου διωκωνται
galatians;6;13;ουδε γαρ οι περιτεμνομενοι αυτοι νομον φυλασσουσιν αλλα θελουσιν υμας περιτεμνεσθαι ινα εν τη υμετερα σαρκι καυχησωνται
galatians;6;14;εμοι δε μη γενοιτο καυχασθαι ει μη εν τω σταυρω του κυριου ημων ιησου χριστου δι ου εμοι κοσμος εσταυρωται καγω τω κοσμω
galatians;6;15;εν γαρ χριστω ιησου ουτε περιτομη τι ισχυει ουτε ακροβυστια αλλα καινη κτισις
galatians;6;16;και οσοι τω κανονι τουτω στοιχησουσιν ειρηνη επ αυτους και ελεος και επι τον ισραηλ του θεου
galatians;6;17;του λοιπου κοπους μοι μηδεις παρεχετω εγω γαρ τα στιγματα του κυριου ιησου εν τω σωματι μου βασταζω
galatians;6;18;η χαρις του κυριου ημων ιησου χριστου μετα του πνευματος υμων αδελφοι αμην [προς γαλατας εγραφη απο ρωμης]
ephesians;1;1;παυλος αποστολος ιησου χριστου δια θεληματος θεου τοις αγιοις τοις ουσιν εν εφεσω και πιστοις εν χριστω ιησου
ephesians;1;2;χαρις υμιν και ειρηνη απο θεου πατρος ημων και κυριου ιησου χριστου
ephesians;1;3;ευλογητος ο θεος και πατηρ του κυριου ημων ιησου χριστου ο ευλογησας ημας εν παση ευλογια πνευματικη εν τοις επουρανιοις χριστω
ephesians;1;4;καθως εξελεξατο ημας εν αυτω προ καταβολης κοσμου ειναι ημας αγιους και αμωμους κατενωπιον αυτου εν αγαπη
ephesians;1;5;προορισας ημας εις υιοθεσιαν δια ιησου χριστου εις αυτον κατα την ευδοκιαν του θεληματος αυτου
ephesians;1;6;εις επαινον δοξης της χαριτος αυτου εν η εχαριτωσεν ημας εν τω ηγαπημενω
ephesians;1;7;εν ω εχομεν την απολυτρωσιν δια του αιματος αυτου την αφεσιν των παραπτωματων κατα τον πλουτον της χαριτος αυτου
ephesians;1;8;ης επερισσευσεν εις ημας εν παση σοφια και φρονησει
ephesians;1;9;γνωρισας ημιν το μυστηριον του θεληματος αυτου κατα την ευδοκιαν αυτου ην προεθετο εν αυτω
ephesians;1;10;εις οικονομιαν του πληρωματος των καιρων ανακεφαλαιωσασθαι τα παντα εν τω χριστω τα τε εν τοις ουρανοις και τα επι της γης
ephesians;1;11;εν αυτω εν ω και εκληρωθημεν προορισθεντες κατα προθεσιν του τα παντα ενεργουντος κατα την βουλην του θεληματος αυτου
ephesians;1;12;εις το ειναι ημας εις επαινον της δοξης αυτου τους προηλπικοτας εν τω χριστω
ephesians;1;13;εν ω και υμεις ακουσαντες τον λογον της αληθειας το ευαγγελιον της σωτηριας υμων εν ω και πιστευσαντες εσφραγισθητε τω πνευματι της επαγγελιας τω αγιω
ephesians;1;14;ος εστιν αρραβων της κληρονομιας ημων εις απολυτρωσιν της περιποιησεως εις επαινον της δοξης αυτου
ephesians;1;15;δια τουτο καγω ακουσας την καθ υμας πιστιν εν τω κυριω ιησου και την αγαπην την εις παντας τους αγιους
ephesians;1;16;ου παυομαι ευχαριστων υπερ υμων μνειαν υμων ποιουμενος επι των προσευχων μου
ephesians;1;17;ινα ο θεος του κυριου ημων ιησου χριστου ο πατηρ της δοξης δωη υμιν πνευμα σοφιας και αποκαλυψεως εν επιγνωσει αυτου
ephesians;1;18;πεφωτισμενους τους οφθαλμους της διανοιας υμων εις το ειδεναι υμας τις εστιν η ελπις της κλησεως αυτου και τις ο πλουτος της δοξης της κληρονομιας αυτου εν τοις αγιοις
ephesians;1;19;και τι το υπερβαλλον μεγεθος της δυναμεως αυτου εις ημας τους πιστευοντας κατα την ενεργειαν του κρατους της ισχυος αυτου
ephesians;1;20;ην ενηργησεν εν τω χριστω εγειρας αυτον εκ νεκρων και εκαθισεν εν δεξια αυτου εν τοις επουρανιοις
ephesians;1;21;υπερανω πασης αρχης και εξουσιας και δυναμεως και κυριοτητος και παντος ονοματος ονομαζομενου ου μονον εν τω αιωνι τουτω αλλα και εν τω μελλοντι
ephesians;1;22;και παντα υπεταξεν υπο τους ποδας αυτου και αυτον εδωκεν κεφαλην υπερ παντα τη εκκλησια
ephesians;1;23;ητις εστιν το σωμα αυτου το πληρωμα του παντα εν πασιν πληρουμενου
ephesians;2;1;και υμας οντας νεκρους τοις παραπτωμασιν και ταις αμαρτιαις
ephesians;2;2;εν αις ποτε περιεπατησατε κατα τον αιωνα του κοσμου τουτου κατα τον αρχοντα της εξουσιας του αερος του πνευματος του νυν ενεργουντος εν τοις υιοις της απειθειας
ephesians;2;3;εν οις και ημεις παντες ανεστραφημεν ποτε εν ταις επιθυμιαις της σαρκος ημων ποιουντες τα θεληματα της σαρκος και των διανοιων και ημεν τεκνα φυσει οργης ως και οι λοιποι
ephesians;2;4;ο δε θεος πλουσιος ων εν ελεει δια την πολλην αγαπην αυτου ην ηγαπησεν ημας
ephesians;2;5;και οντας ημας νεκρους τοις παραπτωμασιν συνεζωοποιησεν τω χριστω χαριτι εστε σεσωσμενοι
ephesians;2;6;και συνηγειρεν και συνεκαθισεν εν τοις επουρανιοις εν χριστω ιησου
ephesians;2;7;ινα ενδειξηται εν τοις αιωσιν τοις επερχομενοις τον υπερβαλλοντα πλουτον της χαριτος αυτου εν χρηστοτητι εφ ημας εν χριστω ιησου
ephesians;2;8;τη γαρ χαριτι εστε σεσωσμενοι δια της πιστεως και τουτο ουκ εξ υμων θεου το δωρον
ephesians;2;9;ουκ εξ εργων ινα μη τις καυχησηται
ephesians;2;10;αυτου γαρ εσμεν ποιημα κτισθεντες εν χριστω ιησου επι εργοις αγαθοις οις προητοιμασεν ο θεος ινα εν αυτοις περιπατησωμεν
ephesians;2;11;διο μνημονευετε οτι υμεις ποτε τα εθνη εν σαρκι οι λεγομενοι ακροβυστια υπο της λεγομενης περιτομης εν σαρκι χειροποιητου
ephesians;2;12;οτι ητε εν τω καιρω εκεινω χωρις χριστου απηλλοτριωμενοι της πολιτειας του ισραηλ και ξενοι των διαθηκων της επαγγελιας ελπιδα μη εχοντες και αθεοι εν τω κοσμω
ephesians;2;13;νυνι δε εν χριστω ιησου υμεις οι ποτε οντες μακραν εγγυς εγενηθητε εν τω αιματι του χριστου
ephesians;2;14;αυτος γαρ εστιν η ειρηνη ημων ο ποιησας τα αμφοτερα εν και το μεσοτοιχον του φραγμου λυσας
ephesians;2;15;την εχθραν εν τη σαρκι αυτου τον νομον των εντολων εν δογμασιν καταργησας ινα τους δυο κτιση εν εαυτω εις ενα καινον ανθρωπον ποιων ειρηνην
ephesians;2;16;και αποκαταλλαξη τους αμφοτερους εν ενι σωματι τω θεω δια του σταυρου αποκτεινας την εχθραν εν αυτω
ephesians;2;17;και ελθων ευηγγελισατο ειρηνην υμιν τοις μακραν και τοις εγγυς
ephesians;2;18;οτι δι αυτου εχομεν την προσαγωγην οι αμφοτεροι εν ενι πνευματι προς τον πατερα
ephesians;2;19;αρα ουν ουκετι εστε ξενοι και παροικοι αλλα συμπολιται των αγιων και οικειοι του θεου
ephesians;2;20;εποικοδομηθεντες επι τω θεμελιω των αποστολων και προφητων οντος ακρογωνιαιου αυτου ιησου χριστου
ephesians;2;21;εν ω πασα η οικοδομη συναρμολογουμενη αυξει εις ναον αγιον εν κυριω
ephesians;2;22;εν ω και υμεις συνοικοδομεισθε εις κατοικητηριον του θεου εν πνευματι
ephesians;3;1;τουτου χαριν εγω παυλος ο δεσμιος του χριστου ιησου υπερ υμων των εθνων
ephesians;3;2;ειγε ηκουσατε την οικονομιαν της χαριτος του θεου της δοθεισης μοι εις υμας
ephesians;3;3;οτι κατα αποκαλυψιν εγνωρισεν μοι το μυστηριον καθως προεγραψα εν ολιγω
ephesians;3;4;προς ο δυνασθε αναγινωσκοντες νοησαι την συνεσιν μου εν τω μυστηριω του χριστου
ephesians;3;5;ο εν ετεραις γενεαις ουκ εγνωρισθη τοις υιοις των ανθρωπων ως νυν απεκαλυφθη τοις αγιοις αποστολοις αυτου και προφηταις εν πνευματι
ephesians;3;6;ειναι τα εθνη συγκληρονομα και συσσωμα και συμμετοχα της επαγγελιας αυτου εν τω χριστω δια του ευαγγελιου
ephesians;3;7;ου εγενομην διακονος κατα την δωρεαν της χαριτος του θεου την δοθεισαν μοι κατα την ενεργειαν της δυναμεως αυτου
ephesians;3;8;εμοι τω ελαχιστοτερω παντων των αγιων εδοθη η χαρις αυτη εν τοις εθνεσιν ευαγγελισασθαι τον ανεξιχνιαστον πλουτον του χριστου
ephesians;3;9;και φωτισαι παντας τις η κοινωνια του μυστηριου του αποκεκρυμμενου απο των αιωνων εν τω θεω τω τα παντα κτισαντι δια ιησου χριστου
ephesians;3;10;ινα γνωρισθη νυν ταις αρχαις και ταις εξουσιαις εν τοις επουρανιοις δια της εκκλησιας η πολυποικιλος σοφια του θεου
ephesians;3;11;κατα προθεσιν των αιωνων ην εποιησεν εν χριστω ιησου τω κυριω ημων
ephesians;3;12;εν ω εχομεν την παρρησιαν και την προσαγωγην εν πεποιθησει δια της πιστεως αυτου
ephesians;3;13;διο αιτουμαι μη εκκακειν εν ταις θλιψεσιν μου υπερ υμων ητις εστιν δοξα υμων
ephesians;3;14;τουτου χαριν καμπτω τα γονατα μου προς τον πατερα του κυριου ημων ιησου χριστου
ephesians;3;15;εξ ου πασα πατρια εν ουρανοις και επι γης ονομαζεται
ephesians;3;16;ινα δωη υμιν κατα τον πλουτον της δοξης αυτου δυναμει κραταιωθηναι δια του πνευματος αυτου εις τον εσω ανθρωπον
ephesians;3;17;κατοικησαι τον χριστον δια της πιστεως εν ταις καρδιαις υμων
ephesians;3;18;εν αγαπη ερριζωμενοι και τεθεμελιωμενοι ινα εξισχυσητε καταλαβεσθαι συν πασιν τοις αγιοις τι το πλατος και μηκος και βαθος και υψος
ephesians;3;19;γνωναι τε την υπερβαλλουσαν της γνωσεως αγαπην του χριστου ινα πληρωθητε εις παν το πληρωμα του θεου
ephesians;3;20;τω δε δυναμενω υπερ παντα ποιησαι υπερ εκπερισσου ων αιτουμεθα η νοουμεν κατα την δυναμιν την ενεργουμενην εν ημιν
ephesians;3;21;αυτω η δοξα εν τη εκκλησια εν χριστω ιησου εις πασας τας γενεας του αιωνος των αιωνων αμην
ephesians;4;1;παρακαλω ουν υμας εγω ο δεσμιος εν κυριω αξιως περιπατησαι της κλησεως ης εκληθητε
ephesians;4;2;μετα πασης ταπεινοφροσυνης και πραοτητος μετα μακροθυμιας ανεχομενοι αλληλων εν αγαπη
ephesians;4;3;σπουδαζοντες τηρειν την ενοτητα του πνευματος εν τω συνδεσμω της ειρηνης
ephesians;4;4;εν σωμα και εν πνευμα καθως και εκληθητε εν μια ελπιδι της κλησεως υμων
ephesians;4;5;εις κυριος μια πιστις εν βαπτισμα
ephesians;4;6;εις θεος και πατηρ παντων ο επι παντων και δια παντων και εν πασιν υμιν
ephesians;4;7;ενι δε εκαστω ημων εδοθη η χαρις κατα το μετρον της δωρεας του χριστου
ephesians;4;8;διο λεγει αναβας εις υψος ηχμαλωτευσεν αιχμαλωσιαν και εδωκεν δοματα τοις ανθρωποις
ephesians;4;9;το δε ανεβη τι εστιν ει μη οτι και κατεβη πρωτον εις τα κατωτερα μερη της γης
ephesians;4;10;ο καταβας αυτος εστιν και ο αναβας υπερανω παντων των ουρανων ινα πληρωση τα παντα
ephesians;4;11;και αυτος εδωκεν τους μεν αποστολους τους δε προφητας τους δε ευαγγελιστας τους δε ποιμενας και διδασκαλους
ephesians;4;12;προς τον καταρτισμον των αγιων εις εργον διακονιας εις οικοδομην του σωματος του χριστου
ephesians;4;13;μεχρι καταντησωμεν οι παντες εις την ενοτητα της πιστεως και της επιγνωσεως του υιου του θεου εις ανδρα τελειον εις μετρον ηλικιας του πληρωματος του χριστου
ephesians;4;14;ινα μηκετι ωμεν νηπιοι κλυδωνιζομενοι και περιφερομενοι παντι ανεμω της διδασκαλιας εν τη κυβεια των ανθρωπων εν πανουργια προς την μεθοδειαν της πλανης
ephesians;4;15;αληθευοντες δε εν αγαπη αυξησωμεν εις αυτον τα παντα ος εστιν η κεφαλη ο χριστος
ephesians;4;16;εξ ου παν το σωμα συναρμολογουμενον και συμβιβαζομενον δια πασης αφης της επιχορηγιας κατ ενεργειαν εν μετρω ενος εκαστου μερους την αυξησιν του σωματος ποιειται εις οικοδομην εαυτου εν αγαπη
ephesians;4;17;τουτο ουν λεγω και μαρτυρομαι εν κυριω μηκετι υμας περιπατειν καθως και τα λοιπα εθνη περιπατει εν ματαιοτητι του νοος αυτων
ephesians;4;18;εσκοτισμενοι τη διανοια οντες απηλλοτριωμενοι της ζωης του θεου δια την αγνοιαν την ουσαν εν αυτοις δια την πωρωσιν της καρδιας αυτων
ephesians;4;19;οιτινες απηλγηκοτες εαυτους παρεδωκαν τη ασελγεια εις εργασιαν ακαθαρσιας πασης εν πλεονεξια
ephesians;4;20;υμεις δε ουχ ουτως εμαθετε τον χριστον
ephesians;4;21;ειγε αυτον ηκουσατε και εν αυτω εδιδαχθητε καθως εστιν αληθεια εν τω ιησου
ephesians;4;22;αποθεσθαι υμας κατα την προτεραν αναστροφην τον παλαιον ανθρωπον τον φθειρομενον κατα τας επιθυμιας της απατης
ephesians;4;23;ανανεουσθαι δε τω πνευματι του νοος υμων
ephesians;4;24;και ενδυσασθαι τον καινον ανθρωπον τον κατα θεον κτισθεντα εν δικαιοσυνη και οσιοτητι της αληθειας
ephesians;4;25;διο αποθεμενοι το ψευδος λαλειτε αληθειαν εκαστος μετα του πλησιον αυτου οτι εσμεν αλληλων μελη
ephesians;4;26;οργιζεσθε και μη αμαρτανετε ο ηλιος μη επιδυετω επι τω παροργισμω υμων
ephesians;4;27;μητε διδοτε τοπον τω διαβολω
ephesians;4;28;ο κλεπτων μηκετι κλεπτετω μαλλον δε κοπιατω εργαζομενος το αγαθον ταις χερσιν ινα εχη μεταδιδοναι τω χρειαν εχοντι
ephesians;4;29;πας λογος σαπρος εκ του στοματος υμων μη εκπορευεσθω αλλ ει τις αγαθος προς οικοδομην της χρειας ινα δω χαριν τοις ακουουσιν
ephesians;4;30;και μη λυπειτε το πνευμα το αγιον του θεου εν ω εσφραγισθητε εις ημεραν απολυτρωσεως
ephesians;4;31;πασα πικρια και θυμος και οργη και κραυγη και βλασφημια αρθητω αφ υμων συν παση κακια
ephesians;4;32;γινεσθε δε εις αλληλους χρηστοι ευσπλαγχνοι χαριζομενοι εαυτοις καθως και ο θεος εν χριστω εχαρισατο υμιν
ephesians;5;1;γινεσθε ουν μιμηται του θεου ως τεκνα αγαπητα
ephesians;5;2;και περιπατειτε εν αγαπη καθως και ο χριστος ηγαπησεν ημας και παρεδωκεν εαυτον υπερ ημων προσφοραν και θυσιαν τω θεω εις οσμην ευωδιας
ephesians;5;3;πορνεια δε και πασα ακαθαρσια η πλεονεξια μηδε ονομαζεσθω εν υμιν καθως πρεπει αγιοις
ephesians;5;4;και αισχροτης και μωρολογια η ευτραπελια τα ουκ ανηκοντα αλλα μαλλον ευχαριστια
ephesians;5;5;τουτο γαρ εστε γινωσκοντες οτι πας πορνος η ακαθαρτος η πλεονεκτης ος εστιν ειδωλολατρης ουκ εχει κληρονομιαν εν τη βασιλεια του χριστου και θεου
ephesians;5;6;μηδεις υμας απατατω κενοις λογοις δια ταυτα γαρ ερχεται η οργη του θεου επι τους υιους της απειθειας
ephesians;5;7;μη ουν γινεσθε συμμετοχοι αυτων
ephesians;5;8;ητε γαρ ποτε σκοτος νυν δε φως εν κυριω ως τεκνα φωτος περιπατειτε
ephesians;5;9;ο γαρ καρπος του πνευματος εν παση αγαθωσυνη και δικαιοσυνη και αληθεια
ephesians;5;10;δοκιμαζοντες τι εστιν ευαρεστον τω κυριω
ephesians;5;11;και μη συγκοινωνειτε τοις εργοις τοις ακαρποις του σκοτους μαλλον δε και ελεγχετε
ephesians;5;12;τα γαρ κρυφη γινομενα υπ αυτων αισχρον εστιν και λεγειν
ephesians;5;13;τα δε παντα ελεγχομενα υπο του φωτος φανερουται παν γαρ το φανερουμενον φως εστιν
ephesians;5;14;διο λεγει εγειραι ο καθευδων και αναστα εκ των νεκρων και επιφαυσει σοι ο χριστος
ephesians;5;15;βλεπετε ουν πως ακριβως περιπατειτε μη ως ασοφοι αλλ ως σοφοι
ephesians;5;16;εξαγοραζομενοι τον καιρον οτι αι ημεραι πονηραι εισιν
ephesians;5;17;δια τουτο μη γινεσθε αφρονες αλλα συνιεντες τι το θελημα του κυριου
ephesians;5;18;και μη μεθυσκεσθε οινω εν ω εστιν ασωτια αλλα πληρουσθε εν πνευματι
ephesians;5;19;λαλουντες εαυτοις ψαλμοις και υμνοις και ωδαις πνευματικαις αδοντες και ψαλλοντες εν τη καρδια υμων τω κυριω
ephesians;5;20;ευχαριστουντες παντοτε υπερ παντων εν ονοματι του κυριου ημων ιησου χριστου τω θεω και πατρι
ephesians;5;21;υποτασσομενοι αλληλοις εν φοβω θεου
ephesians;5;22;αι γυναικες τοις ιδιοις ανδρασιν υποτασσεσθε ως τω κυριω
ephesians;5;23;οτι ο ανηρ εστιν κεφαλη της γυναικος ως και ο χριστος κεφαλη της εκκλησιας και αυτος εστιν σωτηρ του σωματος
ephesians;5;24;αλλ ωσπερ η εκκλησια υποτασσεται τω χριστω ουτως και αι γυναικες τοις ιδιοις ανδρασιν εν παντι
ephesians;5;25;οι ανδρες αγαπατε τας γυναικας εαυτων καθως και ο χριστος ηγαπησεν την εκκλησιαν και εαυτον παρεδωκεν υπερ αυτης
ephesians;5;26;ινα αυτην αγιαση καθαρισας τω λουτρω του υδατος εν ρηματι
ephesians;5;27;ινα παραστηση αυτην εαυτω ενδοξον την εκκλησιαν μη εχουσαν σπιλον η ρυτιδα η τι των τοιουτων αλλ ινα η αγια και αμωμος
ephesians;5;28;ουτως οφειλουσιν οι ανδρες αγαπαν τας εαυτων γυναικας ως τα εαυτων σωματα ο αγαπων την εαυτου γυναικα εαυτον αγαπα
ephesians;5;29;ουδεις γαρ ποτε την εαυτου σαρκα εμισησεν αλλ εκτρεφει και θαλπει αυτην καθως και ο κυριος την εκκλησιαν
ephesians;5;30;οτι μελη εσμεν του σωματος αυτου εκ της σαρκος αυτου και εκ των οστεων αυτου
ephesians;5;31;αντι τουτου καταλειψει ανθρωπος τον πατερα αυτου και την μητερα και προσκολληθησεται προς την γυναικα αυτου και εσονται οι δυο εις σαρκα μιαν
ephesians;5;32;το μυστηριον τουτο μεγα εστιν εγω δε λεγω εις χριστον και εις την εκκλησιαν
ephesians;5;33;πλην και υμεις οι καθ ενα εκαστος την εαυτου γυναικα ουτως αγαπατω ως εαυτον η δε γυνη ινα φοβηται τον ανδρα
ephesians;6;1;τα τεκνα υπακουετε τοις γονευσιν υμων εν κυριω τουτο γαρ εστιν δικαιον
ephesians;6;2;τιμα τον πατερα σου και την μητερα ητις εστιν εντολη πρωτη εν επαγγελια
ephesians;6;3;ινα ευ σοι γενηται και εση μακροχρονιος επι της γης
ephesians;6;4;και οι πατερες μη παροργιζετε τα τεκνα υμων αλλ εκτρεφετε αυτα εν παιδεια και νουθεσια κυριου
ephesians;6;5;οι δουλοι υπακουετε τοις κυριοις κατα σαρκα μετα φοβου και τρομου εν απλοτητι της καρδιας υμων ως τω χριστω
ephesians;6;6;μη κατ οφθαλμοδουλειαν ως ανθρωπαρεσκοι αλλ ως δουλοι του χριστου ποιουντες το θελημα του θεου εκ ψυχης
ephesians;6;7;μετ ευνοιας δουλευοντες τω κυριω και ουκ ανθρωποις
ephesians;6;8;ειδοτες οτι ο εαν τι εκαστος ποιηση αγαθον τουτο κομιειται παρα του κυριου ειτε δουλος ειτε ελευθερος
ephesians;6;9;και οι κυριοι τα αυτα ποιειτε προς αυτους ανιεντες την απειλην ειδοτες οτι και υμων αυτων ο κυριος εστιν εν ουρανοις και προσωποληψια ουκ εστιν παρ αυτω
ephesians;6;10;το λοιπον αδελφοι μου ενδυναμουσθε εν κυριω και εν τω κρατει της ισχυος αυτου
ephesians;6;11;ενδυσασθε την πανοπλιαν του θεου προς το δυνασθαι υμας στηναι προς τας μεθοδειας του διαβολου
ephesians;6;12;οτι ουκ εστιν ημιν η παλη προς αιμα και σαρκα αλλα προς τας αρχας προς τας εξουσιας προς τους κοσμοκρατορας του σκοτους του αιωνος τουτου προς τα πνευματικα της πονηριας εν τοις επουρανιοις
ephesians;6;13;δια τουτο αναλαβετε την πανοπλιαν του θεου ινα δυνηθητε αντιστηναι εν τη ημερα τη πονηρα και απαντα κατεργασαμενοι στηναι
ephesians;6;14;στητε ουν περιζωσαμενοι την οσφυν υμων εν αληθεια και ενδυσαμενοι τον θωρακα της δικαιοσυνης
ephesians;6;15;και υποδησαμενοι τους ποδας εν ετοιμασια του ευαγγελιου της ειρηνης
ephesians;6;16;επι πασιν αναλαβοντες τον θυρεον της πιστεως εν ω δυνησεσθε παντα τα βελη του πονηρου τα πεπυρωμενα σβεσαι
ephesians;6;17;και την περικεφαλαιαν του σωτηριου δεξασθε και την μαχαιραν του πνευματος ο εστιν ρημα θεου
ephesians;6;18;δια πασης προσευχης και δεησεως προσευχομενοι εν παντι καιρω εν πνευματι και εις αυτο τουτο αγρυπνουντες εν παση προσκαρτερησει και δεησει περι παντων των αγιων
ephesians;6;19;και υπερ εμου ινα μοι δοθειη λογος εν ανοιξει του στοματος μου εν παρρησια γνωρισαι το μυστηριον του ευαγγελιου
ephesians;6;20;υπερ ου πρεσβευω εν αλυσει ινα εν αυτω παρρησιασωμαι ως δει με λαλησαι
ephesians;6;21;ινα δε ειδητε και υμεις τα κατ εμε τι πρασσω παντα υμιν γνωρισει τυχικος ο αγαπητος αδελφος και πιστος διακονος εν κυριω
ephesians;6;22;ον επεμψα προς υμας εις αυτο τουτο ινα γνωτε τα περι ημων και παρακαλεση τας καρδιας υμων
ephesians;6;23;ειρηνη τοις αδελφοις και αγαπη μετα πιστεως απο θεου πατρος και κυριου ιησου χριστου
ephesians;6;24;η χαρις μετα παντων των αγαπωντων τον κυριον ημων ιησουν χριστον εν αφθαρσια [προς εφεσιους εγραφη απο ρωμης δια τυχικου]
ephesians;chapter,verse,text
1;1;παυλος και τιμοθεος δουλοι ιησου χριστου πασιν τοις αγιοις εν χριστω ιησου τοις ουσιν εν φιλιπποις συν επισκοποις και διακονοις
1;2;χαρις υμιν και ειρηνη απο θεου πατρος ημων και κυριου ιησου χριστου
1;3;ευχαριστω τω θεω μου επι παση τη μνεια υμων
1;4;παντοτε εν παση δεησει μου υπερ παντων υμων μετα χαρας την δεησιν ποιουμενος
1;5;επι τη κοινωνια υμων εις το ευαγγελιον απο πρωτης ημερας αχρι του νυν
1;6;πεποιθως αυτο τουτο οτι ο εναρξαμενος εν υμιν εργον αγαθον επιτελεσει αχρις ημερας ιησου χριστου
1;7;καθως εστιν δικαιον εμοι τουτο φρονειν υπερ παντων υμων δια το εχειν με εν τη καρδια υμας εν τε τοις δεσμοις μου και τη απολογια και βεβαιωσει του ευαγγελιου συγκοινωνους μου της χαριτος παντας υμας οντας
1;8;μαρτυς γαρ μου εστιν ο θεος ως επιποθω παντας υμας εν σπλαγχνοις ιησου χριστου
1;9;και τουτο προσευχομαι ινα η αγαπη υμων ετι μαλλον και μαλλον περισσευη εν επιγνωσει και παση αισθησει
1;10;εις το δοκιμαζειν υμας τα διαφεροντα ινα ητε ειλικρινεις και απροσκοποι εις ημεραν χριστου
1;11;πεπληρωμενοι καρπων δικαιοσυνης των δια ιησου χριστου εις δοξαν και επαινον θεου
1;12;γινωσκειν δε υμας βουλομαι αδελφοι οτι τα κατ εμε μαλλον εις προκοπην του ευαγγελιου εληλυθεν
1;13;ωστε τους δεσμους μου φανερους εν χριστω γενεσθαι εν ολω τω πραιτωριω και τοις λοιποις πασιν
1;14;και τους πλειονας των αδελφων εν κυριω πεποιθοτας τοις δεσμοις μου περισσοτερως τολμαν αφοβως τον λογον λαλειν
1;15;τινες μεν και δια φθονον και εριν τινες δε και δι ευδοκιαν τον χριστον κηρυσσουσιν
1;16;οι μεν εξ εριθειας τον χριστον καταγγελλουσιν ουχ αγνως οιομενοι θλιψιν επιφερειν τοις δεσμοις μου
1;17;οι δε εξ αγαπης ειδοτες οτι εις απολογιαν του ευαγγελιου κειμαι
1;18;τι γαρ πλην παντι τροπω ειτε προφασει ειτε αληθεια χριστος καταγγελλεται και εν τουτω χαιρω αλλα και χαρησομαι
1;19;οιδα γαρ οτι τουτο μοι αποβησεται εις σωτηριαν δια της υμων δεησεως και επιχορηγιας του πνευματος ιησου χριστου
1;20;κατα την αποκαραδοκιαν και ελπιδα μου οτι εν ουδενι αισχυνθησομαι αλλ εν παση παρρησια ως παντοτε και νυν μεγαλυνθησεται χριστος εν τω σωματι μου ειτε δια ζωης ειτε δια θανατου
1;21;εμοι γαρ το ζην χριστος και το αποθανειν κερδος
1;22;ει δε το ζην εν σαρκι τουτο μοι καρπος εργου και τι αιρησομαι ου γνωριζω
1;23;συνεχομαι γαρ εκ των δυο την επιθυμιαν εχων εις το αναλυσαι και συν χριστω ειναι πολλω μαλλον κρεισσον
1;24;το δε επιμενειν εν τη σαρκι αναγκαιοτερον δι υμας
1;25;και τουτο πεποιθως οιδα οτι μενω και συμπαραμενω πασιν υμιν εις την υμων προκοπην και χαραν της πιστεως
1;26;ινα το καυχημα υμων περισσευη εν χριστω ιησου εν εμοι δια της εμης παρουσιας παλιν προς υμας
1;27;μονον αξιως του ευαγγελιου του χριστου πολιτευεσθε ινα ειτε ελθων και ιδων υμας ειτε απων ακουσω τα περι υμων οτι στηκετε εν ενι πνευματι μια ψυχη συναθλουντες τη πιστει του ευαγγελιου
1;28;και μη πτυρομενοι εν μηδενι υπο των αντικειμενων ητις αυτοις μεν εστιν ενδειξις απωλειας υμιν δε σωτηριας και τουτο απο θεου
1;29;οτι υμιν εχαρισθη το υπερ χριστου ου μονον το εις αυτον πιστευειν αλλα και το υπερ αυτου πασχειν
1;30;τον αυτον αγωνα εχοντες οιον εν εμοι και νυν ακουετε εν εμοι
2;1;ει τις ουν παρακλησις εν χριστω ει τι παραμυθιον αγαπης ει τις κοινωνια πνευματος ει τινα σπλαγχνα και οικτιρμοι
2;2;πληρωσατε μου την χαραν ινα το αυτο φρονητε την αυτην αγαπην εχοντες συμψυχοι το εν φρονουντες
2;3;μηδεν κατα εριθειαν η κενοδοξιαν αλλα τη ταπεινοφροσυνη αλληλους ηγουμενοι υπερεχοντας εαυτων
2;4;μη τα εαυτων εκαστος σκοπειτε αλλα και τα ετερων εκαστος
2;5;τουτο γαρ φρονεισθω εν υμιν ο και εν χριστω ιησου
2;6;ος εν μορφη θεου υπαρχων ουχ αρπαγμον ηγησατο το ειναι ισα θεω
2;7;αλλ εαυτον εκενωσεν μορφην δουλου λαβων εν ομοιωματι ανθρωπων γενομενος
2;8;και σχηματι ευρεθεις ως ανθρωπος εταπεινωσεν εαυτον γενομενος υπηκοος μεχρι θανατου θανατου δε σταυρου
2;9;διο και ο θεος αυτον υπερυψωσεν και εχαρισατο αυτω ονομα το υπερ παν ονομα
2;10;ινα εν τω ονοματι ιησου παν γονυ καμψη επουρανιων και επιγειων και καταχθονιων
2;11;και πασα γλωσσα εξομολογησηται οτι κυριος ιησους χριστος εις δοξαν θεου πατρος
2;12;ωστε αγαπητοι μου καθως παντοτε υπηκουσατε μη ως εν τη παρουσια μου μονον αλλα νυν πολλω μαλλον εν τη απουσια μου μετα φοβου και τρομου την εαυτων σωτηριαν κατεργαζεσθε
2;13;ο θεος γαρ εστιν ο ενεργων εν υμιν και το θελειν και το ενεργειν υπερ της ευδοκιας
2;14;παντα ποιειτε χωρις γογγυσμων και διαλογισμων
2;15;ινα γενησθε αμεμπτοι και ακεραιοι τεκνα θεου αμωμητα εν μεσω γενεας σκολιας και διεστραμμενης εν οις φαινεσθε ως φωστηρες εν κοσμω
2;16;λογον ζωης επεχοντες εις καυχημα εμοι εις ημεραν χριστου οτι ουκ εις κενον εδραμον ουδε εις κενον εκοπιασα
2;17;αλλ ει και σπενδομαι επι τη θυσια και λειτουργια της πιστεως υμων χαιρω και συγχαιρω πασιν υμιν
2;18;το δ αυτο και υμεις χαιρετε και συγχαιρετε μοι
2;19;ελπιζω δε εν κυριω ιησου τιμοθεον ταχεως πεμψαι υμιν ινα καγω ευψυχω γνους τα περι υμων
2;20;ουδενα γαρ εχω ισοψυχον οστις γνησιως τα περι υμων μεριμνησει
2;21;οι παντες γαρ τα εαυτων ζητουσιν ου τα του χριστου ιησου
2;22;την δε δοκιμην αυτου γινωσκετε οτι ως πατρι τεκνον συν εμοι εδουλευσεν εις το ευαγγελιον
2;23;τουτον μεν ουν ελπιζω πεμψαι ως αν απιδω τα περι εμε εξαυτης
2;24;πεποιθα δε εν κυριω οτι και αυτος ταχεως ελευσομαι
2;25;αναγκαιον δε ηγησαμην επαφροδιτον τον αδελφον και συνεργον και συστρατιωτην μου υμων δε αποστολον και λειτουργον της χρειας μου πεμψαι προς υμας
2;26;επειδη επιποθων ην παντας υμας και αδημονων διοτι ηκουσατε οτι ησθενησεν
2;27;και γαρ ησθενησεν παραπλησιον θανατω αλλ ο θεος αυτον ηλεησεν ουκ αυτον δε μονον αλλα και εμε ινα μη λυπην επι λυπη σχω
2;28;σπουδαιοτερως ουν επεμψα αυτον ινα ιδοντες αυτον παλιν χαρητε καγω αλυποτερος ω
2;29;προσδεχεσθε ουν αυτον εν κυριω μετα πασης χαρας και τους τοιουτους εντιμους εχετε
2;30;οτι δια το εργον του χριστου μεχρι θανατου ηγγισεν παραβουλευσαμενος τη ψυχη ινα αναπληρωση το υμων υστερημα της προς με λειτουργιας
3;1;το λοιπον αδελφοι μου χαιρετε εν κυριω τα αυτα γραφειν υμιν εμοι μεν ουκ οκνηρον υμιν δε ασφαλες
3;2;βλεπετε τους κυνας βλεπετε τους κακους εργατας βλεπετε την κατατομην
3;3;ημεις γαρ εσμεν η περιτομη οι πνευματι θεω λατρευοντες και καυχωμενοι εν χριστω ιησου και ουκ εν σαρκι πεποιθοτες
3;4;καιπερ εγω εχων πεποιθησιν και εν σαρκι ει τις δοκει αλλος πεποιθεναι εν σαρκι εγω μαλλον
3;5;περιτομη οκταημερος εκ γενους ισραηλ φυλης βενιαμιν εβραιος εξ εβραιων κατα νομον φαρισαιος
3;6;κατα ζηλον διωκων την εκκλησιαν κατα δικαιοσυνην την εν νομω γενομενος αμεμπτος
3;7;αλλ ατινα ην μοι κερδη ταυτα ηγημαι δια τον χριστον ζημιαν
3;8;αλλα μενουνγε και ηγουμαι παντα ζημιαν ειναι δια το υπερεχον της γνωσεως χριστου ιησου του κυριου μου δι ον τα παντα εζημιωθην και ηγουμαι σκυβαλα ειναι ινα χριστον κερδησω
3;9;και ευρεθω εν αυτω μη εχων εμην δικαιοσυνην την εκ νομου αλλα την δια πιστεως χριστου την εκ θεου δικαιοσυνην επι τη πιστει
3;10;του γνωναι αυτον και την δυναμιν της αναστασεως αυτου και την κοινωνιαν των παθηματων αυτου συμμορφουμενος τω θανατω αυτου
3;11;ει πως καταντησω εις την εξαναστασιν των νεκρων
3;12;ουχ οτι ηδη ελαβον η ηδη τετελειωμαι διωκω δε ει και καταλαβω εφ ω και κατεληφθην υπο του χριστου ιησου
3;13;αδελφοι εγω εμαυτον ου λογιζομαι κατειληφεναι εν δε τα μεν οπισω επιλανθανομενος τοις δε εμπροσθεν επεκτεινομενος
3;14;κατα σκοπον διωκω επι το βραβειον της ανω κλησεως του θεου εν χριστω ιησου
3;15;οσοι ουν τελειοι τουτο φρονωμεν και ει τι ετερως φρονειτε και τουτο ο θεος υμιν αποκαλυψει
3;16;πλην εις ο εφθασαμεν τω αυτω στοιχειν κανονι το αυτο φρονειν
3;17;συμμιμηται μου γινεσθε αδελφοι και σκοπειτε τους ουτως περιπατουντας καθως εχετε τυπον ημας
3;18;πολλοι γαρ περιπατουσιν ους πολλακις ελεγον υμιν νυν δε και κλαιων λεγω τους εχθρους του σταυρου του χριστου
3;19;ων το τελος απωλεια ων ο θεος η κοιλια και η δοξα εν τη αισχυνη αυτων οι τα επιγεια φρονουντες
3;20;ημων γαρ το πολιτευμα εν ουρανοις υπαρχει εξ ου και σωτηρα απεκδεχομεθα κυριον ιησουν χριστον
3;21;ος μετασχηματισει το σωμα της ταπεινωσεως ημων εις το γενεσθαι αυτο συμμορφον τω σωματι της δοξης αυτου κατα την ενεργειαν του δυνασθαι αυτον και υποταξαι εαυτω τα παντα
4;1;ωστε αδελφοι μου αγαπητοι και επιποθητοι χαρα και στεφανος μου ουτως στηκετε εν κυριω αγαπητοι
4;2;{VA
1: ευωδιαν } παρακαλω και συντυχην παρακαλω το αυτο φρονειν εν κυριω
4;3;και ερωτω και σε συζυγε γνησιε συλλαμβανου αυταις αιτινες εν τω ευαγγελιω συνηθλησαν μοι μετα και κλημεντος και των λοιπων συνεργων μου ων τα ονοματα εν βιβλω ζωης
4;4;χαιρετε εν κυριω παντοτε παλιν ερω χαιρετε
4;5;το επιεικες υμων γνωσθητω πασιν ανθρωποις ο κυριος εγγυς
4;6;μηδεν μεριμνατε αλλ εν παντι τη προσευχη και τη δεησει μετα ευχαριστιας τα αιτηματα υμων γνωριζεσθω προς τον θεον
4;7;και η ειρηνη του θεου η υπερεχουσα παντα νουν φρουρησει τας καρδιας υμων και τα νοηματα υμων εν χριστω ιησου
4;8;το λοιπον αδελφοι οσα εστιν αληθη οσα σεμνα οσα δικαια οσα αγνα οσα προσφιλη οσα ευφημα ει τις αρετη και ει τις επαινος ταυτα λογιζεσθε
4;9;α και εμαθετε και παρελαβετε και ηκουσατε και ειδετε εν εμοι ταυτα πρασσετε και ο θεος της ειρηνης εσται μεθ υμων
4;10;εχαρην δε εν κυριω μεγαλως οτι ηδη ποτε ανεθαλετε το υπερ εμου φρονειν εφ ω και εφρονειτε ηκαιρεισθε δε
4;11;ουχ οτι καθ υστερησιν λεγω εγω γαρ εμαθον εν οις ειμι αυταρκης ειναι
4;12;οιδα ταπεινουσθαι οιδα και περισσευειν εν παντι και εν πασιν μεμυημαι και χορταζεσθαι και πειναν και περισσευειν και υστερεισθαι
4;13;παντα ισχυω εν τω ενδυναμουντι με χριστω
4;14;πλην καλως εποιησατε συγκοινωνησαντες μου τη θλιψει
4;15;οιδατε δε και υμεις φιλιππησιοι οτι εν αρχη του ευαγγελιου οτε εξηλθον απο μακεδονιας ουδεμια μοι εκκλησια εκοινωνησεν εις λογον δοσεως και ληψεως ει μη υμεις μονοι
4;16;οτι και εν θεσσαλονικη και απαξ και δις εις την χρειαν μοι επεμψατε
4;17;ουχ οτι επιζητω το δομα αλλ επιζητω τον καρπον τον πλεοναζοντα εις λογον υμων
4;18;απεχω δε παντα και περισσευω πεπληρωμαι δεξαμενος παρα επαφροδιτου τα παρ υμων οσμην ευωδιας θυσιαν δεκτην ευαρεστον τω θεω
4;19;ο δε θεος μου πληρωσει πασαν χρειαν υμων κατα τον πλουτον αυτου εν δοξη εν χριστω ιησου
4;20;τω δε θεω και πατρι ημων η δοξα εις τους αιωνας των αιωνων αμην
4;21;ασπασασθε παντα αγιον εν χριστω ιησου ασπαζονται υμας οι συν εμοι αδελφοι
4;22;ασπαζονται υμας παντες οι αγιοι μαλιστα δε οι εκ της καισαρος οικιας
4;23;η χαρις του κυριου ημων ιησου χριστου μετα παντων υμων αμην [προς φιλιππησιους εγραφη απο ρωμης δι επαφροδιτου]
colossians;1;1;παυλος αποστολος ιησου χριστου δια θεληματος θεου και τιμοθεος ο αδελφος
colossians;1;2;τοις εν αγιοις και πιστοις αδελφοις εν χριστω χαρις υμιν και ειρηνη απο θεου πατρος ημων και κυριου ιησου χριστου
colossians;1;3;ευχαριστουμεν τω θεω και πατρι του κυριου ημων ιησου χριστου παντοτε περι υμων προσευχομενοι
colossians;1;4;ακουσαντες την πιστιν υμων εν χριστω ιησου και την αγαπην την εις παντας τους αγιους
colossians;1;5;δια την ελπιδα την αποκειμενην υμιν εν τοις ουρανοις ην προηκουσατε εν τω λογω της αληθειας του ευαγγελιου
colossians;1;6;του παροντος εις υμας καθως και εν παντι τω κοσμω και εστιν καρποφορουμενον καθως και εν υμιν αφ ης ημερας ηκουσατε και επεγνωτε την χαριν του θεου εν αληθεια
colossians;1;7;καθως και εμαθετε απο επαφρα του αγαπητου συνδουλου ημων ος εστιν πιστος υπερ υμων διακονος του χριστου
colossians;1;8;ο και δηλωσας ημιν την υμων αγαπην εν πνευματι
colossians;1;9;δια τουτο και ημεις αφ ης ημερας ηκουσαμεν ου παυομεθα υπερ υμων προσευχομενοι και αιτουμενοι ινα πληρωθητε την επιγνωσιν του θεληματος αυτου εν παση σοφια και συνεσει πνευματικη
colossians;1;10;περιπατησαι υμας αξιως του κυριου εις πασαν αρεσκειαν εν παντι εργω αγαθω καρποφορουντες και αυξανομενοι εις την επιγνωσιν του θεου
colossians;1;11;εν παση δυναμει δυναμουμενοι κατα το κρατος της δοξης αυτου εις πασαν υπομονην και μακροθυμιαν μετα χαρας
colossians;1;12;ευχαριστουντες τω πατρι τω ικανωσαντι ημας εις την μεριδα του κληρου των αγιων εν τω φωτι
colossians;1;13;ος ερρυσατο ημας εκ της εξουσιας του σκοτους και μετεστησεν εις την βασιλειαν του υιου της αγαπης αυτου
colossians;1;14;εν ω εχομεν την απολυτρωσιν δια του αιματος αυτου την αφεσιν των αμαρτιων
colossians;1;15;ος εστιν εικων του θεου του αορατου πρωτοτοκος πασης κτισεως
colossians;1;16;οτι εν αυτω εκτισθη τα παντα τα εν τοις ουρανοις και τα επι της γης τα ορατα και τα αορατα ειτε θρονοι ειτε κυριοτητες ειτε αρχαι ειτε εξουσιαι τα παντα δι αυτου και εις αυτον εκτισται
colossians;1;17;και αυτος εστιν προ παντων και τα παντα εν αυτω συνεστηκεν
colossians;1;18;και αυτος εστιν η κεφαλη του σωματος της εκκλησιας ος εστιν αρχη πρωτοτοκος εκ των νεκρων ινα γενηται εν πασιν αυτος πρωτευων
colossians;1;19;οτι εν αυτω ευδοκησεν παν το πληρωμα κατοικησαι
colossians;1;20;και δι αυτου αποκαταλλαξαι τα παντα εις αυτον ειρηνοποιησας δια του αιματος του σταυρου αυτου δι αυτου ειτε τα επι της γης ειτε τα εν τοις ουρανοις
colossians;1;21;και υμας ποτε οντας απηλλοτριωμενους και εχθρους τη διανοια εν τοις εργοις τοις πονηροις νυνι δε αποκατηλλαξεν
colossians;1;22;εν τω σωματι της σαρκος αυτου δια του θανατου παραστησαι υμας αγιους και αμωμους και ανεγκλητους κατενωπιον αυτου
colossians;1;23;ειγε επιμενετε τη πιστει τεθεμελιωμενοι και εδραιοι και μη μετακινουμενοι απο της ελπιδος του ευαγγελιου ου ηκουσατε του κηρυχθεντος εν παση τη κτισει τη υπο τον ουρανον ου εγενομην εγω παυλος διακονος
colossians;1;24;{VA
colossians;2: ος } νυν χαιρω εν τοις παθημασιν μου υπερ υμων και ανταναπληρω τα υστερηματα των θλιψεων του χριστου εν τη σαρκι μου υπερ του σωματος αυτου ο εστιν η εκκλησια
colossians;1;25;ης εγενομην εγω διακονος κατα την οικονομιαν του θεου την δοθεισαν μοι εις υμας πληρωσαι τον λογον του θεου
colossians;1;26;το μυστηριον το αποκεκρυμμενον απο των αιωνων και απο των γενεων νυνι δε εφανερωθη τοις αγιοις αυτου
colossians;1;27;οις ηθελησεν ο θεος γνωρισαι τις ο πλουτος της δοξης του μυστηριου τουτου εν τοις εθνεσιν ος εστιν χριστος εν υμιν η ελπις της δοξης
colossians;1;28;ον ημεις καταγγελλομεν νουθετουντες παντα ανθρωπον και διδασκοντες παντα ανθρωπον εν παση σοφια ινα παραστησωμεν παντα ανθρωπον τελειον εν χριστω ιησου
colossians;1;29;εις ο και κοπιω αγωνιζομενος κατα την ενεργειαν αυτου την ενεργουμενην εν εμοι εν δυναμει
colossians;2;1;θελω γαρ υμας ειδεναι ηλικον αγωνα εχω περι υμων και των εν λαοδικεια και οσοι ουχ εωρακασιν το προσωπον μου εν σαρκι
colossians;2;2;ινα παρακληθωσιν αι καρδιαι αυτων συμβιβασθεντων εν αγαπη και εις παντα πλουτον της πληροφοριας της συνεσεως εις επιγνωσιν του μυστηριου του θεου και πατρος και του χριστου
colossians;2;3;εν ω εισιν παντες οι θησαυροι της σοφιας και της γνωσεως αποκρυφοι
colossians;2;4;τουτο δε λεγω ινα μη τις υμας παραλογιζηται εν πιθανολογια
colossians;2;5;ει γαρ και τη σαρκι απειμι αλλα τω πνευματι συν υμιν ειμι χαιρων και βλεπων υμων την ταξιν και το στερεωμα της εις χριστον πιστεως υμων
colossians;2;6;ως ουν παρελαβετε τον χριστον ιησουν τον κυριον εν αυτω περιπατειτε
colossians;2;7;ερριζωμενοι και εποικοδομουμενοι εν αυτω και βεβαιουμενοι εν τη πιστει καθως εδιδαχθητε περισσευοντες εν αυτη εν ευχαριστια
colossians;2;8;βλεπετε μη τις υμας εσται ο συλαγωγων δια της φιλοσοφιας και κενης απατης κατα την παραδοσιν των ανθρωπων κατα τα στοιχεια του κοσμου και ου κατα χριστον
colossians;2;9;οτι εν αυτω κατοικει παν το πληρωμα της θεοτητος σωματικως
colossians;2;10;και εστε εν αυτω πεπληρωμενοι ος εστιν η κεφαλη πασης αρχης και εξουσιας
colossians;2;11;εν ω και περιετμηθητε περιτομη αχειροποιητω εν τη απεκδυσει του σωματος των αμαρτιων της σαρκος εν τη περιτομη του χριστου
colossians;2;12;συνταφεντες αυτω εν τω βαπτισματι εν ω και συνηγερθητε δια της πιστεως της ενεργειας του θεου του εγειραντος αυτον εκ των νεκρων
colossians;2;13;και υμας νεκρους οντας εν τοις παραπτωμασιν και τη ακροβυστια της σαρκος υμων συν αυτω χαρισαμενος παντα τα παραπτωματα
colossians;2;14;εξαλειψας το καθ ημων χειρογραφον τοις δογμασιν ο ην υπεναντιον ημιν και αυτο ηρκεν εκ του μεσου προσηλωσας αυτο τω σταυρω
colossians;2;15;απεκδυσαμενος τας αρχας και τας εξουσιας εδειγματισεν εν παρρησια θριαμβευσας αυτους εν αυτω
colossians;2;16;μη ουν τις υμας κρινετω εν βρωσει η εν ποσει η εν μερει εορτης η νουμηνιας η σαββατων
colossians;2;17;α εστιν σκια των μελλοντων το δε σωμα του χριστου
colossians;2;18;μηδεις υμας καταβραβευετω θελων εν ταπεινοφροσυνη και θρησκεια των αγγελων α μη εωρακεν εμβατευων εικη φυσιουμενος υπο του νοος της σαρκος αυτου
colossians;2;19;και ου κρατων την κεφαλην εξ ου παν το σωμα δια των αφων και συνδεσμων επιχορηγουμενον και συμβιβαζομενον αυξει την αυξησιν του θεου
colossians;2;20;ει ουν απεθανετε συν τω χριστω απο των στοιχειων του κοσμου τι ως ζωντες εν κοσμω δογματιζεσθε
colossians;2;21;μη αψη μηδε γευση μηδε θιγης
colossians;2;22;α εστιν παντα εις φθοραν τη αποχρησει κατα τα ενταλματα και διδασκαλιας των ανθρωπων
colossians;2;23;ατινα εστιν λογον μεν εχοντα σοφιας εν εθελοθρησκεια και ταπεινοφροσυνη και αφειδια σωματος ουκ εν τιμη τινι προς πλησμονην της σαρκος
colossians;3;1;ει ουν συνηγερθητε τω χριστω τα ανω ζητειτε ου ο χριστος εστιν εν δεξια του θεου καθημενος
colossians;3;2;τα ανω φρονειτε μη τα επι της γης
colossians;3;3;απεθανετε γαρ και η ζωη υμων κεκρυπται συν τω χριστω εν τω θεω
colossians;3;4;οταν ο χριστος φανερωθη η ζωη ημων τοτε και υμεις συν αυτω φανερωθησεσθε εν δοξη
colossians;3;5;νεκρωσατε ουν τα μελη υμων τα επι της γης πορνειαν ακαθαρσιαν παθος επιθυμιαν κακην και την πλεονεξιαν ητις εστιν ειδωλολατρεια
colossians;3;6;δι α ερχεται η οργη του θεου επι τους υιους της απειθειας
colossians;3;7;εν οις και υμεις περιεπατησατε ποτε οτε εζητε εν αυτοις
colossians;3;8;νυνι δε αποθεσθε και υμεις τα παντα οργην θυμον κακιαν βλασφημιαν αισχρολογιαν εκ του στοματος υμων
colossians;3;9;μη ψευδεσθε εις αλληλους απεκδυσαμενοι τον παλαιον ανθρωπον συν ταις πραξεσιν αυτου
colossians;3;10;και ενδυσαμενοι τον νεον τον ανακαινουμενον εις επιγνωσιν κατ εικονα του κτισαντος αυτον
colossians;3;11;οπου ουκ ενι ελλην και ιουδαιος περιτομη και ακροβυστια βαρβαρος σκυθης δουλος ελευθερος αλλα τα παντα και εν πασιν χριστος
colossians;3;12;ενδυσασθε ουν ως εκλεκτοι του θεου αγιοι και ηγαπημενοι σπλαγχνα οικτιρμων χρηστοτητα ταπεινοφροσυνην πραοτητα μακροθυμιαν
colossians;3;13;ανεχομενοι αλληλων και χαριζομενοι εαυτοις εαν τις προς τινα εχη μομφην καθως και ο χριστος εχαρισατο υμιν ουτως και υμεις
colossians;3;14;επι πασιν δε τουτοις την αγαπην ητις εστιν συνδεσμος της τελειοτητος
colossians;3;15;και η ειρηνη του θεου βραβευετω εν ταις καρδιαις υμων εις ην και εκληθητε εν ενι σωματι και ευχαριστοι γινεσθε
colossians;3;16;ο λογος του χριστου ενοικειτω εν υμιν πλουσιως εν παση σοφια διδασκοντες και νουθετουντες εαυτους ψαλμοις και υμνοις και ωδαις πνευματικαις εν χαριτι αδοντες εν τη καρδια υμων τω κυριω
colossians;3;17;και παν ο τι αν ποιητε εν λογω η εν εργω παντα εν ονοματι κυριου ιησου ευχαριστουντες τω θεω και πατρι δι αυτου
colossians;3;18;αι γυναικες υποτασσεσθε τοις ιδιοις ανδρασιν ως ανηκεν εν κυριω
colossians;3;19;οι ανδρες αγαπατε τας γυναικας και μη πικραινεσθε προς αυτας
colossians;3;20;τα τεκνα υπακουετε τοις γονευσιν κατα παντα τουτο γαρ εστιν ευαρεστον τω κυριω
colossians;3;21;οι πατερες μη ερεθιζετε τα τεκνα υμων ινα μη αθυμωσιν
colossians;3;22;οι δουλοι υπακουετε κατα παντα τοις κατα σαρκα κυριοις μη εν οφθαλμοδουλειαις ως ανθρωπαρεσκοι αλλ εν απλοτητι καρδιας φοβουμενοι τον θεον
colossians;3;23;και παν ο τι εαν ποιητε εκ ψυχης εργαζεσθε ως τω κυριω και ουκ ανθρωποις
colossians;3;24;ειδοτες οτι απο κυριου αποληψεσθε την ανταποδοσιν της κληρονομιας τω γαρ κυριω χριστω δουλευετε
colossians;3;25;ο δε αδικων κομιειται ο ηδικησεν και ουκ εστιν προσωποληψια
colossians;4;1;οι κυριοι το δικαιον και την ισοτητα τοις δουλοις παρεχεσθε ειδοτες οτι και υμεις εχετε κυριον εν ουρανοις
colossians;4;2;τη προσευχη προσκαρτερειτε γρηγορουντες εν αυτη εν ευχαριστια
colossians;4;3;προσευχομενοι αμα και περι ημων ινα ο θεος ανοιξη ημιν θυραν του λογου λαλησαι το μυστηριον του χριστου δι ο και δεδεμαι
colossians;4;4;ινα φανερωσω αυτο ως δει με λαλησαι
colossians;4;5;εν σοφια περιπατειτε προς τους εξω τον καιρον εξαγοραζομενοι
colossians;4;6;ο λογος υμων παντοτε εν χαριτι αλατι ηρτυμενος ειδεναι πως δει υμας ενι εκαστω αποκρινεσθαι
colossians;4;7;τα κατ εμε παντα γνωρισει υμιν τυχικος ο αγαπητος αδελφος και πιστος διακονος και συνδουλος εν κυριω
colossians;4;8;ον επεμψα προς υμας εις αυτο τουτο ινα γνω τα περι υμων και παρακαλεση τας καρδιας υμων
colossians;4;9;συν ονησιμω τω πιστω και αγαπητω αδελφω ος εστιν εξ υμων παντα υμιν γνωριουσιν τα ωδε
colossians;4;10;ασπαζεται υμας αρισταρχος ο συναιχμαλωτος μου και μαρκος ο ανεψιος βαρναβα περι ου ελαβετε εντολας εαν ελθη προς υμας δεξασθε αυτον
colossians;4;11;και ιησους ο λεγομενος ιουστος οι οντες εκ περιτομης ουτοι μονοι συνεργοι εις την βασιλειαν του θεου οιτινες εγενηθησαν μοι παρηγορια
colossians;4;12;ασπαζεται υμας επαφρας ο εξ υμων δουλος χριστου παντοτε αγωνιζομενος υπερ υμων εν ταις προσευχαις ινα στητε τελειοι και πεπληρωμενοι εν παντι θεληματι του θεου
colossians;4;13;μαρτυρω γαρ αυτω οτι εχει ζηλον πολυν υπερ υμων και των εν λαοδικεια και των εν ιεραπολει
colossians;4;14;ασπαζεται υμας λουκας ο ιατρος ο αγαπητος και δημας
colossians;4;15;ασπασασθε τους εν λαοδικεια αδελφους και νυμφαν και την κατ οικον αυτου εκκλησιαν
colossians;4;16;και οταν αναγνωσθη παρ υμιν η επιστολη ποιησατε ινα και εν τη λαοδικεων εκκλησια αναγνωσθη και την εκ λαοδικειας ινα και υμεις αναγνωτε
colossians;4;17;και ειπατε αρχιππω βλεπε την διακονιαν ην παρελαβες εν κυριω ινα αυτην πληροις
colossians;4;18;ο ασπασμος τη εμη χειρι παυλου μνημονευετε μου των δεσμων η χαρις μεθ υμων αμην [προς κολασσαεις εγραφη απο ρωμης δια τυχικου και ονησιμου]
1-thessalonians;1;1;παυλος και σιλουανος και τιμοθεος τη εκκλησια θεσσαλονικεων εν θεω πατρι και κυριω ιησου χριστω χαρις υμιν και ειρηνη απο θεου πατρος ημων και κυριου ιησου χριστου
1-thessalonians;1;2;ευχαριστουμεν τω θεω παντοτε περι παντων υμων μνειαν υμων ποιουμενοι επι των προσευχων ημων
1-thessalonians;1;3;αδιαλειπτως μνημονευοντες υμων του εργου της πιστεως και του κοπου της αγαπης και της υπομονης της ελπιδος του κυριου ημων ιησου χριστου εμπροσθεν του θεου και πατρος ημων
1-thessalonians;1;4;ειδοτες αδελφοι ηγαπημενοι υπο θεου την εκλογην υμων
1-thessalonians;1;5;οτι το ευαγγελιον ημων ουκ εγενηθη εις υμας εν λογω μονον αλλα και εν δυναμει και εν πνευματι αγιω και εν πληροφορια πολλη καθως οιδατε οιοι εγενηθημεν εν υμιν δι υμας
1-thessalonians;1;6;και υμεις μιμηται ημων εγενηθητε και του κυριου δεξαμενοι τον λογον εν θλιψει πολλη μετα χαρας πνευματος αγιου
1-thessalonians;1;7;ωστε γενεσθαι υμας τυπους πασιν τοις πιστευουσιν εν τη μακεδονια και τη αχαια
1-thessalonians;1;8;αφ υμων γαρ εξηχηται ο λογος του κυριου ου μονον εν τη μακεδονια και αχαια αλλα και εν παντι τοπω η πιστις υμων η προς τον θεον εξεληλυθεν ωστε μη χρειαν ημας εχειν λαλειν τι
1-thessalonians;1;9;αυτοι γαρ περι ημων απαγγελλουσιν οποιαν εισοδον προς υμας και πως επεστρεψατε προς τον θεον απο των ειδωλων δουλευειν θεω ζωντι και αληθινω
1-thessalonians;1;10;και αναμενειν τον υιον αυτου εκ των ουρανων ον ηγειρεν εκ νεκρων ιησουν τον ρυομενον ημας απο της οργης της ερχομενης
1-thessalonians;2;1;αυτοι γαρ οιδατε αδελφοι την εισοδον ημων την προς υμας οτι ου κενη γεγονεν
1-thessalonians;2;2;αλλα και προπαθοντες και υβρισθεντες καθως οιδατε εν φιλιπποις επαρρησιασαμεθα εν τω θεω ημων λαλησαι προς υμας το ευαγγελιον του θεου εν πολλω αγωνι
1-thessalonians;2;3;η γαρ παρακλησις ημων ουκ εκ πλανης ουδε εξ ακαθαρσιας ουτε εν δολω
1-thessalonians;2;4;αλλα καθως δεδοκιμασμεθα υπο του θεου πιστευθηναι το ευαγγελιον ουτως λαλουμεν ουχ ως ανθρωποις αρεσκοντες αλλα τω θεω τω δοκιμαζοντι τας καρδιας ημων
1-thessalonians;2;5;ουτε γαρ ποτε εν λογω κολακειας εγενηθημεν καθως οιδατε ουτε εν προφασει πλεονεξιας θεος μαρτυς
1-thessalonians;2;6;ουτε ζητουντες εξ ανθρωπων δοξαν ουτε αφ υμων ουτε απ αλλων δυναμενοι εν βαρει ειναι ως χριστου αποστολοι
1-thessalonians;2;7;αλλ εγενηθημεν ηπιοι εν μεσω υμων ως αν τροφος θαλπη τα εαυτης τεκνα
1-thessalonians;2;8;ουτως ιμειρομενοι υμων ευδοκουμεν μεταδουναι υμιν ου μονον το ευαγγελιον του θεου αλλα και τας εαυτων ψυχας διοτι αγαπητοι ημιν γεγενησθε
1-thessalonians;2;9;μνημονευετε γαρ αδελφοι τον κοπον ημων και τον μοχθον νυκτος γαρ και ημερας εργαζομενοι προς το μη επιβαρησαι τινα υμων εκηρυξαμεν εις υμας το ευαγγελιον του θεου
1-thessalonians;2;10;υμεις μαρτυρες και ο θεος ως οσιως και δικαιως και αμεμπτως υμιν τοις πιστευουσιν εγενηθημεν
1-thessalonians;2;11;καθαπερ οιδατε ως ενα εκαστον υμων ως πατηρ τεκνα εαυτου παρακαλουντες υμας και παραμυθουμενοι
1-thessalonians;2;12;και μαρτυρουμενοι εις το περιπατησαι υμας αξιως του θεου του καλουντος υμας εις την εαυτου βασιλειαν και δοξαν
1-thessalonians;2;13;δια τουτο και ημεις ευχαριστουμεν τω θεω αδιαλειπτως οτι παραλαβοντες λογον ακοης παρ ημων του θεου εδεξασθε ου λογον ανθρωπων αλλα καθως εστιν αληθως λογον θεου ος και ενεργειται εν υμιν τοις πιστευουσιν
1-thessalonians;2;14;υμεις γαρ μιμηται εγενηθητε αδελφοι των εκκλησιων του θεου των ουσων εν τη ιουδαια εν χριστω ιησου οτι ταυτα επαθετε και υμεις υπο των ιδιων συμφυλετων καθως και αυτοι υπο των ιουδαιων
1-thessalonians;2;15;των και τον κυριον αποκτειναντων ιησουν και τους ιδιους προφητας και εκδιωξαντων και θεω μη αρεσκοντων και πασιν ανθρωποις εναντιων
1-thessalonians;2;16;κωλυοντων ημας τοις εθνεσιν λαλησαι ινα σωθωσιν εις το αναπληρωσαι αυτων τας αμαρτιας παντοτε εφθασεν δε επ αυτους η οργη εις τελος
1-thessalonians;2;17;ημεις δε αδελφοι απορφανισθεντες αφ υμων προς καιρον ωρας προσωπω ου καρδια περισσοτερως εσπουδασαμεν το προσωπον υμων ιδειν εν πολλη επιθυμια
1-thessalonians;2;18;διο ηθελησαμεν ελθειν προς υμας εγω μεν παυλος και απαξ και δις και ενεκοψεν ημας ο σατανας
1-thessalonians;2;19;τις γαρ ημων ελπις η χαρα η στεφανος καυχησεως η ουχι και υμεις εμπροσθεν του κυριου ημων ιησου χριστου εν τη αυτου παρουσια
1-thessalonians;2;20;υμεις γαρ εστε η δοξα ημων και η χαρα
1-thessalonians;3;1;διο μηκετι στεγοντες ευδοκησαμεν καταλειφθηναι εν αθηναις μονοι
1-thessalonians;3;2;και επεμψαμεν τιμοθεον τον αδελφον ημων και διακονον του θεου και συνεργον ημων εν τω ευαγγελιω του χριστου εις το στηριξαι υμας και παρακαλεσαι υμας περι της πιστεως υμων
1-thessalonians;3;3;τω μηδενα σαινεσθαι εν ταις θλιψεσιν ταυταις αυτοι γαρ οιδατε οτι εις τουτο κειμεθα
1-thessalonians;3;4;και γαρ οτε προς υμας ημεν προελεγομεν υμιν οτι μελλομεν θλιβεσθαι καθως και εγενετο και οιδατε
1-thessalonians;3;5;δια τουτο καγω μηκετι στεγων επεμψα εις το γνωναι την πιστιν υμων μηπως επειρασεν υμας ο πειραζων και εις κενον γενηται ο κοπος ημων
1-thessalonians;3;6;αρτι δε ελθοντος τιμοθεου προς ημας αφ υμων και ευαγγελισαμενου ημιν την πιστιν και την αγαπην υμων και οτι εχετε μνειαν ημων αγαθην παντοτε επιποθουντες ημας ιδειν καθαπερ και ημεις υμας
1-thessalonians;3;7;δια τουτο παρεκληθημεν αδελφοι εφ υμιν επι παση τη θλιψει και αναγκη ημων δια της υμων πιστεως
1-thessalonians;3;8;οτι νυν ζωμεν εαν υμεις στηκητε εν κυριω
1-thessalonians;3;9;τινα γαρ ευχαριστιαν δυναμεθα τω θεω ανταποδουναι περι υμων επι παση τη χαρα η χαιρομεν δι υμας εμπροσθεν του θεου ημων
1-thessalonians;3;10;νυκτος και ημερας υπερ εκπερισσου δεομενοι εις το ιδειν υμων το προσωπον και καταρτισαι τα υστερηματα της πιστεως υμων
1-thessalonians;3;11;αυτος δε ο θεος και πατηρ ημων και ο κυριος ημων ιησους χριστος κατευθυναι την οδον ημων προς υμας
1-thessalonians;3;12;υμας δε ο κυριος πλεονασαι και περισσευσαι τη αγαπη εις αλληλους και εις παντας καθαπερ και ημεις εις υμας
1-thessalonians;3;13;εις το στηριξαι υμων τας καρδιας αμεμπτους εν αγιωσυνη εμπροσθεν του θεου και πατρος ημων εν τη παρουσια του κυριου ημων ιησου χριστου μετα παντων των αγιων αυτου
1-thessalonians;4;1;το λοιπον ουν αδελφοι ερωτωμεν υμας και παρακαλουμεν εν κυριω ιησου καθως παρελαβετε παρ ημων το πως δει υμας περιπατειν και αρεσκειν θεω ινα περισσευητε μαλλον
1-thessalonians;4;2;οιδατε γαρ τινας παραγγελιας εδωκαμεν υμιν δια του κυριου ιησου
1-thessalonians;4;3;τουτο γαρ εστιν θελημα του θεου ο αγιασμος υμων απεχεσθαι υμας απο της πορνειας
1-thessalonians;4;4;ειδεναι εκαστον υμων το εαυτου σκευος κτασθαι εν αγιασμω και τιμη
1-thessalonians;4;5;μη εν παθει επιθυμιας καθαπερ και τα εθνη τα μη ειδοτα τον θεον
1-thessalonians;4;6;το μη υπερβαινειν και πλεονεκτειν εν τω πραγματι τον αδελφον αυτου διοτι εκδικος ο κυριος περι παντων τουτων καθως και προειπαμεν υμιν και διεμαρτυραμεθα
1-thessalonians;4;7;ου γαρ εκαλεσεν ημας ο θεος επι ακαθαρσια αλλ εν αγιασμω
1-thessalonians;4;8;τοιγαρουν ο αθετων ουκ ανθρωπον αθετει αλλα τον θεον τον και δοντα το πνευμα αυτου το αγιον εις ημας
1-thessalonians;4;9;περι δε της φιλαδελφιας ου χρειαν εχετε γραφειν υμιν αυτοι γαρ υμεις θεοδιδακτοι εστε εις το αγαπαν αλληλους
1-thessalonians;4;10;και γαρ ποιειτε αυτο εις παντας τους αδελφους τους εν ολη τη μακεδονια παρακαλουμεν δε υμας αδελφοι περισσευειν μαλλον
1-thessalonians;4;11;και φιλοτιμεισθαι ησυχαζειν και πρασσειν τα ιδια και εργαζεσθαι ταις ιδιαις χερσιν υμων καθως υμιν παρηγγειλαμεν
1-thessalonians;4;12;ινα περιπατητε ευσχημονως προς τους εξω και μηδενος χρειαν εχητε
1-thessalonians;4;13;ου θελω δε υμας αγνοειν αδελφοι περι των κεκοιμημενων ινα μη λυπησθε καθως και οι λοιποι οι μη εχοντες ελπιδα
1-thessalonians;4;14;ει γαρ πιστευομεν οτι ιησους απεθανεν και ανεστη ουτως και ο θεος τους κοιμηθεντας δια του ιησου αξει συν αυτω
1-thessalonians;4;15;τουτο γαρ υμιν λεγομεν εν λογω κυριου οτι ημεις οι ζωντες οι περιλειπομενοι εις την παρουσιαν του κυριου ου μη φθασωμεν τους κοιμηθεντας
1-thessalonians;4;16;οτι αυτος ο κυριος εν κελευσματι εν φωνη αρχαγγελου και εν σαλπιγγι θεου καταβησεται απ ουρανου και οι νεκροι εν χριστω αναστησονται πρωτον
1-thessalonians;4;17;επειτα ημεις οι ζωντες οι περιλειπομενοι αμα συν αυτοις αρπαγησομεθα εν νεφελαις εις απαντησιν του κυριου εις αερα και ουτως παντοτε συν κυριω εσομεθα
1-thessalonians;4;18;ωστε παρακαλειτε αλληλους εν τοις λογοις τουτοις
1-thessalonians;5;1;περι δε των χρονων και των καιρων αδελφοι ου χρειαν εχετε υμιν γραφεσθαι
1-thessalonians;5;2;αυτοι γαρ ακριβως οιδατε οτι η ημερα κυριου ως κλεπτης εν νυκτι ουτως ερχεται
1-thessalonians;5;3;οταν γαρ λεγωσιν ειρηνη και ασφαλεια τοτε αιφνιδιος αυτοις εφισταται ολεθρος ωσπερ η ωδιν τη εν γαστρι εχουση και ου μη εκφυγωσιν
1-thessalonians;5;4;υμεις δε αδελφοι ουκ εστε εν σκοτει ινα η ημερα υμας ως κλεπτης καταλαβη
1-thessalonians;5;5;παντες υμεις υιοι φωτος εστε και υιοι ημερας ουκ εσμεν νυκτος ουδε σκοτους
1-thessalonians;5;6;αρα ουν μη καθευδωμεν ως και οι λοιποι αλλα γρηγορωμεν και νηφωμεν
1-thessalonians;5;7;οι γαρ καθευδοντες νυκτος καθευδουσιν και οι μεθυσκομενοι νυκτος μεθυουσιν
1-thessalonians;5;8;ημεις δε ημερας οντες νηφωμεν ενδυσαμενοι θωρακα πιστεως και αγαπης και περικεφαλαιαν ελπιδα σωτηριας
1-thessalonians;5;9;οτι ουκ εθετο ημας ο θεος εις οργην αλλ εις περιποιησιν σωτηριας δια του κυριου ημων ιησου χριστου
1-thessalonians;5;10;του αποθανοντος υπερ ημων ινα ειτε γρηγορωμεν ειτε καθευδωμεν αμα συν αυτω ζησωμεν
1-thessalonians;5;11;διο παρακαλειτε αλληλους και οικοδομειτε εις τον ενα καθως και ποιειτε
1-thessalonians;5;12;ερωτωμεν δε υμας αδελφοι ειδεναι τους κοπιωντας εν υμιν και προισταμενους υμων εν κυριω και νουθετουντας υμας
1-thessalonians;5;13;και ηγεισθαι αυτους υπερ εκπερισσου εν αγαπη δια το εργον αυτων ειρηνευετε εν εαυτοις
1-thessalonians;5;14;παρακαλουμεν δε υμας αδελφοι νουθετειτε τους ατακτους παραμυθεισθε τους ολιγοψυχους αντεχεσθε των ασθενων μακροθυμειτε προς παντας
1-thessalonians;5;15;ορατε μη τις κακον αντι κακου τινι αποδω αλλα παντοτε το αγαθον διωκετε και εις αλληλους και εις παντας
1-thessalonians;5;16;παντοτε χαιρετε
1-thessalonians;5;17;αδιαλειπτως προσευχεσθε
1-thessalonians;5;18;εν παντι ευχαριστειτε τουτο γαρ θελημα θεου εν χριστω ιησου εις υμας
1-thessalonians;5;19;το πνευμα μη σβεννυτε
1-thessalonians;5;20;προφητειας μη εξουθενειτε
1-thessalonians;5;21;παντα δοκιμαζετε το καλον κατεχετε
1-thessalonians;5;22;απο παντος ειδους πονηρου απεχεσθε
1-thessalonians;5;23;αυτος δε ο θεος της ειρηνης αγιασαι υμας ολοτελεις και ολοκληρον υμων το πνευμα και η ψυχη και το σωμα αμεμπτως εν τη παρουσια του κυριου ημων ιησου χριστου τηρηθειη
1-thessalonians;5;24;πιστος ο καλων υμας ος και ποιησει
1-thessalonians;5;25;αδελφοι προσευχεσθε περι ημων
1-thessalonians;5;26;ασπασασθε τους αδελφους παντας εν φιληματι αγιω
1-thessalonians;5;27;ορκιζω υμας τον κυριον αναγνωσθηναι την επιστολην πασιν τοις αγιοις αδελφοις
1-thessalonians;5;28;η χαρις του κυριου ημων ιησου χριστου μεθ υμων αμην [προς θεσσαλονικεις πρωτη εγραφη απο αθηνων]
2-thessalonians;1;1;παυλος και σιλουανος και τιμοθεος τη εκκλησια θεσσαλονικεων εν θεω πατρι ημων και κυριω ιησου χριστω
2-thessalonians;1;2;χαρις υμιν και ειρηνη απο θεου πατρος ημων και κυριου ιησου χριστου
2-thessalonians;1;3;ευχαριστειν οφειλομεν τω θεω παντοτε περι υμων αδελφοι καθως αξιον εστιν οτι υπεραυξανει η πιστις υμων και πλεοναζει η αγαπη ενος εκαστου παντων υμων εις αλληλους
2-thessalonians;1;4;ωστε ημας αυτους εν υμιν καυχασθαι εν ταις εκκλησιαις του θεου υπερ της υπομονης υμων και πιστεως εν πασιν τοις διωγμοις υμων και ταις θλιψεσιν αις ανεχεσθε
2-thessalonians;1;5;ενδειγμα της δικαιας κρισεως του θεου εις το καταξιωθηναι υμας της βασιλειας του θεου υπερ ης και πασχετε
2-thessalonians;1;6;ειπερ δικαιον παρα θεω ανταποδουναι τοις θλιβουσιν υμας θλιψιν
2-thessalonians;1;7;και υμιν τοις θλιβομενοις ανεσιν μεθ ημων εν τη αποκαλυψει του κυριου ιησου απ ουρανου μετ αγγελων δυναμεως αυτου
2-thessalonians;1;8;εν πυρι φλογος διδοντος εκδικησιν τοις μη ειδοσιν θεον και τοις μη υπακουουσιν τω ευαγγελιω του κυριου ημων ιησου χριστου
2-thessalonians;1;9;οιτινες δικην τισουσιν ολεθρον αιωνιον απο προσωπου του κυριου και απο της δοξης της ισχυος αυτου
2-thessalonians;1;10;οταν ελθη ενδοξασθηναι εν τοις αγιοις αυτου και θαυμασθηναι εν πασιν τοις πιστευουσιν οτι επιστευθη το μαρτυριον ημων εφ υμας εν τη ημερα εκεινη
2-thessalonians;1;11;εις ο και προσευχομεθα παντοτε περι υμων ινα υμας αξιωση της κλησεως ο θεος ημων και πληρωση πασαν ευδοκιαν αγαθωσυνης και εργον πιστεως εν δυναμει
2-thessalonians;1;12;οπως ενδοξασθη το ονομα του κυριου ημων ιησου χριστου εν υμιν και υμεις εν αυτω κατα την χαριν του θεου ημων και κυριου ιησου χριστου
2-thessalonians;2;1;ερωτωμεν δε υμας αδελφοι υπερ της παρουσιας του κυριου ημων ιησου χριστου και ημων επισυναγωγης επ αυτον
2-thessalonians;2;2;εις το μη ταχεως σαλευθηναι υμας απο του νοος μητε θροεισθαι μητε δια πνευματος μητε δια λογου μητε δι επιστολης ως δι ημων ως οτι ενεστηκεν η ημερα του χριστου
2-thessalonians;2;3;μη τις υμας εξαπατηση κατα μηδενα τροπον οτι εαν μη ελθη η αποστασια πρωτον και αποκαλυφθη ο ανθρωπος της αμαρτιας ο υιος της απωλειας
2-thessalonians;2;4;ο αντικειμενος και υπεραιρομενος επι λεγομενον θεον η σεβασμα ωστε αυτον εις τον ναον του θεου ως θεον καθισαι αποδεικνυντα εαυτον οτι εστιν θεος
2-thessalonians;2;5;ου μνημονευετε οτι ετι ων προς υμας ταυτα ελεγον υμιν
2-thessalonians;2;6;και νυν το κατεχον οιδατε εις το αποκαλυφθηναι αυτον εν τω εαυτου καιρω
2-thessalonians;2;7;το γαρ μυστηριον ηδη ενεργειται της ανομιας μονον ο κατεχων αρτι εως εκ μεσου γενηται
2-thessalonians;2;8;και τοτε αποκαλυφθησεται ο ανομος ον ο κυριος αναλωσει τω πνευματι του στοματος αυτου και καταργησει τη επιφανεια της παρουσιας αυτου
2-thessalonians;2;9;ου εστιν η παρουσια κατ ενεργειαν του σατανα εν παση δυναμει και σημειοις και τερασιν ψευδους
2-thessalonians;2;10;και εν παση απατη της αδικιας εν τοις απολλυμενοις ανθ ων την αγαπην της αληθειας ουκ εδεξαντο εις το σωθηναι αυτους
2-thessalonians;2;11;και δια τουτο πεμψει αυτοις ο θεος ενεργειαν πλανης εις το πιστευσαι αυτους τω ψευδει
2-thessalonians;2;12;ινα κριθωσιν παντες οι μη πιστευσαντες τη αληθεια αλλ ευδοκησαντες εν τη αδικια
2-thessalonians;2;13;ημεις δε οφειλομεν ευχαριστειν τω θεω παντοτε περι υμων αδελφοι ηγαπημενοι υπο κυριου οτι ειλετο υμας ο θεος απ αρχης εις σωτηριαν εν αγιασμω πνευματος και πιστει αληθειας
2-thessalonians;2;14;εις ο εκαλεσεν υμας δια του ευαγγελιου ημων εις περιποιησιν δοξης του κυριου ημων ιησου χριστου
2-thessalonians;2;15;αρα ουν αδελφοι στηκετε και κρατειτε τας παραδοσεις ας εδιδαχθητε ειτε δια λογου ειτε δι επιστολης ημων
2-thessalonians;2;16;αυτος δε ο κυριος ημων ιησους χριστος και ο θεος και πατηρ ημων ο αγαπησας ημας και δους παρακλησιν αιωνιαν και ελπιδα αγαθην εν χαριτι
2-thessalonians;2;17;παρακαλεσαι υμων τας καρδιας και στηριξαι υμας εν παντι λογω και εργω αγαθω
2-thessalonians;3;1;το λοιπον προσευχεσθε αδελφοι περι ημων ινα ο λογος του κυριου τρεχη και δοξαζηται καθως και προς υμας
2-thessalonians;3;2;και ινα ρυσθωμεν απο των ατοπων και πονηρων ανθρωπων ου γαρ παντων η πιστις
2-thessalonians;3;3;πιστος δε εστιν ο κυριος ος στηριξει υμας και φυλαξει απο του πονηρου
2-thessalonians;3;4;πεποιθαμεν δε εν κυριω εφ υμας οτι α παραγγελλομεν υμιν και ποιειτε και ποιησετε
2-thessalonians;3;5;ο δε κυριος κατευθυναι υμων τας καρδιας εις την αγαπην του θεου και του χριστου
2-thessalonians;3;6;παραγγελλομεν δε υμιν αδελφοι εν ονοματι του κυριου ημων ιησου χριστου στελλεσθαι υμας απο παντος αδελφου ατακτως περιπατουντος και μη κατα την παραδοσιν ην παρελαβεν παρ ημων
2-thessalonians;3;7;αυτοι γαρ οιδατε πως δει μιμεισθαι ημας οτι ουκ ητακτησαμεν εν υμιν
2-thessalonians;3;8;ουδε δωρεαν αρτον εφαγομεν παρα τινος αλλ εν κοπω και μοχθω νυκτα και ημεραν εργαζομενοι προς το μη επιβαρησαι τινα υμων
2-thessalonians;3;9;ουχ οτι ουκ εχομεν εξουσιαν αλλ ινα εαυτους τυπον δωμεν υμιν εις το μιμεισθαι ημας
2-thessalonians;3;10;και γαρ οτε ημεν προς υμας τουτο παρηγγελλομεν υμιν οτι ει τις ου θελει εργαζεσθαι μηδε εσθιετω
2-thessalonians;3;11;ακουομεν γαρ τινας περιπατουντας εν υμιν ατακτως μηδεν εργαζομενους αλλα περιεργαζομενους
2-thessalonians;3;12;τοις δε τοιουτοις παραγγελλομεν και παρακαλουμεν δια του κυριου ημων ιησου χριστου ινα μετα ησυχιας εργαζομενοι τον εαυτων αρτον εσθιωσιν
2-thessalonians;3;13;υμεις δε αδελφοι μη εκκακησητε καλοποιουντες
2-thessalonians;3;14;ει δε τις ουχ υπακουει τω λογω ημων δια της επιστολης τουτον σημειουσθε και μη συναναμιγνυσθε αυτω ινα εντραπη
2-thessalonians;3;15;και μη ως εχθρον ηγεισθε αλλα νουθετειτε ως αδελφον
2-thessalonians;3;16;αυτος δε ο κυριος της ειρηνης δωη υμιν την ειρηνην δια παντος εν παντι τροπω ο κυριος μετα παντων υμων
2-thessalonians;3;17;ο ασπασμος τη εμη χειρι παυλου ο εστιν σημειον εν παση επιστολη ουτως γραφω
2-thessalonians;3;18;η χαρις του κυριου ημων ιησου χριστου μετα παντων υμων αμην [προς θεσσαλονικεις δευτερα εγραφη απο αθηνων]
1-timothy;1;1;παυλος αποστολος ιησου χριστου κατ επιταγην θεου σωτηρος ημων και κυριου ιησου χριστου της ελπιδος ημων
1-timothy;1;2;τιμοθεω γνησιω τεκνω εν πιστει χαρις ελεος ειρηνη απο θεου πατρος ημων και του κυριου ημων
1-timothy;1;3;καθως παρεκαλεσα σε προσμειναι εν εφεσω πορευομενος εις μακεδονιαν ινα παραγγειλης τισιν μη ετεροδιδασκαλειν
1-timothy;1;4;μηδε προσεχειν μυθοις και γενεαλογιαις απεραντοις αιτινες ζητησεις παρεχουσιν μαλλον η θεου την εν πιστει
1-timothy;1;5;το δε τελος της παραγγελιας εστιν αγαπη εκ καθαρας καρδιας και συνειδησεως αγαθης και πιστεως ανυποκριτου
1-timothy;1;6;ων τινες αστοχησαντες εξετραπησαν εις ματαιολογιαν
1-timothy;1;7;θελοντες ειναι νομοδιδασκαλοι μη νοουντες μητε α λεγουσιν μητε περι τινων διαβεβαιουνται
1-timothy;1;8;οιδαμεν δε οτι καλος ο νομος εαν τις αυτω νομιμως χρηται
1-timothy;1;9;ειδως τουτο οτι δικαιω νομος ου κειται ανομοις δε και ανυποτακτοις ασεβεσιν και αμαρτωλοις ανοσιοις και βεβηλοις πατραλωαις και μητραλωαις ανδροφονοις
1-timothy;1;10;πορνοις αρσενοκοιταις ανδραποδισταις ψευσταις επιορκοις και ει τι ετερον τη υγιαινουση διδασκαλια αντικειται
1-timothy;1;11;κατα το ευαγγελιον της δοξης του μακαριου θεου ο επιστευθην εγω
1-timothy;1;12;και χαριν εχω τω ενδυναμωσαντι με χριστω ιησου τω κυριω ημων οτι πιστον με ηγησατο θεμενος εις διακονιαν
1-timothy;1;13;τον προτερον οντα βλασφημον και διωκτην και υβριστην αλλ ηλεηθην οτι αγνοων εποιησα εν απιστια
1-timothy;1;14;υπερεπλεονασεν δε η χαρις του κυριου ημων μετα πιστεως και αγαπης της εν χριστω ιησου
1-timothy;1;15;πιστος ο λογος και πασης αποδοχης αξιος οτι χριστος ιησους ηλθεν εις τον κοσμον αμαρτωλους σωσαι ων πρωτος ειμι εγω
1-timothy;1;16;αλλα δια τουτο ηλεηθην ινα εν εμοι πρωτω ενδειξηται ιησους χριστος την πασαν μακροθυμιαν προς υποτυπωσιν των μελλοντων πιστευειν επ αυτω εις ζωην αιωνιον
1-timothy;1;17;τω δε βασιλει των αιωνων αφθαρτω αορατω μονω σοφω θεω τιμη και δοξα εις τους αιωνας των αιωνων αμην
1-timothy;1;18;ταυτην την παραγγελιαν παρατιθεμαι σοι τεκνον τιμοθεε κατα τας προαγουσας επι σε προφητειας ινα στρατευη εν αυταις την καλην στρατειαν
1-timothy;1;19;εχων πιστιν και αγαθην συνειδησιν ην τινες απωσαμενοι περι την πιστιν εναυαγησαν
1-timothy;1;20;ων εστιν υμεναιος και αλεξανδρος ους παρεδωκα τω σατανα ινα παιδευθωσιν μη βλασφημειν
1-timothy;2;1;παρακαλω ουν πρωτον παντων ποιεισθαι δεησεις προσευχας εντευξεις ευχαριστιας υπερ παντων ανθρωπων
1-timothy;2;2;υπερ βασιλεων και παντων των εν υπεροχη οντων ινα ηρεμον και ησυχιον βιον διαγωμεν εν παση ευσεβεια και σεμνοτητι
1-timothy;2;3;τουτο γαρ καλον και αποδεκτον ενωπιον του σωτηρος ημων θεου
1-timothy;2;4;ος παντας ανθρωπους θελει σωθηναι και εις επιγνωσιν αληθειας ελθειν
1-timothy;2;5;εις γαρ θεος εις και μεσιτης θεου και ανθρωπων ανθρωπος χριστος ιησους
1-timothy;2;6;ο δους εαυτον αντιλυτρον υπερ παντων το μαρτυριον καιροις ιδιοις
1-timothy;2;7;εις ο ετεθην εγω κηρυξ και αποστολος αληθειαν λεγω εν χριστω ου ψευδομαι διδασκαλος εθνων εν πιστει και αληθεια
1-timothy;2;8;βουλομαι ουν προσευχεσθαι τους ανδρας εν παντι τοπω επαιροντας οσιους χειρας χωρις οργης και διαλογισμου
1-timothy;2;9;ωσαυτως και τας γυναικας εν καταστολη κοσμιω μετα αιδους και σωφροσυνης κοσμειν εαυτας μη εν πλεγμασιν η χρυσω η μαργαριταις η ιματισμω πολυτελει
1-timothy;2;10;αλλ ο πρεπει γυναιξιν επαγγελλομεναις θεοσεβειαν δι εργων αγαθων
1-timothy;2;11;γυνη εν ησυχια μανθανετω εν παση υποταγη
1-timothy;2;12;γυναικι δε διδασκειν ουκ επιτρεπω ουδε αυθεντειν ανδρος αλλ ειναι εν ησυχια
1-timothy;2;13;αδαμ γαρ πρωτος επλασθη ειτα ευα
1-timothy;2;14;και αδαμ ουκ ηπατηθη η δε γυνη απατηθεισα εν παραβασει γεγονεν
1-timothy;2;15;σωθησεται δε δια της τεκνογονιας εαν μεινωσιν εν πιστει και αγαπη και αγιασμω μετα σωφροσυνης
1-timothy;3;1;πιστος ο λογος ει τις επισκοπης ορεγεται καλου εργου επιθυμει
1-timothy;3;2;δει ουν τον επισκοπον ανεπιληπτον ειναι μιας γυναικος ανδρα σωφρονα κοσμιον φιλοξενον διδακτικον
1-timothy;3;3;μη παροινον μη πληκτην μη αισχροκερδη αλλ επιεικη αμαχον αφιλαργυρον
1-timothy;3;4;του ιδιου οικου καλως προισταμενον τεκνα εχοντα εν υποταγη μετα πασης σεμνοτητος
1-timothy;3;5;ει δε τις του ιδιου οικου προστηναι ουκ οιδεν πως εκκλησιας θεου επιμελησεται
1-timothy;3;6;μη νεοφυτον ινα μη τυφωθεις εις κριμα εμπεση του διαβολου
1-timothy;3;7;δει δε αυτον και μαρτυριαν καλην εχειν απο των εξωθεν ινα μη εις ονειδισμον εμπεση και παγιδα του διαβολου
1-timothy;3;8;διακονους ωσαυτως σεμνους μη διλογους μη οινω πολλω προσεχοντας μη αισχροκερδεις
1-timothy;3;9;εχοντας το μυστηριον της πιστεως εν καθαρα συνειδησει
1-timothy;3;10;και ουτοι δε δοκιμαζεσθωσαν πρωτον ειτα διακονειτωσαν ανεγκλητοι οντες
1-timothy;3;11;γυναικας ωσαυτως σεμνας μη διαβολους πιστας εν πασιν
1-timothy;3;12;διακονοι εστωσαν μιας γυναικος ανδρες τεκνων καλως προισταμενοι και των ιδιων οικων
1-timothy;3;13;οι γαρ καλως διακονησαντες βαθμον εαυτοις καλον περιποιουνται και πολλην παρρησιαν εν πιστει τη εν χριστω ιησου
1-timothy;3;14;ταυτα σοι γραφω ελπιζων ελθειν προς σε ταχιον
1-timothy;3;15;εαν δε βραδυνω ινα ειδης πως δει εν οικω θεου αναστρεφεσθαι ητις εστιν εκκλησια θεου ζωντος στυλος και εδραιωμα της αληθειας
1-timothy;3;16;και ομολογουμενως μεγα εστιν το της ευσεβειας μυστηριον θεος εφανερωθη εν σαρκι εδικαιωθη εν πνευματι ωφθη αγγελοις εκηρυχθη εν εθνεσιν επιστευθη εν κοσμω ανεληφθη εν δοξη
1-timothy;4;1;το δε πνευμα ρητως λεγει οτι εν υστεροις καιροις αποστησονται τινες της πιστεως προσεχοντες πνευμασιν πλανοις και διδασκαλιαις δαιμονιων
1-timothy;4;2;εν υποκρισει ψευδολογων κεκαυτηριασμενων την ιδιαν συνειδησιν
1-timothy;4;3;κωλυοντων γαμειν απεχεσθαι βρωματων α ο θεος εκτισεν εις μεταληψιν μετα ευχαριστιας τοις πιστοις και επεγνωκοσιν την αληθειαν
1-timothy;4;4;οτι παν κτισμα θεου καλον και ουδεν αποβλητον μετα ευχαριστιας λαμβανομενον
1-timothy;4;5;αγιαζεται γαρ δια λογου θεου και εντευξεως
1-timothy;4;6;ταυτα υποτιθεμενος τοις αδελφοις καλος εση διακονος ιησου χριστου εντρεφομενος τοις λογοις της πιστεως και της καλης διδασκαλιας η παρηκολουθηκας
1-timothy;4;7;τους δε βεβηλους και γραωδεις μυθους παραιτου γυμναζε δε σεαυτον προς ευσεβειαν
1-timothy;4;8;η γαρ σωματικη γυμνασια προς ολιγον εστιν ωφελιμος η δε ευσεβεια προς παντα ωφελιμος εστιν επαγγελιαν εχουσα ζωης της νυν και της μελλουσης
1-timothy;4;9;πιστος ο λογος και πασης αποδοχης αξιος
1-timothy;4;10;εις τουτο γαρ και κοπιωμεν και ονειδιζομεθα οτι ηλπικαμεν επι θεω ζωντι ος εστιν σωτηρ παντων ανθρωπων μαλιστα πιστων
1-timothy;4;11;παραγγελλε ταυτα και διδασκε
1-timothy;4;12;μηδεις σου της νεοτητος καταφρονειτω αλλα τυπος γινου των πιστων εν λογω εν αναστροφη εν αγαπη εν πνευματι εν πιστει εν αγνεια
1-timothy;4;13;εως ερχομαι προσεχε τη αναγνωσει τη παρακλησει τη διδασκαλια
1-timothy;4;14;μη αμελει του εν σοι χαρισματος ο εδοθη σοι δια προφητειας μετα επιθεσεως των χειρων του πρεσβυτεριου
1-timothy;4;15;ταυτα μελετα εν τουτοις ισθι ινα σου η προκοπη φανερα η εν πασιν
1-timothy;4;16;επεχε σεαυτω και τη διδασκαλια επιμενε αυτοις τουτο γαρ ποιων και σεαυτον σωσεις και τους ακουοντας σου
1-timothy;5;1;πρεσβυτερω μη επιπληξης αλλα παρακαλει ως πατερα νεωτερους ως αδελφους
1-timothy;5;2;πρεσβυτερας ως μητερας νεωτερας ως αδελφας εν παση αγνεια
1-timothy;5;3;χηρας τιμα τας οντως χηρας
1-timothy;5;4;ει δε τις χηρα τεκνα η εκγονα εχει μανθανετωσαν πρωτον τον ιδιον οικον ευσεβειν και αμοιβας αποδιδοναι τοις προγονοις τουτο γαρ εστιν καλον και αποδεκτον ενωπιον του θεου
1-timothy;5;5;η δε οντως χηρα και μεμονωμενη ηλπικεν επι τον θεον και προσμενει ταις δεησεσιν και ταις προσευχαις νυκτος και ημερας
1-timothy;5;6;η δε σπαταλωσα ζωσα τεθνηκεν
1-timothy;5;7;και ταυτα παραγγελλε ινα ανεπιληπτοι ωσιν
1-timothy;5;8;ει δε τις των ιδιων και μαλιστα των οικειων ου προνοει την πιστιν ηρνηται και εστιν απιστου χειρων
1-timothy;5;9;χηρα καταλεγεσθω μη ελαττον ετων εξηκοντα γεγονυια ενος ανδρος γυνη
1-timothy;5;10;εν εργοις καλοις μαρτυρουμενη ει ετεκνοτροφησεν ει εξενοδοχησεν ει αγιων ποδας ενιψεν ει θλιβομενοις επηρκεσεν ει παντι εργω αγαθω επηκολουθησεν
1-timothy;5;11;νεωτερας δε χηρας παραιτου οταν γαρ καταστρηνιασωσιν του χριστου γαμειν θελουσιν
1-timothy;5;12;εχουσαι κριμα οτι την πρωτην πιστιν ηθετησαν
1-timothy;5;13;αμα δε και αργαι μανθανουσιν περιερχομεναι τας οικιας ου μονον δε αργαι αλλα και φλυαροι και περιεργοι λαλουσαι τα μη δεοντα
1-timothy;5;14;βουλομαι ουν νεωτερας γαμειν τεκνογονειν οικοδεσποτειν μηδεμιαν αφορμην διδοναι τω αντικειμενω λοιδοριας χαριν
1-timothy;5;15;ηδη γαρ τινες εξετραπησαν οπισω του σατανα
1-timothy;5;16;ει τις πιστος η πιστη εχει χηρας επαρκειτω αυταις και μη βαρεισθω η εκκλησια ινα ταις οντως χηραις επαρκεση
1-timothy;5;17;οι καλως προεστωτες πρεσβυτεροι διπλης τιμης αξιουσθωσαν μαλιστα οι κοπιωντες εν λογω και διδασκαλια
1-timothy;5;18;λεγει γαρ η γραφη βουν αλοωντα ου φιμωσεις και αξιος ο εργατης του μισθου αυτου
1-timothy;5;19;κατα πρεσβυτερου κατηγοριαν μη παραδεχου εκτος ει μη επι δυο η τριων μαρτυρων
1-timothy;5;20;τους αμαρτανοντας ενωπιον παντων ελεγχε ινα και οι λοιποι φοβον εχωσιν
1-timothy;5;21;διαμαρτυρομαι ενωπιον του θεου και κυριου ιησου χριστου και των εκλεκτων αγγελων ινα ταυτα φυλαξης χωρις προκριματος μηδεν ποιων κατα προσκλισιν
1-timothy;5;22;χειρας ταχεως μηδενι επιτιθει μηδε κοινωνει αμαρτιαις αλλοτριαις σεαυτον αγνον τηρει
1-timothy;5;23;μηκετι υδροποτει αλλ οινω ολιγω χρω δια τον στομαχον σου και τας πυκνας σου ασθενειας
1-timothy;5;24;τινων ανθρωπων αι αμαρτιαι προδηλοι εισιν προαγουσαι εις κρισιν τισιν δε και επακολουθουσιν
1-timothy;5;25;ωσαυτως και τα καλα εργα προδηλα εστιν και τα αλλως εχοντα κρυβηναι ου δυναται
1-timothy;6;1;οσοι εισιν υπο ζυγον δουλοι τους ιδιους δεσποτας πασης τιμης αξιους ηγεισθωσαν ινα μη το ονομα του θεου και η διδασκαλια βλασφημηται
1-timothy;6;2;οι δε πιστους εχοντες δεσποτας μη καταφρονειτωσαν οτι αδελφοι εισιν αλλα μαλλον δουλευετωσαν οτι πιστοι εισιν και αγαπητοι οι της ευεργεσιας αντιλαμβανομενοι ταυτα διδασκε και παρακαλει
1-timothy;6;3;ει τις ετεροδιδασκαλει και μη προσερχεται υγιαινουσιν λογοις τοις του κυριου ημων ιησου χριστου και τη κατ ευσεβειαν διδασκαλια
1-timothy;6;4;τετυφωται μηδεν επισταμενος αλλα νοσων περι ζητησεις και λογομαχιας εξ ων γινεται φθονος ερις βλασφημιαι υπονοιαι πονηραι
1-timothy;6;5;παραδιατριβαι διεφθαρμενων ανθρωπων τον νουν και απεστερημενων της αληθειας νομιζοντων πορισμον ειναι την ευσεβειαν αφιστασο απο των τοιουτων
1-timothy;6;6;εστιν δε πορισμος μεγας η ευσεβεια μετα αυταρκειας
1-timothy;6;7;ουδεν γαρ εισηνεγκαμεν εις τον κοσμον δηλον οτι ουδε εξενεγκειν τι δυναμεθα
1-timothy;6;8;εχοντες δε διατροφας και σκεπασματα τουτοις αρκεσθησομεθα
1-timothy;6;9;οι δε βουλομενοι πλουτειν εμπιπτουσιν εις πειρασμον και παγιδα και επιθυμιας πολλας ανοητους και βλαβερας αιτινες βυθιζουσιν τους ανθρωπους εις ολεθρον και απωλειαν
1-timothy;6;10;ριζα γαρ παντων των κακων εστιν η φιλαργυρια ης τινες ορεγομενοι απεπλανηθησαν απο της πιστεως και εαυτους περιεπειραν οδυναις πολλαις
1-timothy;6;11;συ δε ω ανθρωπε του θεου ταυτα φευγε διωκε δε δικαιοσυνην ευσεβειαν πιστιν αγαπην υπομονην πραοτητα
1-timothy;6;12;αγωνιζου τον καλον αγωνα της πιστεως επιλαβου της αιωνιου ζωης εις ην και εκληθης και ωμολογησας την καλην ομολογιαν ενωπιον πολλων μαρτυρων
1-timothy;6;13;παραγγελλω σοι ενωπιον του θεου του ζωοποιουντος τα παντα και χριστου ιησου του μαρτυρησαντος επι ποντιου πιλατου την καλην ομολογιαν
1-timothy;6;14;τηρησαι σε την εντολην ασπιλον ανεπιληπτον μεχρι της επιφανειας του κυριου ημων ιησου χριστου
1-timothy;6;15;ην καιροις ιδιοις δειξει ο μακαριος και μονος δυναστης ο βασιλευς των βασιλευοντων και κυριος των κυριευοντων
1-timothy;6;16;ο μονος εχων αθανασιαν φως οικων απροσιτον ον ειδεν ουδεις ανθρωπων ουδε ιδειν δυναται ω τιμη και κρατος αιωνιον αμην
1-timothy;6;17;τοις πλουσιοις εν τω νυν αιωνι παραγγελλε μη υψηλοφρονειν μηδε ηλπικεναι επι πλουτου αδηλοτητι αλλ εν τω θεω τω ζωντι τω παρεχοντι ημιν πλουσιως παντα εις απολαυσιν
1-timothy;6;18;αγαθοεργειν πλουτειν εν εργοις καλοις ευμεταδοτους ειναι κοινωνικους
1-timothy;6;19;αποθησαυριζοντας εαυτοις θεμελιον καλον εις το μελλον ινα επιλαβωνται της αιωνιου ζωης
1-timothy;6;20;ω τιμοθεε την παρακαταθηκην φυλαξον εκτρεπομενος τας βεβηλους κενοφωνιας και αντιθεσεις της ψευδωνυμου γνωσεως
1-timothy;6;21;ην τινες επαγγελλομενοι περι την πιστιν ηστοχησαν η χαρις μετα σου αμην [προς τιμοθεον πρωτη εγραφη απο λαοδικειας ητις εστιν μητροπολις φρυγιας της πακατιανης]
2-timothy;1;1;παυλος αποστολος ιησου χριστου δια θεληματος θεου κατ επαγγελιαν ζωης της εν χριστω ιησου
2-timothy;1;2;τιμοθεω αγαπητω τεκνω χαρις ελεος ειρηνη απο θεου πατρος και χριστου ιησου του κυριου ημων
2-timothy;1;3;χαριν εχω τω θεω ω λατρευω απο προγονων εν καθαρα συνειδησει ως αδιαλειπτον εχω την περι σου μνειαν εν ταις δεησεσιν μου νυκτος και ημερας
2-timothy;1;4;επιποθων σε ιδειν μεμνημενος σου των δακρυων ινα χαρας πληρωθω
2-timothy;1;5;υπομνησιν λαμβανων της εν σοι ανυποκριτου πιστεως ητις ενωκησεν πρωτον εν τη μαμμη σου λωιδι και τη μητρι σου πεπεισμαι δε οτι και εν σοι
2-timothy;1;6;δι ην αιτιαν αναμιμνησκω σε αναζωπυρειν το χαρισμα του θεου ο εστιν εν σοι δια της επιθεσεως των χειρων μου
2-timothy;1;7;ου γαρ εδωκεν ημιν ο θεος πνευμα δειλιας αλλα δυναμεως και αγαπης και σωφρονισμου
2-timothy;1;8;μη ουν επαισχυνθης το μαρτυριον του κυριου ημων μηδε εμε τον δεσμιον αυτου αλλα συγκακοπαθησον τω ευαγγελιω κατα δυναμιν θεου
2-timothy;1;9;του σωσαντος ημας και καλεσαντος κλησει αγια ου κατα τα εργα ημων αλλα κατ ιδιαν προθεσιν και χαριν την δοθεισαν ημιν εν χριστω ιησου προ χρονων αιωνιων
2-timothy;1;10;φανερωθεισαν δε νυν δια της επιφανειας του σωτηρος ημων ιησου χριστου καταργησαντος μεν τον θανατον φωτισαντος δε ζωην και αφθαρσιαν δια του ευαγγελιου
2-timothy;1;11;εις ο ετεθην εγω κηρυξ και αποστολος και διδασκαλος εθνων
2-timothy;1;12;δι ην αιτιαν και ταυτα πασχω αλλ ουκ επαισχυνομαι οιδα γαρ ω πεπιστευκα και πεπεισμαι οτι δυνατος εστιν την παραθηκην μου φυλαξαι εις εκεινην την ημεραν
2-timothy;1;13;υποτυπωσιν εχε υγιαινοντων λογων ων παρ εμου ηκουσας εν πιστει και αγαπη τη εν χριστω ιησου
2-timothy;1;14;την καλην παρακαταθηκην φυλαξον δια πνευματος αγιου του ενοικουντος εν ημιν
2-timothy;1;15;οιδας τουτο οτι απεστραφησαν με παντες οι εν τη ασια ων εστιν φυγελλος και ερμογενης
2-timothy;1;16;δωη ελεος ο κυριος τω ονησιφορου οικω οτι πολλακις με ανεψυξεν και την αλυσιν μου ουκ επησχυνθη
2-timothy;1;17;αλλα γενομενος εν ρωμη σπουδαιοτερον εζητησεν με και ευρεν
2-timothy;1;18;δωη αυτω ο κυριος ευρειν ελεος παρα κυριου εν εκεινη τη ημερα και οσα εν εφεσω διηκονησεν βελτιον συ γινωσκεις
2-timothy;2;1;συ ουν τεκνον μου ενδυναμου εν τη χαριτι τη εν χριστω ιησου
2-timothy;2;2;και α ηκουσας παρ εμου δια πολλων μαρτυρων ταυτα παραθου πιστοις ανθρωποις οιτινες ικανοι εσονται και ετερους διδαξαι
2-timothy;2;3;συ ουν κακοπαθησον ως καλος στρατιωτης ιησου χριστου
2-timothy;2;4;ουδεις στρατευομενος εμπλεκεται ταις του βιου πραγματειαις ινα τω στρατολογησαντι αρεση
2-timothy;2;5;εαν δε και αθλη τις ου στεφανουται εαν μη νομιμως αθληση
2-timothy;2;6;τον κοπιωντα γεωργον δει πρωτον των καρπων μεταλαμβανειν
2-timothy;2;7;νοει α λεγω δωη γαρ σοι ο κυριος συνεσιν εν πασιν
2-timothy;2;8;μνημονευε ιησουν χριστον εγηγερμενον εκ νεκρων εκ σπερματος δαβιδ κατα το ευαγγελιον μου
2-timothy;2;9;εν ω κακοπαθω μεχρι δεσμων ως κακουργος αλλ ο λογος του θεου ου δεδεται
2-timothy;2;10;δια τουτο παντα υπομενω δια τους εκλεκτους ινα και αυτοι σωτηριας τυχωσιν της εν χριστω ιησου μετα δοξης αιωνιου
2-timothy;2;11;πιστος ο λογος ει γαρ συναπεθανομεν και συζησομεν
2-timothy;2;12;ει υπομενομεν και συμβασιλευσομεν ει αρνουμεθα κακεινος αρνησεται ημας
2-timothy;2;13;ει απιστουμεν εκεινος πιστος μενει αρνησασθαι εαυτον ου δυναται
2-timothy;2;14;ταυτα υπομιμνησκε διαμαρτυρομενος ενωπιον του κυριου μη λογομαχειν εις ουδεν χρησιμον επι καταστροφη των ακουοντων
2-timothy;2;15;σπουδασον σεαυτον δοκιμον παραστησαι τω θεω εργατην ανεπαισχυντον ορθοτομουντα τον λογον της αληθειας
2-timothy;2;16;τας δε βεβηλους κενοφωνιας περιιστασο επι πλειον γαρ προκοψουσιν ασεβειας
2-timothy;2;17;και ο λογος αυτων ως γαγγραινα νομην εξει ων εστιν υμεναιος και φιλητος
2-timothy;2;18;οιτινες περι την αληθειαν ηστοχησαν λεγοντες την αναστασιν ηδη γεγονεναι και ανατρεπουσιν την τινων πιστιν
2-timothy;2;19;ο μεντοι στερεος θεμελιος του θεου εστηκεν εχων την σφραγιδα ταυτην εγνω κυριος τους οντας αυτου και αποστητω απο αδικιας πας ο ονομαζων το ονομα χριστου
2-timothy;2;20;εν μεγαλη δε οικια ουκ εστιν μονον σκευη χρυσα και αργυρα αλλα και ξυλινα και οστρακινα και α μεν εις τιμην α δε εις ατιμιαν
2-timothy;2;21;εαν ουν τις εκκαθαρη εαυτον απο τουτων εσται σκευος εις τιμην ηγιασμενον και ευχρηστον τω δεσποτη εις παν εργον αγαθον ητοιμασμενον
2-timothy;2;22;τας δε νεωτερικας επιθυμιας φευγε διωκε δε δικαιοσυνην πιστιν αγαπην ειρηνην μετα των επικαλουμενων τον κυριον εκ καθαρας καρδιας
2-timothy;2;23;τας δε μωρας και απαιδευτους ζητησεις παραιτου ειδως οτι γεννωσιν μαχας
2-timothy;2;24;δουλον δε κυριου ου δει μαχεσθαι αλλ ηπιον ειναι προς παντας διδακτικον ανεξικακον
2-timothy;2;25;εν πραοτητι παιδευοντα τους αντιδιατιθεμενους μηποτε δω αυτοις ο θεος μετανοιαν εις επιγνωσιν αληθειας
2-timothy;2;26;και ανανηψωσιν εκ της του διαβολου παγιδος εζωγρημενοι υπ αυτου εις το εκεινου θελημα
2-timothy;3;1;τουτο δε γινωσκε οτι εν εσχαταις ημεραις ενστησονται καιροι χαλεποι
2-timothy;3;2;εσονται γαρ οι ανθρωποι φιλαυτοι φιλαργυροι αλαζονες υπερηφανοι βλασφημοι γονευσιν απειθεις αχαριστοι ανοσιοι
2-timothy;3;3;αστοργοι ασπονδοι διαβολοι ακρατεις ανημεροι αφιλαγαθοι
2-timothy;3;4;προδοται προπετεις τετυφωμενοι φιληδονοι μαλλον η φιλοθεοι
2-timothy;3;5;εχοντες μορφωσιν ευσεβειας την δε δυναμιν αυτης ηρνημενοι και τουτους αποτρεπου
2-timothy;3;6;εκ τουτων γαρ εισιν οι ενδυνοντες εις τας οικιας και αιχμαλωτευοντες τα γυναικαρια σεσωρευμενα αμαρτιαις αγομενα επιθυμιαις ποικιλαις
2-timothy;3;7;παντοτε μανθανοντα και μηδεποτε εις επιγνωσιν αληθειας ελθειν δυναμενα
2-timothy;3;8;ον τροπον δε ιαννης και ιαμβρης αντεστησαν μωυσει ουτως και ουτοι ανθιστανται τη αληθεια ανθρωποι κατεφθαρμενοι τον νουν αδοκιμοι περι την πιστιν
2-timothy;3;9;αλλ ου προκοψουσιν επι πλειον η γαρ ανοια αυτων εκδηλος εσται πασιν ως και η εκεινων εγενετο
2-timothy;3;10;συ δε παρηκολουθηκας μου τη διδασκαλια τη αγωγη τη προθεσει τη πιστει τη μακροθυμια τη αγαπη τη υπομονη
2-timothy;3;11;τοις διωγμοις τοις παθημασιν οια μοι εγενετο εν αντιοχεια εν ικονιω εν λυστροις οιους διωγμους υπηνεγκα και εκ παντων με ερρυσατο ο κυριος
2-timothy;3;12;και παντες δε οι θελοντες ευσεβως ζην εν χριστω ιησου διωχθησονται
2-timothy;3;13;πονηροι δε ανθρωποι και γοητες προκοψουσιν επι το χειρον πλανωντες και πλανωμενοι
2-timothy;3;14;συ δε μενε εν οις εμαθες και επιστωθης ειδως παρα τινος εμαθες
2-timothy;3;15;και οτι απο βρεφους τα ιερα γραμματα οιδας τα δυναμενα σε σοφισαι εις σωτηριαν δια πιστεως της εν χριστω ιησου
2-timothy;3;16;πασα γραφη θεοπνευστος και ωφελιμος προς διδασκαλιαν προς ελεγχον προς επανορθωσιν προς παιδειαν την εν δικαιοσυνη
2-timothy;3;17;ινα αρτιος η ο του θεου ανθρωπος προς παν εργον αγαθον εξηρτισμενος
2-timothy;4;1;διαμαρτυρομαι ουν εγω ενωπιον του θεου και του κυριου ιησου χριστου του μελλοντος κρινειν ζωντας και νεκρους κατα την επιφανειαν αυτου και την βασιλειαν αυτου
2-timothy;4;2;κηρυξον τον λογον επιστηθι ευκαιρως ακαιρως ελεγξον επιτιμησον παρακαλεσον εν παση μακροθυμια και διδαχη
2-timothy;4;3;εσται γαρ καιρος οτε της υγιαινουσης διδασκαλιας ουκ ανεξονται αλλα κατα τας επιθυμιας τας ιδιας εαυτοις επισωρευσουσιν διδασκαλους κνηθομενοι την ακοην
2-timothy;4;4;και απο μεν της αληθειας την ακοην αποστρεψουσιν επι δε τους μυθους εκτραπησονται
2-timothy;4;5;συ δε νηφε εν πασιν κακοπαθησον εργον ποιησον ευαγγελιστου την διακονιαν σου πληροφορησον
2-timothy;4;6;εγω γαρ ηδη σπενδομαι και ο καιρος της εμης αναλυσεως εφεστηκεν
2-timothy;4;7;τον αγωνα τον καλον ηγωνισμαι τον δρομον τετελεκα την πιστιν τετηρηκα
2-timothy;4;8;λοιπον αποκειται μοι ο της δικαιοσυνης στεφανος ον αποδωσει μοι ο κυριος εν εκεινη τη ημερα ο δικαιος κριτης ου μονον δε εμοι αλλα και πασιν τοις ηγαπηκοσιν την επιφανειαν αυτου
2-timothy;4;9;σπουδασον ελθειν προς με ταχεως
2-timothy;4;10;δημας γαρ με εγκατελιπεν αγαπησας τον νυν αιωνα και επορευθη εις θεσσαλονικην κρησκης εις γαλατιαν τιτος εις δαλματιαν
2-timothy;4;11;λουκας εστιν μονος μετ εμου μαρκον αναλαβων αγε μετα σεαυτου εστιν γαρ μοι ευχρηστος εις διακονιαν
2-timothy;4;12;τυχικον δε απεστειλα εις εφεσον
2-timothy;4;13;τον ον απελιπον εν τρωαδι παρα καρπω ερχομενος φερε και τα βιβλια μαλιστα τας μεμβρανας
2-timothy;4;14;αλεξανδρος ο χαλκευς πολλα μοι κακα ενεδειξατο αποδωη αυτω ο κυριος κατα τα εργα αυτου
2-timothy;4;15;ον και συ φυλασσου λιαν γαρ ανθεστηκεν τοις ημετεροις λογοις
2-timothy;4;16;εν τη πρωτη μου απολογια ουδεις μοι συμπαρεγενετο αλλα παντες με εγκατελιπον μη αυτοις λογισθειη
2-timothy;4;17;ο δε κυριος μοι παρεστη και ενεδυναμωσεν με ινα δι εμου το κηρυγμα πληροφορηθη και ακουση παντα τα εθνη και ερρυσθην εκ στοματος λεοντος
2-timothy;4;18;και ρυσεται με ο κυριος απο παντος εργου πονηρου και σωσει εις την βασιλειαν αυτου την επουρανιον ω η δοξα εις τους αιωνας των αιωνων αμην
2-timothy;4;19;ασπασαι πρισκαν και ακυλαν και τον ονησιφορου οικον
2-timothy;4;20;εραστος εμεινεν εν κορινθω τροφιμον δε απελιπον εν μιλητω ασθενουντα
2-timothy;4;21;σπουδασον προ χειμωνος ελθειν ασπαζεται σε ευβουλος και πουδης και λινος και κλαυδια και οι αδελφοι παντες
2-timothy;4;22;ο κυριος ιησους χριστος μετα του πνευματος σου η χαρις μεθ υμων αμην [προς τιμοθεον δευτερα της εφεσιων εκκλησιας πρωτον επισκοπον χειροτονηθεντα εγραφη απο ρωμης οτε εκ δευτερου παρεστη παυλος τω καισαρι νερωνι]
titus;1;1;παυλος δουλος θεου αποστολος δε ιησου χριστου κατα πιστιν εκλεκτων θεου και επιγνωσιν αληθειας της κατ ευσεβειαν
titus;1;2;επ ελπιδι ζωης αιωνιου ην επηγγειλατο ο αψευδης θεος προ χρονων αιωνιων
titus;1;3;εφανερωσεν δε καιροις ιδιοις τον λογον αυτου εν κηρυγματι ο επιστευθην εγω κατ επιταγην του σωτηρος ημων θεου
titus;1;4;τιτω γνησιω τεκνω κατα κοινην πιστιν χαρις ελεος ειρηνη απο θεου πατρος και κυριου ιησου χριστου του σωτηρος ημων
titus;1;5;τουτου χαριν κατελιπον σε εν κρητη ινα τα λειποντα επιδιορθωση και καταστησης κατα πολιν πρεσβυτερους ως εγω σοι διεταξαμην
titus;1;6;ει τις εστιν ανεγκλητος μιας γυναικος ανηρ τεκνα εχων πιστα μη εν κατηγορια ασωτιας η ανυποτακτα
titus;1;7;δει γαρ τον επισκοπον ανεγκλητον ειναι ως θεου οικονομον μη αυθαδη μη οργιλον μη παροινον μη πληκτην μη αισχροκερδη
titus;1;8;αλλα φιλοξενον φιλαγαθον σωφρονα δικαιον οσιον εγκρατη
titus;1;9;αντεχομενον του κατα την διδαχην πιστου λογου ινα δυνατος η και παρακαλειν εν τη διδασκαλια τη υγιαινουση και τους αντιλεγοντας ελεγχειν
titus;1;10;εισιν γαρ πολλοι και ανυποτακτοι ματαιολογοι και φρεναπαται μαλιστα οι εκ περιτομης
titus;1;11;ους δει επιστομιζειν οιτινες ολους οικους ανατρεπουσιν διδασκοντες α μη δει αισχρου κερδους χαριν
titus;1;12;ειπεν τις εξ αυτων ιδιος αυτων προφητης κρητες αει ψευσται κακα θηρια γαστερες αργαι
titus;1;13;η μαρτυρια αυτη εστιν αληθης δι ην αιτιαν ελεγχε αυτους αποτομως ινα υγιαινωσιν εν τη πιστει
titus;1;14;μη προσεχοντες ιουδαικοις μυθοις και εντολαις ανθρωπων αποστρεφομενων την αληθειαν
titus;1;15;παντα μεν καθαρα τοις καθαροις τοις δε μεμιασμενοις και απιστοις ουδεν καθαρον αλλα μεμιανται αυτων και ο νους και η συνειδησις
titus;1;16;θεον ομολογουσιν ειδεναι τοις δε εργοις αρνουνται βδελυκτοι οντες και απειθεις και προς παν εργον αγαθον αδοκιμοι
titus;2;1;συ δε λαλει α πρεπει τη υγιαινουση διδασκαλια
titus;2;2;πρεσβυτας νηφαλιους ειναι σεμνους σωφρονας υγιαινοντας τη πιστει τη αγαπη τη υπομονη
titus;2;3;πρεσβυτιδας ωσαυτως εν καταστηματι ιεροπρεπεις μη διαβολους μη οινω πολλω δεδουλωμενας καλοδιδασκαλους
titus;2;4;ινα σωφρονιζωσιν τας νεας φιλανδρους ειναι φιλοτεκνους
titus;2;5;σωφρονας αγνας οικουρους αγαθας υποτασσομενας τοις ιδιοις ανδρασιν ινα μη ο λογος του θεου βλασφημηται
titus;2;6;τους νεωτερους ωσαυτως παρακαλει σωφρονειν
titus;2;7;περι παντα σεαυτον παρεχομενος τυπον καλων εργων εν τη διδασκαλια αδιαφθοριαν σεμνοτητα αφθαρσιαν
titus;2;8;λογον υγιη ακαταγνωστον ινα ο εξ εναντιας εντραπη μηδεν εχων περι υμων λεγειν φαυλον
titus;2;9;δουλους ιδιοις δεσποταις υποτασσεσθαι εν πασιν ευαρεστους ειναι μη αντιλεγοντας
titus;2;10;μη νοσφιζομενους αλλα πιστιν πασαν ενδεικνυμενους αγαθην ινα την διδασκαλιαν του σωτηρος θεου κοσμωσιν εν πασιν
titus;2;11;επεφανη γαρ η χαρις του θεου η σωτηριος πασιν ανθρωποις
titus;2;12;παιδευουσα ημας ινα αρνησαμενοι την ασεβειαν και τας κοσμικας επιθυμιας σωφρονως και δικαιως και ευσεβως ζησωμεν εν τω νυν αιωνι
titus;2;13;προσδεχομενοι την μακαριαν ελπιδα και επιφανειαν της δοξης του μεγαλου θεου και σωτηρος ημων ιησου χριστου
titus;2;14;ος εδωκεν εαυτον υπερ ημων ινα λυτρωσηται ημας απο πασης ανομιας και καθαριση εαυτω λαον περιουσιον ζηλωτην καλων εργων
titus;2;15;ταυτα λαλει και παρακαλει και ελεγχε μετα πασης επιταγης μηδεις σου περιφρονειτω
titus;3;1;υπομιμνησκε αυτους αρχαις και εξουσιαις υποτασσεσθαι πειθαρχειν προς παν εργον αγαθον ετοιμους ειναι
titus;3;2;μηδενα βλασφημειν αμαχους ειναι επιεικεις πασαν ενδεικνυμενους πραοτητα προς παντας ανθρωπους
titus;3;3;ημεν γαρ ποτε και ημεις ανοητοι απειθεις πλανωμενοι δουλευοντες επιθυμιαις και ηδοναις ποικιλαις εν κακια και φθονω διαγοντες στυγητοι μισουντες αλληλους
titus;3;4;οτε δε η χρηστοτης και η φιλανθρωπια επεφανη του σωτηρος ημων θεου
titus;3;5;ουκ εξ εργων των εν δικαιοσυνη ων εποιησαμεν ημεις αλλα κατα τον αυτου ελεον εσωσεν ημας δια λουτρου παλιγγενεσιας και ανακαινωσεως πνευματος αγιου
titus;3;6;ου εξεχεεν εφ ημας πλουσιως δια ιησου χριστου του σωτηρος ημων
titus;3;7;ινα δικαιωθεντες τη εκεινου χαριτι κληρονομοι γενωμεθα κατ ελπιδα ζωης αιωνιου
titus;3;8;πιστος ο λογος και περι τουτων βουλομαι σε διαβεβαιουσθαι ινα φροντιζωσιν καλων εργων προιστασθαι οι πεπιστευκοτες τω θεω ταυτα εστιν τα καλα και ωφελιμα τοις ανθρωποις
titus;3;9;μωρας δε ζητησεις και γενεαλογιας και ερεις και μαχας νομικας περιιστασο εισιν γαρ ανωφελεις και ματαιοι
titus;3;10;αιρετικον ανθρωπον μετα μιαν και δευτεραν νουθεσιαν παραιτου
titus;3;11;ειδως οτι εξεστραπται ο τοιουτος και αμαρτανει ων αυτοκατακριτος
titus;3;12;οταν πεμψω αρτεμαν προς σε η τυχικον σπουδασον ελθειν προς με εις νικοπολιν εκει γαρ κεκρικα παραχειμασαι
titus;3;13;ζηναν τον νομικον και απολλω σπουδαιως προπεμψον ινα μηδεν αυτοις λειπη
titus;3;14;μανθανετωσαν δε και οι ημετεροι καλων εργων προιστασθαι εις τας αναγκαιας χρειας ινα μη ωσιν ακαρποι
titus;3;15;ασπαζονται σε οι μετ εμου παντες ασπασαι τους φιλουντας ημας εν πιστει η χαρις μετα παντων υμων αμην [προς τιτον της κρητων εκκλησιας πρωτον επισκοπον χειροτονηθεντα εγραφη απο νικοπολεως της μακεδονιας]
philemon;1;1;παυλος δεσμιος χριστου ιησου και τιμοθεος ο αδελφος φιλημονι τω αγαπητω και συνεργω ημων
philemon;1;2;και απφια τη αγαπητη και αρχιππω τω συστρατιωτη ημων και τη κατ οικον σου εκκλησια
philemon;1;3;χαρις υμιν και ειρηνη απο θεου πατρος ημων και κυριου ιησου χριστου
philemon;1;4;ευχαριστω τω θεω μου παντοτε μνειαν σου ποιουμενος επι των προσευχων μου
philemon;1;5;ακουων σου την αγαπην και την πιστιν ην εχεις προς τον κυριον ιησουν και εις παντας τους αγιους
philemon;1;6;οπως η κοινωνια της πιστεως σου ενεργης γενηται εν επιγνωσει παντος αγαθου του εν υμιν εις χριστον ιησουν
philemon;1;7;γαρ εχομεν πολλην και παρακλησιν επι τη αγαπη σου οτι τα σπλαγχνα των αγιων αναπεπαυται δια σου αδελφε
philemon;1;8;διο πολλην εν χριστω παρρησιαν εχων επιτασσειν σοι το ανηκον
philemon;1;9;δια την αγαπην μαλλον παρακαλω τοιουτος ων ως παυλος πρεσβυτης νυνι δε και δεσμιος ιησου χριστου
philemon;1;10;παρακαλω σε περι του εμου τεκνου ον εγεννησα εν τοις δεσμοις μου ονησιμον
philemon;1;11;τον ποτε σοι αχρηστον νυνι δε σοι και εμοι ευχρηστον
philemon;1;12;ον ανεπεμψα συ δε αυτον τουτ εστιν τα εμα σπλαγχνα προσλαβου
philemon;1;13;ον εγω εβουλομην προς εμαυτον κατεχειν ινα υπερ σου διακονη μοι εν τοις δεσμοις του ευαγγελιου
philemon;1;14;χωρις δε της σης γνωμης ουδεν ηθελησα ποιησαι ινα μη ως κατα αναγκην το αγαθον σου η αλλα κατα εκουσιον
philemon;1;15;ταχα γαρ δια τουτο εχωρισθη προς ωραν ινα αιωνιον αυτον απεχης
philemon;1;16;ουκετι ως δουλον αλλ υπερ δουλον αδελφον αγαπητον μαλιστα εμοι ποσω δε μαλλον σοι και εν σαρκι και εν κυριω
philemon;1;17;ει ουν εμε εχεις κοινωνον προσλαβου αυτον ως εμε
philemon;1;18;ει δε τι ηδικησεν σε η οφειλει τουτο εμοι ελλογει
philemon;1;19;εγω παυλος εγραψα τη εμη χειρι εγω αποτισω ινα μη λεγω σοι οτι και σεαυτον μοι προσοφειλεις
philemon;1;20;ναι αδελφε εγω σου οναιμην εν κυριω αναπαυσον μου τα σπλαγχνα εν κυριω
philemon;1;21;πεποιθως τη υπακοη σου εγραψα σοι ειδως οτι και υπερ ο λεγω ποιησεις
philemon;1;22;αμα δε και ετοιμαζε μοι ξενιαν ελπιζω γαρ οτι δια των προσευχων υμων χαρισθησομαι υμιν
philemon;1;23;ασπαζονται σε επαφρας ο συναιχμαλωτος μου εν χριστω ιησου
philemon;1;24;μαρκος αρισταρχος δημας λουκας οι συνεργοι μου
philemon;1;25;η χαρις του κυριου ημων ιησου χριστου μετα του πνευματος υμων αμην [προς φιλημονα εγραφη απο ρωμης δια ονησιμου οικετου]
hebrews;1;1;πολυμερως και πολυτροπως παλαι ο θεος λαλησας τοις πατρασιν εν τοις προφηταις
hebrews;1;2;επ εσχατων των ημερων τουτων ελαλησεν ημιν εν υιω ον εθηκεν κληρονομον παντων δι ου και τους αιωνας εποιησεν
hebrews;1;3;ος ων απαυγασμα της δοξης και χαρακτηρ της υποστασεως αυτου φερων τε τα παντα τω ρηματι της δυναμεως αυτου δι εαυτου καθαρισμον ποιησαμενος των αμαρτιων ημων εκαθισεν εν δεξια της μεγαλωσυνης εν υψηλοις
hebrews;1;4;τοσουτω κρειττων γενομενος των αγγελων οσω διαφορωτερον παρ αυτους κεκληρονομηκεν ονομα
hebrews;1;5;τινι γαρ ειπεν ποτε των αγγελων υιος μου ει συ εγω σημερον γεγεννηκα σε και παλιν εγω εσομαι αυτω εις πατερα και αυτος εσται μοι εις υιον
hebrews;1;6;οταν δε παλιν εισαγαγη τον πρωτοτοκον εις την οικουμενην λεγει και προσκυνησατωσαν αυτω παντες αγγελοι θεου
hebrews;1;7;και προς μεν τους αγγελους λεγει ο ποιων τους αγγελους αυτου πνευματα και τους λειτουργους αυτου πυρος φλογα
hebrews;1;8;προς δε τον υιον ο θρονος σου ο θεος εις τον αιωνα του αιωνος ραβδος ευθυτητος η ραβδος της βασιλειας σου
hebrews;1;9;ηγαπησας δικαιοσυνην και εμισησας ανομιαν δια τουτο εχρισεν σε ο θεος ο θεος σου ελαιον αγαλλιασεως παρα τους μετοχους σου
hebrews;1;10;και συ κατ αρχας κυριε την γην εθεμελιωσας και εργα των χειρων σου εισιν οι ουρανοι
hebrews;1;11;αυτοι απολουνται συ δε διαμενεις και παντες ως ιματιον παλαιωθησονται
hebrews;1;12;και ωσει περιβολαιον ελιξεις αυτους και αλλαγησονται συ δε ο αυτος ει και τα ετη σου ουκ εκλειψουσιν
hebrews;1;13;προς τινα δε των αγγελων ειρηκεν ποτε καθου εκ δεξιων μου εως αν θω τους εχθρους σου υποποδιον των ποδων σου
hebrews;1;14;ουχι παντες εισιν λειτουργικα πνευματα εις διακονιαν αποστελλομενα δια τους μελλοντας κληρονομειν σωτηριαν
hebrews;2;1;δια τουτο δει περισσοτερως ημας προσεχειν τοις ακουσθεισιν μηποτε παραρρυωμεν
hebrews;2;2;ει γαρ ο δι αγγελων λαληθεις λογος εγενετο βεβαιος και πασα παραβασις και παρακοη ελαβεν ενδικον μισθαποδοσιαν
hebrews;2;3;πως ημεις εκφευξομεθα τηλικαυτης αμελησαντες σωτηριας ητις αρχην λαβουσα λαλεισθαι δια του κυριου υπο των ακουσαντων εις ημας εβεβαιωθη
hebrews;2;4;συνεπιμαρτυρουντος του θεου σημειοις τε και τερασιν και ποικιλαις δυναμεσιν και πνευματος αγιου μερισμοις κατα την αυτου θελησιν
hebrews;2;5;ου γαρ αγγελοις υπεταξεν την οικουμενην την μελλουσαν περι ης λαλουμεν
hebrews;2;6;διεμαρτυρατο δε που τις λεγων τι εστιν ανθρωπος οτι μιμνησκη αυτου η υιος ανθρωπου οτι επισκεπτη αυτον
hebrews;2;7;ηλαττωσας αυτον βραχυ τι παρ αγγελους δοξη και τιμη εστεφανωσας αυτον και κατεστησας αυτον επι τα εργα των χειρων σου
hebrews;2;8;παντα υπεταξας υποκατω των ποδων αυτου εν γαρ τω υποταξαι αυτω τα παντα ουδεν αφηκεν αυτω ανυποτακτον νυν δε ουπω ορωμεν αυτω τα παντα υποτεταγμενα
hebrews;2;9;τον δε βραχυ τι παρ αγγελους ηλαττωμενον βλεπομεν ιησουν δια το παθημα του θανατου δοξη και τιμη εστεφανωμενον οπως χαριτι θεου υπερ παντος γευσηται θανατου
hebrews;2;10;επρεπεν γαρ αυτω δι ον τα παντα και δι ου τα παντα πολλους υιους εις δοξαν αγαγοντα τον αρχηγον της σωτηριας αυτων δια παθηματων τελειωσαι
hebrews;2;11;ο τε γαρ αγιαζων και οι αγιαζομενοι εξ ενος παντες δι ην αιτιαν ουκ επαισχυνεται αδελφους αυτους καλειν
hebrews;2;12;λεγων απαγγελω το ονομα σου τοις αδελφοις μου εν μεσω εκκλησιας υμνησω σε
hebrews;2;13;και παλιν εγω εσομαι πεποιθως επ αυτω και παλιν ιδου εγω και τα παιδια α μοι εδωκεν ο θεος
hebrews;2;14;επει ουν τα παιδια κεκοινωνηκεν σαρκος και αιματος και αυτος παραπλησιως μετεσχεν των αυτων ινα δια του θανατου καταργηση τον το κρατος εχοντα του θανατου τουτ εστιν τον διαβολον
hebrews;2;15;και απαλλαξη τουτους οσοι φοβω θανατου δια παντος του ζην ενοχοι ησαν δουλειας
hebrews;2;16;ου γαρ δηπου αγγελων επιλαμβανεται αλλα σπερματος αβρααμ επιλαμβανεται
hebrews;2;17;οθεν ωφειλεν κατα παντα τοις αδελφοις ομοιωθηναι ινα ελεημων γενηται και πιστος αρχιερευς τα προς τον θεον εις το ιλασκεσθαι τας αμαρτιας του λαου
hebrews;2;18;εν ω γαρ πεπονθεν αυτος πειρασθεις δυναται τοις πειραζομενοις βοηθησαι
hebrews;3;1;οθεν αδελφοι αγιοι κλησεως επουρανιου μετοχοι κατανοησατε τον αποστολον και αρχιερεα της ομολογιας ημων χριστον ιησουν
hebrews;3;2;πιστον οντα τω ποιησαντι αυτον ως και μωσης εν ολω τω οικω αυτου
hebrews;3;3;πλειονος γαρ δοξης ουτος παρα μωσην ηξιωται καθ οσον πλειονα τιμην εχει του οικου ο κατασκευασας αυτον
hebrews;3;4;πας γαρ οικος κατασκευαζεται υπο τινος ο δε τα παντα κατασκευασας θεος
hebrews;3;5;και μωσης μεν πιστος εν ολω τω οικω αυτου ως θεραπων εις μαρτυριον των λαληθησομενων
hebrews;3;6;χριστος δε ως υιος επι τον οικον αυτου ου οικος εσμεν ημεις εανπερ την παρρησιαν και το καυχημα της ελπιδος μεχρι τελους βεβαιαν κατασχωμεν
hebrews;3;7;διο καθως λεγει το πνευμα το αγιον σημερον εαν της φωνης αυτου ακουσητε
hebrews;3;8;μη σκληρυνητε τας καρδιας υμων ως εν τω παραπικρασμω κατα την ημεραν του πειρασμου εν τη ερημω
hebrews;3;9;ου επειρασαν με οι πατερες υμων εδοκιμασαν με και ειδον τα εργα μου τεσσαρακοντα ετη
hebrews;3;10;διο προσωχθισα τη γενεα εκεινη και ειπον αει πλανωνται τη καρδια αυτοι δε ουκ εγνωσαν τας οδους μου
hebrews;3;11;ως ωμοσα εν τη οργη μου ει εισελευσονται εις την καταπαυσιν μου
hebrews;3;12;βλεπετε αδελφοι μηποτε εσται εν τινι υμων καρδια πονηρα απιστιας εν τω αποστηναι απο θεου ζωντος
hebrews;3;13;αλλα παρακαλειτε εαυτους καθ εκαστην ημεραν αχρις ου το σημερον καλειται ινα μη σκληρυνθη τις εξ υμων απατη της αμαρτιας
hebrews;3;14;μετοχοι γαρ γεγοναμεν του χριστου εανπερ την αρχην της υποστασεως μεχρι τελους βεβαιαν κατασχωμεν
hebrews;3;15;εν τω λεγεσθαι σημερον εαν της φωνης αυτου ακουσητε μη σκληρυνητε τας καρδιας υμων ως εν τω παραπικρασμω
hebrews;3;16;τινες γαρ ακουσαντες παρεπικραναν αλλ ου παντες οι εξελθοντες εξ αιγυπτου δια μωσεως
hebrews;3;17;τισιν δε προσωχθισεν τεσσαρακοντα ετη ουχι τοις αμαρτησασιν ων τα κωλα επεσεν εν τη ερημω
hebrews;3;18;τισιν δε ωμοσεν μη εισελευσεσθαι εις την καταπαυσιν αυτου ει μη τοις απειθησασιν
hebrews;3;19;και βλεπομεν οτι ουκ ηδυνηθησαν εισελθειν δι απιστιαν
hebrews;4;1;φοβηθωμεν ουν μηποτε καταλειπομενης επαγγελιας εισελθειν εις την καταπαυσιν αυτου δοκη τις εξ υμων υστερηκεναι
hebrews;4;2;και γαρ εσμεν ευηγγελισμενοι καθαπερ κακεινοι αλλ ουκ ωφελησεν ο λογος της ακοης εκεινους μη συγκεκραμενος τη πιστει τοις ακουσασιν
hebrews;4;3;εισερχομεθα γαρ εις την καταπαυσιν οι πιστευσαντες καθως ειρηκεν ως ωμοσα εν τη οργη μου ει εισελευσονται εις την καταπαυσιν μου καιτοι των εργων απο καταβολης κοσμου γενηθεντων
hebrews;4;4;ειρηκεν γαρ που περι της εβδομης ουτως και κατεπαυσεν ο θεος εν τη ημερα τη εβδομη απο παντων των εργων αυτου
hebrews;4;5;και εν τουτω παλιν ει εισελευσονται εις την καταπαυσιν μου
hebrews;4;6;επει ουν απολειπεται τινας εισελθειν εις αυτην και οι προτερον ευαγγελισθεντες ουκ εισηλθον δι απειθειαν
hebrews;4;7;παλιν τινα οριζει ημεραν σημερον εν δαβιδ λεγων μετα τοσουτον χρονον καθως ειρηται σημερον εαν της φωνης αυτου ακουσητε μη σκληρυνητε τας καρδιας υμων
hebrews;4;8;ει γαρ αυτους ιησους κατεπαυσεν ουκ αν περι αλλης ελαλει μετα ταυτα ημερας
hebrews;4;9;αρα απολειπεται σαββατισμος τω λαω του θεου
hebrews;4;10;ο γαρ εισελθων εις την καταπαυσιν αυτου και αυτος κατεπαυσεν απο των εργων αυτου ωσπερ απο των ιδιων ο θεος
hebrews;4;11;σπουδασωμεν ουν εισελθειν εις εκεινην την καταπαυσιν ινα μη εν τω αυτω τις υποδειγματι πεση της απειθειας
hebrews;4;12;ζων γαρ ο λογος του θεου και ενεργης και τομωτερος υπερ πασαν μαχαιραν διστομον και διικνουμενος αχρι μερισμου ψυχης τε και πνευματος αρμων τε και μυελων και κριτικος ενθυμησεων και εννοιων καρδιας
hebrews;4;13;και ουκ εστιν κτισις αφανης ενωπιον αυτου παντα δε γυμνα και τετραχηλισμενα τοις οφθαλμοις αυτου προς ον ημιν ο λογος
hebrews;4;14;εχοντες ουν αρχιερεα μεγαν διεληλυθοτα τους ουρανους ιησουν τον υιον του θεου κρατωμεν της ομολογιας
hebrews;4;15;ου γαρ εχομεν αρχιερεα μη δυναμενον συμπαθησαι ταις ασθενειαις ημων δε κατα παντα καθ ομοιοτητα χωρις αμαρτιας
hebrews;4;16;προσερχωμεθα ουν μετα παρρησιας τω θρονω της χαριτος ινα λαβωμεν ελεον και χαριν ευρωμεν εις ευκαιρον βοηθειαν
hebrews;5;1;πας γαρ αρχιερευς εξ ανθρωπων λαμβανομενος υπερ ανθρωπων καθισταται τα προς τον θεον ινα προσφερη δωρα τε και θυσιας υπερ αμαρτιων
hebrews;5;2;μετριοπαθειν δυναμενος τοις αγνοουσιν και πλανωμενοις επει και αυτος περικειται ασθενειαν
hebrews;5;3;και δια ταυτην οφειλει καθως περι του λαου ουτως και περι εαυτου προσφερειν υπερ αμαρτιων
hebrews;5;4;και ουχ εαυτω τις λαμβανει την τιμην αλλα ο καλουμενος υπο του θεου καθαπερ και ο ααρων
hebrews;5;5;ουτως και ο χριστος ουχ εαυτον εδοξασεν γενηθηναι αρχιερεα αλλ ο λαλησας προς αυτον υιος μου ει συ εγω σημερον γεγεννηκα σε
hebrews;5;6;καθως και εν ετερω λεγει συ ιερευς εις τον αιωνα κατα την ταξιν μελχισεδεκ
hebrews;5;7;ος εν ταις ημεραις της σαρκος αυτου δεησεις τε και ικετηριας προς τον δυναμενον σωζειν αυτον εκ θανατου μετα κραυγης ισχυρας και δακρυων προσενεγκας και εισακουσθεις απο της ευλαβειας
hebrews;5;8;καιπερ ων υιος εμαθεν αφ ων επαθεν την υπακοην
hebrews;5;9;και τελειωθεις εγενετο τοις υπακουουσιν αυτω πασιν αιτιος σωτηριας αιωνιου
hebrews;5;10;προσαγορευθεις υπο του θεου αρχιερευς κατα την ταξιν μελχισεδεκ
hebrews;5;11;περι ου πολυς ημιν ο λογος και δυσερμηνευτος λεγειν επει νωθροι γεγονατε ταις ακοαις
hebrews;5;12;και γαρ οφειλοντες ειναι διδασκαλοι δια τον χρονον παλιν χρειαν εχετε του διδασκειν υμας τινα τα στοιχεια της αρχης των λογιων του θεου και γεγονατε χρειαν εχοντες γαλακτος και ου στερεας τροφης
hebrews;5;13;πας γαρ ο μετεχων γαλακτος απειρος λογου δικαιοσυνης νηπιος γαρ εστιν
hebrews;5;14;τελειων δε εστιν η στερεα τροφη των δια την εξιν τα αισθητηρια γεγυμνασμενα εχοντων προς διακρισιν καλου τε και κακου
hebrews;6;1;διο αφεντες τον της αρχης του χριστου λογον επι την τελειοτητα φερωμεθα μη παλιν θεμελιον καταβαλλομενοι μετανοιας απο νεκρων εργων και πιστεως επι θεον
hebrews;6;2;βαπτισμων διδαχης επιθεσεως τε χειρων αναστασεως τε νεκρων και κριματος αιωνιου
hebrews;6;3;και τουτο ποιησομεν εανπερ επιτρεπη ο θεος
hebrews;6;4;αδυνατον γαρ τους απαξ φωτισθεντας γευσαμενους τε της δωρεας της επουρανιου και μετοχους γενηθεντας πνευματος αγιου
hebrews;6;5;και καλον γευσαμενους θεου ρημα δυναμεις τε μελλοντος αιωνος
hebrews;6;6;και παραπεσοντας παλιν ανακαινιζειν εις μετανοιαν ανασταυρουντας εαυτοις τον υιον του θεου και παραδειγματιζοντας
hebrews;6;7;γη γαρ η πιουσα τον επ αυτης πολλακις ερχομενον υετον και τικτουσα βοτανην ευθετον εκεινοις δι ους και γεωργειται μεταλαμβανει ευλογιας απο του θεου
hebrews;6;8;εκφερουσα δε ακανθας και τριβολους αδοκιμος και καταρας εγγυς ης το τελος εις καυσιν
hebrews;6;9;πεπεισμεθα δε περι υμων αγαπητοι τα κρειττονα και εχομενα σωτηριας ει και ουτως λαλουμεν
hebrews;6;10;ου γαρ αδικος ο θεος επιλαθεσθαι του εργου υμων και του κοπου της αγαπης ης εις το ονομα αυτου διακονησαντες τοις αγιοις και διακονουντες
hebrews;6;11;επιθυμουμεν δε εκαστον υμων την αυτην ενδεικνυσθαι σπουδην προς την πληροφοριαν της ελπιδος αχρι τελους
hebrews;6;12;ινα μη νωθροι γενησθε μιμηται δε των δια πιστεως και μακροθυμιας κληρονομουντων τας επαγγελιας
hebrews;6;13;τω γαρ αβρααμ επαγγειλαμενος ο θεος επει κατ ουδενος ειχεν μειζονος ομοσαι ωμοσεν καθ εαυτου
hebrews;6;14;λεγων η μην ευλογων ευλογησω σε και πληθυνων πληθυνω σε
hebrews;6;15;και ουτως μακροθυμησας επετυχεν της επαγγελιας
hebrews;6;16;ανθρωποι μεν γαρ κατα του μειζονος ομνυουσιν και πασης αυτοις αντιλογιας περας εις βεβαιωσιν ο ορκος
hebrews;6;17;εν ω περισσοτερον βουλομενος ο θεος επιδειξαι τοις κληρονομοις της επαγγελιας το αμεταθετον της βουλης αυτου εμεσιτευσεν ορκω
hebrews;6;18;ινα δια δυο πραγματων αμεταθετων εν οις αδυνατον ψευσασθαι θεον ισχυραν παρακλησιν εχωμεν οι καταφυγοντες κρατησαι της προκειμενης ελπιδος
hebrews;6;19;ην ως αγκυραν εχομεν της ψυχης ασφαλη τε και βεβαιαν και εισερχομενην εις το εσωτερον του καταπετασματος
hebrews;6;20;οπου προδρομος υπερ ημων εισηλθεν ιησους κατα την ταξιν μελχισεδεκ αρχιερευς γενομενος εις τον αιωνα
hebrews;7;1;ουτος γαρ ο μελχισεδεκ βασιλευς σαλημ ιερευς του θεου του υψιστου ο συναντησας αβρααμ υποστρεφοντι απο της κοπης των βασιλεων και ευλογησας αυτον
hebrews;7;2;ω και δεκατην απο παντων εμερισεν αβρααμ πρωτον μεν ερμηνευομενος βασιλευς δικαιοσυνης επειτα δε και βασιλευς σαλημ ο εστιν βασιλευς ειρηνης
hebrews;7;3;απατωρ αμητωρ αγενεαλογητος μητε αρχην ημερων μητε ζωης τελος εχων αφωμοιωμενος δε τω υιω του θεου μενει ιερευς εις το διηνεκες
hebrews;7;4;θεωρειτε δε πηλικος ουτος ω και δεκατην αβρααμ εδωκεν εκ των ακροθινιων ο πατριαρχης
hebrews;7;5;και οι μεν εκ των υιων λευι την ιερατειαν λαμβανοντες εντολην εχουσιν αποδεκατουν τον λαον κατα τον νομον τουτ εστιν τους αδελφους αυτων καιπερ εξεληλυθοτας εκ της οσφυος αβρααμ
hebrews;7;6;ο δε μη γενεαλογουμενος εξ αυτων δεδεκατωκεν τον αβρααμ και τον εχοντα τας επαγγελιας ευλογηκεν
hebrews;7;7;χωρις δε πασης αντιλογιας το ελαττον υπο του κρειττονος ευλογειται
hebrews;7;8;και ωδε μεν δεκατας αποθνησκοντες ανθρωποι λαμβανουσιν εκει δε μαρτυρουμενος οτι ζη
hebrews;7;9;και ως επος ειπειν δια αβρααμ και λευι ο δεκατας λαμβανων δεδεκατωται
hebrews;7;10;ετι γαρ εν τη οσφυι του πατρος ην οτε συνηντησεν αυτω ο μελχισεδεκ
hebrews;7;11;ει μεν ουν τελειωσις δια της λευιτικης ιερωσυνης ην ο λαος γαρ επ αυτη νενομοθετητο τις ετι χρεια κατα την ταξιν μελχισεδεκ ετερον ανιστασθαι ιερεα και ου κατα την ταξιν ααρων λεγεσθαι
hebrews;7;12;μετατιθεμενης γαρ της ιερωσυνης εξ αναγκης και νομου μεταθεσις γινεται
hebrews;7;13;εφ ον γαρ λεγεται ταυτα φυλης ετερας μετεσχηκεν αφ ης ουδεις προσεσχηκεν τω θυσιαστηριω
hebrews;7;14;προδηλον γαρ οτι εξ ιουδα ανατεταλκεν ο κυριος ημων εις ην φυλην ουδεν περι ιερωσυνης μωσης ελαλησεν
hebrews;7;15;και περισσοτερον ετι καταδηλον εστιν ει κατα την ομοιοτητα μελχισεδεκ ανισταται ιερευς ετερος
hebrews;7;16;ος ου κατα νομον εντολης σαρκικης γεγονεν αλλα κατα δυναμιν ζωης ακαταλυτου
hebrews;7;17;μαρτυρει γαρ οτι συ ιερευς εις τον αιωνα κατα την ταξιν μελχισεδεκ
hebrews;7;18;αθετησις μεν γαρ γινεται προαγουσης εντολης δια το αυτης ασθενες και ανωφελες
hebrews;7;19;ουδεν γαρ ετελειωσεν ο νομος επεισαγωγη δε κρειττονος ελπιδος δι ης εγγιζομεν τω θεω
hebrews;7;20;και καθ οσον ου χωρις ορκωμοσιας
hebrews;7;21;οι μεν γαρ χωρις ορκωμοσιας εισιν ιερεις γεγονοτες ο δε μετα ορκωμοσιας δια του λεγοντος προς αυτον ωμοσεν κυριος και ου μεταμεληθησεται συ ιερευς εις τον αιωνα κατα την ταξιν μελχισεδεκ
hebrews;7;22;κατα τοσουτον κρειττονος διαθηκης γεγονεν εγγυος ιησους
hebrews;7;23;και οι μεν πλειονες εισιν γεγονοτες ιερεις δια το θανατω κωλυεσθαι παραμενειν
hebrews;7;24;ο δε δια το μενειν αυτον εις τον αιωνα απαραβατον εχει την ιερωσυνην
hebrews;7;25;οθεν και σωζειν εις το παντελες δυναται τους προσερχομενους δι αυτου τω θεω παντοτε ζων εις το εντυγχανειν υπερ αυτων
hebrews;7;26;τοιουτος γαρ ημιν επρεπεν αρχιερευς οσιος ακακος αμιαντος κεχωρισμενος απο των αμαρτωλων και υψηλοτερος των ουρανων γενομενος
hebrews;7;27;ος ουκ εχει καθ ημεραν αναγκην ωσπερ οι αρχιερεις προτερον υπερ των ιδιων αμαρτιων θυσιας αναφερειν επειτα των του λαου τουτο γαρ εποιησεν εφαπαξ εαυτον ανενεγκας
hebrews;7;28;ο νομος γαρ ανθρωπους καθιστησιν αρχιερεις εχοντας ασθενειαν ο λογος δε της ορκωμοσιας της μετα τον νομον υιον εις τον αιωνα τετελειωμενον
hebrews;8;1;κεφαλαιον δε επι τοις λεγομενοις τοιουτον εχομεν αρχιερεα ος εκαθισεν εν δεξια του θρονου της μεγαλωσυνης εν τοις ουρανοις
hebrews;8;2;των αγιων λειτουργος και της σκηνης της αληθινης ην επηξεν ο κυριος και ουκ ανθρωπος
hebrews;8;3;πας γαρ αρχιερευς εις το προσφερειν δωρα τε και θυσιας καθισταται οθεν αναγκαιον εχειν τι και τουτον ο προσενεγκη
hebrews;8;4;ει μεν γαρ ην επι γης ουδ αν ην ιερευς οντων των ιερεων των προσφεροντων κατα τον νομον τα δωρα
hebrews;8;5;οιτινες υποδειγματι και σκια λατρευουσιν των επουρανιων καθως κεχρηματισται μωσης μελλων επιτελειν την σκηνην ορα γαρ φησιν ποιησης παντα κατα τον τυπον τον δειχθεντα σοι εν τω ορει
hebrews;8;6;νυνι δε διαφορωτερας τετευχεν λειτουργιας οσω και κρειττονος εστιν διαθηκης μεσιτης ητις επι κρειττοσιν επαγγελιαις νενομοθετηται
hebrews;8;7;ει γαρ η πρωτη εκεινη ην αμεμπτος ουκ αν δευτερας εζητειτο τοπος
hebrews;8;8;μεμφομενος γαρ αυτοις λεγει ιδου ημεραι ερχονται λεγει κυριος και συντελεσω επι τον οικον ισραηλ και επι τον οικον ιουδα διαθηκην καινην
hebrews;8;9;ου κατα την διαθηκην ην εποιησα τοις πατρασιν αυτων εν ημερα επιλαβομενου μου της χειρος αυτων εξαγαγειν αυτους εκ γης αιγυπτου οτι αυτοι ουκ ενεμειναν εν τη διαθηκη μου καγω ημελησα αυτων λεγει κυριος
hebrews;8;10;οτι αυτη η διαθηκη ην διαθησομαι τω οικω ισραηλ μετα τας ημερας εκεινας λεγει κυριος διδους νομους μου εις την διανοιαν αυτων και επι καρδιας αυτων επιγραψω αυτους και εσομαι αυτοις εις θεον και αυτοι εσονται μοι εις λαον
hebrews;8;11;και ου μη διδαξωσιν εκαστος τον πλησιον αυτου και εκαστος τον αδελφον αυτου λεγων γνωθι τον κυριον οτι παντες ειδησουσιν με απο μικρου αυτων εως μεγαλου αυτων
hebrews;8;12;οτι ιλεως εσομαι ταις αδικιαις αυτων και των αμαρτιων αυτων και των ανομιων αυτων ου μη μνησθω ετι
hebrews;8;13;εν τω λεγειν καινην πεπαλαιωκεν την πρωτην το δε παλαιουμενον και γηρασκον εγγυς αφανισμου
hebrews;9;1;ειχεν μεν ουν και η πρωτη δικαιωματα λατρειας το τε αγιον κοσμικον
hebrews;9;2;σκηνη γαρ κατεσκευασθη η πρωτη εν η η τε λυχνια και η τραπεζα και η προθεσις των αρτων ητις λεγεται αγια
hebrews;9;3;μετα δε το δευτερον καταπετασμα σκηνη η λεγομενη αγια αγιων
hebrews;9;4;χρυσουν εχουσα θυμιατηριον και την κιβωτον της διαθηκης περικεκαλυμμενην παντοθεν χρυσιω εν η σταμνος χρυση εχουσα το μαννα και η ραβδος ααρων η βλαστησασα και αι πλακες της διαθηκης
hebrews;9;5;υπερανω δε αυτης χερουβιμ δοξης κατασκιαζοντα το ιλαστηριον περι ων ουκ εστιν νυν λεγειν κατα μερος
hebrews;9;6;τουτων δε ουτως κατεσκευασμενων εις μεν την πρωτην σκηνην διαπαντος εισιασιν οι ιερεις τας λατρειας επιτελουντες
hebrews;9;7;εις δε την δευτεραν απαξ του ενιαυτου μονος ο αρχιερευς ου χωρις αιματος ο προσφερει υπερ εαυτου και των του λαου αγνοηματων
hebrews;9;8;τουτο δηλουντος του πνευματος του αγιου μηπω πεφανερωσθαι την των αγιων οδον ετι της πρωτης σκηνης εχουσης στασιν
hebrews;9;9;ητις παραβολη εις τον καιρον τον ενεστηκοτα καθ ον δωρα τε και θυσιαι προσφερονται μη δυναμεναι κατα συνειδησιν τελειωσαι τον λατρευοντα
hebrews;9;10;μονον επι βρωμασιν και πομασιν και διαφοροις βαπτισμοις και δικαιωμασιν σαρκος μεχρι καιρου διορθωσεως επικειμενα
hebrews;9;11;χριστος δε παραγενομενος αρχιερευς των μελλοντων αγαθων δια της μειζονος και τελειοτερας σκηνης ου χειροποιητου τουτ εστιν ου ταυτης της κτισεως
hebrews;9;12;ουδε δι αιματος τραγων και μοσχων δια δε του ιδιου αιματος εισηλθεν εφαπαξ εις τα αγια αιωνιαν λυτρωσιν ευραμενος
hebrews;9;13;ει γαρ το αιμα ταυρων και τραγων και σποδος δαμαλεως ραντιζουσα τους κεκοινωμενους αγιαζει προς την της σαρκος καθαροτητα
hebrews;9;14;ποσω μαλλον το αιμα του χριστου ος δια πνευματος αιωνιου εαυτον προσηνεγκεν αμωμον τω θεω καθαριει την συνειδησιν υμων απο νεκρων εργων εις το λατρευειν θεω ζωντι
hebrews;9;15;και δια τουτο διαθηκης καινης μεσιτης εστιν οπως θανατου γενομενου εις απολυτρωσιν των επι τη πρωτη διαθηκη παραβασεων την επαγγελιαν λαβωσιν οι κεκλημενοι της αιωνιου κληρονομιας
hebrews;9;16;οπου γαρ διαθηκη θανατον αναγκη φερεσθαι του διαθεμενου
hebrews;9;17;διαθηκη γαρ επι νεκροις βεβαια επει μηποτε ισχυει οτε ζη ο διαθεμενος
hebrews;9;18;οθεν ουδ η πρωτη χωρις αιματος εγκεκαινισται
hebrews;9;19;λαληθεισης γαρ πασης εντολης κατα νομον υπο μωυσεως παντι τω λαω λαβων το αιμα των μοσχων και τραγων μετα υδατος και εριου κοκκινου και υσσωπου αυτο τε το βιβλιον και παντα τον λαον ερραντισεν
hebrews;9;20;λεγων τουτο το αιμα της διαθηκης ης ενετειλατο προς υμας ο θεος
hebrews;9;21;και την σκηνην δε και παντα τα σκευη της λειτουργιας τω αιματι ομοιως ερραντισεν
hebrews;9;22;και σχεδον εν αιματι παντα καθαριζεται κατα τον νομον και χωρις αιματεκχυσιας ου γινεται αφεσις
hebrews;9;23;αναγκη ουν τα μεν υποδειγματα των εν τοις ουρανοις τουτοις καθαριζεσθαι αυτα δε τα επουρανια κρειττοσιν θυσιαις παρα ταυτας
hebrews;9;24;ου γαρ εις χειροποιητα αγια εισηλθεν ο χριστος αντιτυπα των αληθινων αλλ εις αυτον τον ουρανον νυν εμφανισθηναι τω προσωπω του θεου υπερ ημων
hebrews;9;25;ουδ ινα πολλακις προσφερη εαυτον ωσπερ ο αρχιερευς εισερχεται εις τα αγια κατ ενιαυτον εν αιματι αλλοτριω
hebrews;9;26;επει εδει αυτον πολλακις παθειν απο καταβολης κοσμου νυν δε απαξ επι συντελεια των αιωνων εις αθετησιν αμαρτιας δια της θυσιας αυτου πεφανερωται
hebrews;9;27;και καθ οσον αποκειται τοις ανθρωποις απαξ αποθανειν μετα δε τουτο κρισις
hebrews;9;28;ουτως ο χριστος απαξ προσενεχθεις εις το πολλων ανενεγκειν αμαρτιας εκ δευτερου χωρις αμαρτιας οφθησεται τοις αυτον απεκδεχομενοις εις σωτηριαν
hebrews;10;1;σκιαν γαρ εχων ο νομος των μελλοντων αγαθων ουκ αυτην την εικονα των πραγματων κατ ενιαυτον ταις αυταις θυσιαις ας προσφερουσιν εις το διηνεκες ουδεποτε δυναται τους προσερχομενους τελειωσαι
hebrews;10;2;επει ουκ αν επαυσαντο προσφερομεναι δια το μηδεμιαν εχειν ετι συνειδησιν αμαρτιων τους λατρευοντας απαξ κεκαθαρμενους
hebrews;10;3;αλλ εν αυταις αναμνησις αμαρτιων κατ ενιαυτον
hebrews;10;4;αδυνατον γαρ αιμα ταυρων και τραγων αφαιρειν αμαρτιας
hebrews;10;5;διο εισερχομενος εις τον κοσμον λεγει θυσιαν και προσφοραν ουκ ηθελησας σωμα δε κατηρτισω μοι
hebrews;10;6;ολοκαυτωματα και περι αμαρτιας ουκ ευδοκησας
hebrews;10;7;τοτε ειπον ιδου ηκω εν κεφαλιδι βιβλιου γεγραπται περι εμου του ποιησαι ο θεος το θελημα σου
hebrews;10;8;ανωτερον λεγων οτι θυσιαν και προσφοραν και ολοκαυτωματα και περι αμαρτιας ουκ ηθελησας ουδε ευδοκησας αιτινες κατα τον νομον προσφερονται
hebrews;10;9;τοτε ειρηκεν ιδου ηκω του ποιησαι ο θεος το θελημα σου αναιρει το πρωτον ινα το δευτερον στηση
hebrews;10;10;εν ω θεληματι ηγιασμενοι εσμεν δια της προσφορας του σωματος του ιησου χριστου εφαπαξ
hebrews;10;11;και πας μεν ιερευς εστηκεν καθ ημεραν λειτουργων και τας αυτας πολλακις προσφερων θυσιας αιτινες ουδεποτε δυνανται περιελειν αμαρτιας
hebrews;10;12;αυτος δε μιαν υπερ αμαρτιων προσενεγκας θυσιαν εις το διηνεκες εκαθισεν εν δεξια του θεου
hebrews;10;13;το λοιπον εκδεχομενος εως τεθωσιν οι εχθροι αυτου υποποδιον των ποδων αυτου
hebrews;10;14;μια γαρ προσφορα τετελειωκεν εις το διηνεκες τους αγιαζομενους
hebrews;10;15;μαρτυρει δε ημιν και το πνευμα το αγιον μετα γαρ το προειρηκεναι
hebrews;10;16;αυτη η διαθηκη ην διαθησομαι προς αυτους μετα τας ημερας εκεινας λεγει κυριος διδους νομους μου επι καρδιας αυτων και επι των διανοιων αυτων επιγραψω αυτους
hebrews;10;17;και των αμαρτιων αυτων και των ανομιων αυτων ου μη μνησθω ετι
hebrews;10;18;οπου δε αφεσις τουτων ουκετι προσφορα περι αμαρτιας
hebrews;10;19;εχοντες ουν αδελφοι παρρησιαν εις την εισοδον των αγιων εν τω αιματι ιησου
hebrews;10;20;ην ενεκαινισεν ημιν οδον προσφατον και ζωσαν δια του καταπετασματος τουτ εστιν της σαρκος αυτου
hebrews;10;21;και ιερεα μεγαν επι τον οικον του θεου
hebrews;10;22;προσερχωμεθα μετα αληθινης καρδιας εν πληροφορια πιστεως ερραντισμενοι τας καρδιας απο συνειδησεως πονηρας και λελουμενοι το σωμα υδατι καθαρω
hebrews;10;23;κατεχωμεν την ομολογιαν της ελπιδος ακλινη πιστος γαρ ο επαγγειλαμενος
hebrews;10;24;και κατανοωμεν αλληλους εις παροξυσμον αγαπης και καλων εργων
hebrews;10;25;μη εγκαταλειποντες την επισυναγωγην εαυτων καθως εθος τισιν αλλα παρακαλουντες και τοσουτω μαλλον οσω βλεπετε εγγιζουσαν την ημεραν
hebrews;10;26;εκουσιως γαρ αμαρτανοντων ημων μετα το λαβειν την επιγνωσιν της αληθειας ουκετι περι αμαρτιων απολειπεται θυσια
hebrews;10;27;φοβερα δε τις εκδοχη κρισεως και πυρος ζηλος εσθιειν μελλοντος τους υπεναντιους
hebrews;10;28;αθετησας τις νομον μωσεως χωρις οικτιρμων επι δυσιν η τρισιν μαρτυσιν αποθνησκει
hebrews;10;29;ποσω δοκειτε χειρονος αξιωθησεται τιμωριας ο τον υιον του θεου καταπατησας και το αιμα της διαθηκης κοινον ηγησαμενος εν ω ηγιασθη και το πνευμα της χαριτος ενυβρισας
hebrews;10;30;οιδαμεν γαρ τον ειποντα εμοι εκδικησις εγω ανταποδωσω λεγει κυριος και παλιν κυριος κρινει τον λαον αυτου
hebrews;10;31;φοβερον το εμπεσειν εις χειρας θεου ζωντος
hebrews;10;32;αναμιμνησκεσθε δε τας προτερον ημερας εν αις φωτισθεντες πολλην αθλησιν υπεμεινατε παθηματων
hebrews;10;33;τουτο μεν ονειδισμοις τε και θλιψεσιν θεατριζομενοι τουτο δε κοινωνοι των ουτως αναστρεφομενων γενηθεντες
hebrews;10;34;και γαρ τοις δεσμοις μου συνεπαθησατε και την αρπαγην των υπαρχοντων υμων μετα χαρας προσεδεξασθε γινωσκοντες εχειν εν εαυτοις κρειττονα υπαρξιν εν ουρανοις και μενουσαν
hebrews;10;35;μη αποβαλητε ουν την παρρησιαν υμων ητις εχει μισθαποδοσιαν μεγαλην
hebrews;10;36;υπομονης γαρ εχετε χρειαν ινα το θελημα του θεου ποιησαντες κομισησθε την επαγγελιαν
hebrews;10;37;ετι γαρ μικρον οσον οσον ο ερχομενος ηξει και ου χρονιει
hebrews;10;38;ο δε δικαιος εκ πιστεως ζησεται και εαν υποστειληται ουκ ευδοκει η ψυχη μου εν αυτω
hebrews;10;39;ημεις δε ουκ εσμεν υποστολης εις απωλειαν αλλα πιστεως εις περιποιησιν ψυχης
hebrews;11;1;εστιν δε πιστις ελπιζομενων υποστασις πραγματων ελεγχος ου βλεπομενων
hebrews;11;2;εν ταυτη γαρ εμαρτυρηθησαν οι πρεσβυτεροι
hebrews;11;3;πιστει νοουμεν κατηρτισθαι τους αιωνας ρηματι θεου εις το μη εκ φαινομενων τα βλεπομενα γεγονεναι
hebrews;11;4;πιστει πλειονα θυσιαν αβελ παρα καιν προσηνεγκεν τω θεω δι ης εμαρτυρηθη ειναι δικαιος μαρτυρουντος επι τοις δωροις αυτου του θεου και δι αυτης αποθανων ετι
hebrews;11;5;πιστει ενωχ μετετεθη του μη ιδειν θανατον και ουχ ευρισκετο διοτι μετεθηκεν αυτον ο θεος προ γαρ της μεταθεσεως αυτου μεμαρτυρηται ευηρεστηκεναι τω θεω
hebrews;11;6;χωρις δε πιστεως αδυνατον ευαρεστησαι πιστευσαι γαρ δει τον προσερχομενον τω θεω οτι εστιν και τοις εκζητουσιν αυτον μισθαποδοτης γινεται
hebrews;11;7;πιστει χρηματισθεις νωε περι των μηδεπω βλεπομενων ευλαβηθεις κατεσκευασεν κιβωτον εις σωτηριαν του οικου αυτου δι ης κατεκρινεν τον κοσμον και της κατα πιστιν δικαιοσυνης εγενετο κληρονομος
hebrews;11;8;πιστει καλουμενος αβρααμ υπηκουσεν εξελθειν εις τον τοπον ον ημελλεν λαμβανειν εις κληρονομιαν και εξηλθεν μη επισταμενος που ερχεται
hebrews;11;9;πιστει παρωκησεν εις την γην της επαγγελιας ως αλλοτριαν εν σκηναις κατοικησας μετα ισαακ και ιακωβ των συγκληρονομων της επαγγελιας της αυτης
hebrews;11;10;εξεδεχετο γαρ την τους θεμελιους εχουσαν πολιν ης τεχνιτης και δημιουργος ο θεος
hebrews;11;11;πιστει και αυτη σαρρα δυναμιν εις καταβολην σπερματος ελαβεν και παρα καιρον ηλικιας ετεκεν επει πιστον ηγησατο τον επαγγειλαμενον
hebrews;11;12;διο και αφ ενος εγεννηθησαν και ταυτα νενεκρωμενου καθως τα αστρα του ουρανου τω πληθει και ωσει αμμος η παρα το χειλος της θαλασσης η αναριθμητος
hebrews;11;13;κατα πιστιν απεθανον ουτοι παντες μη λαβοντες τας επαγγελιας αλλα πορρωθεν αυτας ιδοντες και πεισθεντες και ασπασαμενοι και ομολογησαντες οτι ξενοι και παρεπιδημοι εισιν επι της γης
hebrews;11;14;οι γαρ τοιαυτα λεγοντες εμφανιζουσιν οτι πατριδα επιζητουσιν
hebrews;11;15;και ει μεν εκεινης εμνημονευον αφ ης εξηλθον ειχον αν καιρον ανακαμψαι
hebrews;11;16;νυνι δε κρειττονος ορεγονται τουτ εστιν επουρανιου διο ουκ επαισχυνεται αυτους ο θεος θεος επικαλεισθαι αυτων ητοιμασεν γαρ αυτοις πολιν
hebrews;11;17;πιστει προσενηνοχεν αβρααμ τον ισαακ πειραζομενος και τον μονογενη προσεφερεν ο τας επαγγελιας αναδεξαμενος
hebrews;11;18;προς ον ελαληθη οτι εν ισαακ κληθησεται σοι σπερμα
hebrews;11;19;λογισαμενος οτι και εκ νεκρων εγειρειν δυνατος ο θεος οθεν αυτον και εν παραβολη εκομισατο
hebrews;11;20;πιστει περι μελλοντων ευλογησεν ισαακ τον ιακωβ και τον ησαυ
hebrews;11;21;πιστει ιακωβ αποθνησκων εκαστον των υιων ιωσηφ ευλογησεν και προσεκυνησεν επι το ακρον της ραβδου αυτου
hebrews;11;22;πιστει ιωσηφ τελευτων περι της εξοδου των υιων ισραηλ εμνημονευσεν και περι των οστεων αυτου ενετειλατο
hebrews;11;23;πιστει μωσης γεννηθεις εκρυβη τριμηνον υπο των πατερων αυτου διοτι ειδον αστειον το παιδιον και ουκ εφοβηθησαν το διαταγμα του βασιλεως
hebrews;11;24;πιστει μωσης μεγας γενομενος ηρνησατο λεγεσθαι υιος θυγατρος φαραω
hebrews;11;25;μαλλον ελομενος συγκακουχεισθαι τω λαω του θεου η προσκαιρον εχειν αμαρτιας απολαυσιν
hebrews;11;26;μειζονα πλουτον ηγησαμενος των εν αιγυπτω θησαυρων τον ονειδισμον του χριστου απεβλεπεν γαρ εις την μισθαποδοσιαν
hebrews;11;27;πιστει κατελιπεν αιγυπτον μη φοβηθεις τον θυμον του βασιλεως τον γαρ αορατον ως ορων εκαρτερησεν
hebrews;11;28;πιστει πεποιηκεν το πασχα και την προσχυσιν του αιματος ινα μη ο ολοθρευων τα πρωτοτοκα θιγη αυτων
hebrews;11;29;πιστει διεβησαν την ερυθραν θαλασσαν ως δια ξηρας ης πειραν λαβοντες οι αιγυπτιοι κατεποθησαν
hebrews;11;30;πιστει τα τειχη ιεριχω επεσεν κυκλωθεντα επι επτα ημερας
hebrews;11;31;πιστει ρααβ η πορνη ου συναπωλετο τοις απειθησασιν δεξαμενη τους κατασκοπους μετ ειρηνης
hebrews;11;32;και τι ετι λεγω επιλειψει γαρ με διηγουμενον ο χρονος περι γεδεων βαρακ τε και σαμψων και ιεφθαε δαβιδ τε και σαμουηλ και των προφητων
hebrews;11;33;οι δια πιστεως κατηγωνισαντο βασιλειας ειργασαντο δικαιοσυνην επετυχον επαγγελιων εφραξαν στοματα λεοντων
hebrews;11;34;εσβεσαν δυναμιν πυρος εφυγον στοματα μαχαιρας ενεδυναμωθησαν απο ασθενειας εγενηθησαν ισχυροι εν πολεμω παρεμβολας εκλιναν αλλοτριων
hebrews;11;35;ελαβον γυναικες εξ αναστασεως τους νεκρους αυτων αλλοι δε ετυμπανισθησαν ου προσδεξαμενοι την απολυτρωσιν ινα κρειττονος αναστασεως τυχωσιν
hebrews;11;36;ετεροι δε εμπαιγμων και μαστιγων πειραν ελαβον ετι δε δεσμων και φυλακης
hebrews;11;37;ελιθασθησαν επρισθησαν επειρασθησαν εν φονω μαχαιρας απεθανον περιηλθον εν μηλωταις εν αιγειοις δερμασιν υστερουμενοι θλιβομενοι κακουχουμενοι
hebrews;11;38;ων ουκ ην αξιος ο κοσμος εν ερημιαις πλανωμενοι και ορεσιν και σπηλαιοις και ταις οπαις της γης
hebrews;11;39;και ουτοι παντες μαρτυρηθεντες δια της πιστεως ουκ εκομισαντο την επαγγελιαν
hebrews;11;40;του θεου περι ημων κρειττον τι προβλεψαμενου ινα μη χωρις ημων τελειωθωσιν
hebrews;12;1;τοιγαρουν και ημεις τοσουτον εχοντες περικειμενον ημιν νεφος μαρτυρων ογκον αποθεμενοι παντα και την ευπεριστατον αμαρτιαν δι υπομονης τρεχωμεν τον προκειμενον ημιν αγωνα
hebrews;12;2;αφορωντες εις τον της πιστεως αρχηγον και τελειωτην ιησουν ος αντι της προκειμενης αυτω χαρας υπεμεινεν σταυρον αισχυνης καταφρονησας εν δεξια τε του θρονου του θεου εκαθισεν
hebrews;12;3;αναλογισασθε γαρ τον τοιαυτην υπομεμενηκοτα υπο των αμαρτωλων εις αυτον αντιλογιαν ινα μη καμητε ταις ψυχαις υμων εκλυομενοι
hebrews;12;4;ουπω μεχρις αιματος αντικατεστητε προς την αμαρτιαν ανταγωνιζομενοι
hebrews;12;5;και εκλελησθε της παρακλησεως ητις υμιν ως υιοις διαλεγεται υιε μου μη ολιγωρει παιδειας κυριου μηδε εκλυου υπ αυτου ελεγχομενος
hebrews;12;6;ον γαρ αγαπα κυριος παιδευει μαστιγοι δε παντα υιον ον παραδεχεται
hebrews;12;7;ει παιδειαν υπομενετε ως υιοις υμιν προσφερεται ο θεος τις γαρ εστιν υιος ον ου παιδευει πατηρ
hebrews;12;8;ει δε χωρις εστε παιδειας ης μετοχοι γεγονασιν παντες αρα νοθοι εστε και ουχ υιοι
hebrews;12;9;ειτα τους μεν της σαρκος ημων πατερας ειχομεν παιδευτας και ενετρεπομεθα ου πολλω μαλλον υποταγησομεθα τω πατρι των πνευματων και ζησομεν
hebrews;12;10;οι μεν γαρ προς ολιγας ημερας κατα το δοκουν αυτοις επαιδευον ο δε επι το συμφερον εις το μεταλαβειν της αγιοτητος αυτου
hebrews;12;11;πασα δε παιδεια προς μεν το παρον ου δοκει χαρας ειναι αλλα λυπης υστερον δε καρπον ειρηνικον τοις δι αυτης γεγυμνασμενοις αποδιδωσιν δικαιοσυνης
hebrews;12;12;διο τας παρειμενας χειρας και τα παραλελυμενα γονατα ανορθωσατε
hebrews;12;13;και τροχιας ορθας ποιησατε τοις ποσιν υμων ινα μη το χωλον εκτραπη ιαθη δε μαλλον
hebrews;12;14;ειρηνην διωκετε μετα παντων και τον αγιασμον ου χωρις ουδεις οψεται τον κυριον
hebrews;12;15;επισκοπουντες μη τις υστερων απο της χαριτος του θεου μη τις ριζα πικριας ανω φυουσα ενοχλη και δια ταυτης μιανθωσιν πολλοι
hebrews;12;16;μη τις πορνος η βεβηλος ως ησαυ ος αντι βρωσεως μιας απεδοτο τα πρωτοτοκια αυτου
hebrews;12;17;ιστε γαρ οτι και μετεπειτα θελων κληρονομησαι την ευλογιαν απεδοκιμασθη μετανοιας γαρ τοπον ουχ ευρεν καιπερ μετα δακρυων εκζητησας αυτην
hebrews;12;18;ου γαρ προσεληλυθατε ψηλαφωμενω ορει και κεκαυμενω πυρι και γνοφω και σκοτω και θυελλη
hebrews;12;19;και σαλπιγγος ηχω και φωνη ρηματων ης οι ακουσαντες παρητησαντο μη προστεθηναι αυτοις λογον
hebrews;12;20;ουκ εφερον γαρ το διαστελλομενον καν θηριον θιγη του ορους λιθοβοληθησεται η βολιδι κατατοξευθησεται
hebrews;12;21;και ουτως φοβερον ην το φανταζομενον μωσης ειπεν εκφοβος ειμι και εντρομος
hebrews;12;22;αλλα προσεληλυθατε σιων ορει και πολει θεου ζωντος ιερουσαλημ επουρανιω και μυριασιν αγγελων
hebrews;12;23;πανηγυρει και εκκλησια πρωτοτοκων εν ουρανοις απογεγραμμενων και κριτη θεω παντων και πνευμασιν δικαιων τετελειωμενων
hebrews;12;24;και διαθηκης νεας μεσιτη ιησου και αιματι ραντισμου κρειττονα λαλουντι παρα αβελ
hebrews;12;25;βλεπετε μη παραιτησησθε τον λαλουντα ει γαρ εκεινοι ουκ εφυγον τον επι της γης παραιτησαμενοι χρηματιζοντα πολλω μαλλον ημεις οι τον απ ουρανων αποστρεφομενοι
hebrews;12;26;ου η φωνη την γην εσαλευσεν τοτε νυν δε επηγγελται λεγων ετι απαξ εγω σειω ου μονον την γην αλλα και τον ουρανον
hebrews;12;27;το δε ετι απαξ δηλοι των σαλευομενων την μεταθεσιν ως πεποιημενων ινα μεινη τα μη σαλευομενα
hebrews;12;28;διο βασιλειαν ασαλευτον παραλαμβανοντες εχωμεν χαριν δι ης λατρευωμεν ευαρεστως τω θεω μετα αιδους και ευλαβειας
hebrews;12;29;και γαρ ο θεος ημων πυρ καταναλισκον
hebrews;13;1;η φιλαδελφια μενετω
hebrews;13;2;της φιλοξενιας μη επιλανθανεσθε δια ταυτης γαρ ελαθον τινες ξενισαντες αγγελους
hebrews;13;3;μιμνησκεσθε των δεσμιων ως συνδεδεμενοι των κακουχουμενων ως και αυτοι οντες εν σωματι
hebrews;13;4;τιμιος ο γαμος εν πασιν και η κοιτη αμιαντος πορνους δε και μοιχους κρινει ο θεος
hebrews;13;5;αφιλαργυρος ο τροπος αρκουμενοι τοις παρουσιν αυτος γαρ ειρηκεν ου μη σε ανω ουδ ου μη σε εγκαταλιπω
hebrews;13;6;ωστε θαρρουντας ημας λεγειν κυριος εμοι βοηθος και ου φοβηθησομαι τι ποιησει μοι ανθρωπος
hebrews;13;7;μνημονευετε των ηγουμενων υμων οιτινες ελαλησαν υμιν τον λογον του θεου ων αναθεωρουντες την εκβασιν της αναστροφης μιμεισθε την πιστιν
hebrews;13;8;ιησους χριστος χθες και σημερον ο αυτος και εις τους αιωνας
hebrews;13;9;διδαχαις ποικιλαις και ξεναις μη περιφερεσθε καλον γαρ χαριτι βεβαιουσθαι την καρδιαν ου βρωμασιν εν οις ουκ ωφεληθησαν οι περιπατησαντες
hebrews;13;10;εχομεν θυσιαστηριον εξ ου φαγειν ουκ εχουσιν εξουσιαν οι τη σκηνη λατρευοντες
hebrews;13;11;ων γαρ εισφερεται ζωων το αιμα περι αμαρτιας εις τα αγια δια του αρχιερεως τουτων τα σωματα κατακαιεται εξω της παρεμβολης
hebrews;13;12;διο και ιησους ινα αγιαση δια του ιδιου αιματος τον λαον εξω της πυλης επαθεν
hebrews;13;13;τοινυν εξερχωμεθα προς αυτον εξω της παρεμβολης τον ονειδισμον αυτου φεροντες
hebrews;13;14;ου γαρ εχομεν ωδε μενουσαν πολιν αλλα την μελλουσαν επιζητουμεν
hebrews;13;15;δι αυτου ουν αναφερωμεν θυσιαν αινεσεως διαπαντος τω θεω τουτ εστιν καρπον χειλεων ομολογουντων τω ονοματι αυτου
hebrews;13;16;της δε ευποιιας και κοινωνιας μη επιλανθανεσθε τοιαυταις γαρ θυσιαις ευαρεστειται ο θεος
hebrews;13;17;πειθεσθε τοις ηγουμενοις υμων και υπεικετε αυτοι γαρ αγρυπνουσιν υπερ των ψυχων υμων ως λογον αποδωσοντες ινα μετα χαρας τουτο ποιωσιν και μη στεναζοντες αλυσιτελες γαρ υμιν τουτο
hebrews;13;18;προσευχεσθε περι ημων πεποιθαμεν γαρ οτι καλην συνειδησιν εχομεν εν πασιν καλως θελοντες αναστρεφεσθαι
hebrews;13;19;περισσοτερως δε παρακαλω τουτο ποιησαι ινα ταχιον αποκατασταθω υμιν
hebrews;13;20;ο δε θεος της ειρηνης ο αναγαγων εκ νεκρων τον ποιμενα των προβατων τον μεγαν εν αιματι διαθηκης αιωνιου τον κυριον ημων ιησουν
hebrews;13;21;καταρτισαι υμας εν παντι εργω αγαθω εις το ποιησαι το θελημα αυτου ποιων εν υμιν το ευαρεστον ενωπιον αυτου δια ιησου χριστου ω η δοξα εις τους αιωνας των αιωνων αμην
hebrews;13;22;παρακαλω δε υμας αδελφοι ανεχεσθε του λογου της παρακλησεως και γαρ δια βραχεων επεστειλα υμιν
hebrews;13;23;γινωσκετε τον αδελφον τιμοθεον απολελυμενον μεθ ου εαν ταχιον ερχηται οψομαι υμας
hebrews;13;24;ασπασασθε παντας τους ηγουμενους υμων και παντας τους αγιους ασπαζονται υμας οι απο της ιταλιας
hebrews;13;25;η χαρις μετα παντων υμων αμην [προς εβραιους εγραφη απο της ιταλιας δια τιμοθεου]
james;1;1;ιακωβος θεου και κυριου ιησου χριστου δουλος ταις δωδεκα φυλαις ταις εν τη διασπορα χαιρειν
james;1;2;πασαν χαραν ηγησασθε αδελφοι μου οταν πειρασμοις περιπεσητε ποικιλοις
james;1;3;γινωσκοντες οτι το δοκιμιον υμων της πιστεως κατεργαζεται υπομονην
james;1;4;η δε υπομονη εργον τελειον εχετω ινα ητε τελειοι και ολοκληροι εν μηδενι λειπομενοι
james;1;5;ει δε τις υμων λειπεται σοφιας αιτειτω παρα του διδοντος θεου πασιν απλως και μη ονειδιζοντος και δοθησεται αυτω
james;1;6;αιτειτω δε εν πιστει μηδεν διακρινομενος ο γαρ διακρινομενος εοικεν κλυδωνι θαλασσης ανεμιζομενω και ριπιζομενω
james;1;7;μη γαρ οιεσθω ο ανθρωπος εκεινος οτι ληψεται τι παρα του κυριου
james;1;8;ανηρ διψυχος ακαταστατος εν πασαις ταις οδοις αυτου
james;1;9;καυχασθω δε ο αδελφος ο ταπεινος εν τω υψει αυτου
james;1;10;ο δε πλουσιος εν τη ταπεινωσει αυτου οτι ως ανθος χορτου παρελευσεται
james;1;11;ανετειλεν γαρ ο ηλιος συν τω καυσωνι και εξηρανεν τον χορτον και το ανθος αυτου εξεπεσεν και η ευπρεπεια του προσωπου αυτου απωλετο ουτως και ο πλουσιος εν ταις πορειαις αυτου μαρανθησεται
james;1;12;μακαριος ανηρ ος υπομενει πειρασμον οτι δοκιμος γενομενος ληψεται τον στεφανον της ζωης ον επηγγειλατο ο κυριος τοις αγαπωσιν αυτον
james;1;13;μηδεις πειραζομενος λεγετω οτι απο του θεου πειραζομαι ο γαρ θεος απειραστος εστιν κακων πειραζει δε αυτος ουδενα
james;1;14;εκαστος δε πειραζεται υπο της ιδιας επιθυμιας εξελκομενος και δελεαζομενος
james;1;15;ειτα η επιθυμια συλλαβουσα τικτει αμαρτιαν η δε αμαρτια αποτελεσθεισα αποκυει θανατον
james;1;16;μη πλανασθε αδελφοι μου αγαπητοι
james;1;17;πασα δοσις αγαθη και παν δωρημα τελειον ανωθεν εστιν καταβαινον απο του πατρος των φωτων παρ ω ουκ ενι παραλλαγη η τροπης αποσκιασμα
james;1;18;βουληθεις απεκυησεν ημας λογω αληθειας εις το ειναι ημας απαρχην τινα των αυτου κτισματων
james;1;19;ωστε αδελφοι μου αγαπητοι εστω πας ανθρωπος ταχυς εις το ακουσαι βραδυς εις το λαλησαι βραδυς εις οργην
james;1;20;οργη γαρ ανδρος δικαιοσυνην θεου ου κατεργαζεται
james;1;21;διο αποθεμενοι πασαν ρυπαριαν και περισσειαν κακιας εν πραυτητι δεξασθε τον εμφυτον λογον τον δυναμενον σωσαι τας ψυχας υμων
james;1;22;γινεσθε δε ποιηται λογου και μη μονον ακροαται παραλογιζομενοι εαυτους
james;1;23;οτι ει τις ακροατης λογου εστιν και ου ποιητης ουτος εοικεν ανδρι κατανοουντι το προσωπον της γενεσεως αυτου εν εσοπτρω
james;1;24;κατενοησεν γαρ εαυτον και απεληλυθεν και ευθεως επελαθετο οποιος ην
james;1;25;ο δε παρακυψας εις νομον τελειον τον της ελευθεριας και παραμεινας ουτος ουκ ακροατης επιλησμονης γενομενος αλλα ποιητης εργου ουτος μακαριος εν τη ποιησει αυτου εσται
james;1;26;ει τις δοκει θρησκος ειναι εν υμιν μη χαλιναγωγων γλωσσαν αυτου αλλ απατων καρδιαν αυτου τουτου ματαιος η θρησκεια
james;1;27;θρησκεια καθαρα και αμιαντος παρα τω θεω και πατρι αυτη εστιν επισκεπτεσθαι ορφανους και χηρας εν τη θλιψει αυτων ασπιλον εαυτον τηρειν απο του κοσμου
james;2;1;αδελφοι μου μη εν προσωποληψιαις εχετε την πιστιν του κυριου ημων ιησου χριστου της δοξης
james;2;2;εαν γαρ εισελθη εις την συναγωγην υμων ανηρ χρυσοδακτυλιος εν εσθητι λαμπρα εισελθη δε και πτωχος εν ρυπαρα εσθητι
james;2;3;και επιβλεψητε επι τον φορουντα την εσθητα την λαμπραν και ειπητε αυτω συ καθου ωδε καλως και τω πτωχω ειπητε συ στηθι εκει η καθου ωδε υπο το υποποδιον μου
james;2;4;και ου διεκριθητε εν εαυτοις και εγενεσθε κριται διαλογισμων πονηρων
james;2;5;ακουσατε αδελφοι μου αγαπητοι ουχ ο θεος εξελεξατο τους πτωχους του κοσμου τουτου πλουσιους εν πιστει και κληρονομους της βασιλειας ης επηγγειλατο τοις αγαπωσιν αυτον
james;2;6;υμεις δε ητιμασατε τον πτωχον ουχ οι πλουσιοι καταδυναστευουσιν υμων και αυτοι ελκουσιν υμας εις κριτηρια
james;2;7;ουκ αυτοι βλασφημουσιν το καλον ονομα το επικληθεν εφ υμας
james;2;8;ει μεντοι νομον τελειτε βασιλικον κατα την γραφην αγαπησεις τον πλησιον σου ως σεαυτον καλως ποιειτε
james;2;9;ει δε προσωποληπτειτε αμαρτιαν εργαζεσθε ελεγχομενοι υπο του νομου ως παραβαται
james;2;10;οστις γαρ ολον τον νομον τηρησει πταισει δε εν ενι γεγονεν παντων ενοχος
james;2;11;ο γαρ ειπων μη μοιχευσης ειπεν και μη φονευσης ει δε ου μοιχευσεις φονευσεις δε γεγονας παραβατης νομου
james;2;12;ουτως λαλειτε και ουτως ποιειτε ως δια νομου ελευθεριας μελλοντες κρινεσθαι
james;2;13;η γαρ κρισις ανιλεως τω μη ποιησαντι ελεος και κατακαυχαται ελεος κρισεως
james;2;14;τι το οφελος αδελφοι μου εαν πιστιν λεγη τις εχειν εργα δε μη εχη μη δυναται η πιστις σωσαι αυτον
james;2;15;εαν δε αδελφος η αδελφη γυμνοι υπαρχωσιν και λειπομενοι ωσιν της εφημερου τροφης
james;2;16;ειπη δε τις αυτοις εξ υμων υπαγετε εν ειρηνη θερμαινεσθε και χορταζεσθε μη δωτε δε αυτοις τα επιτηδεια του σωματος τι το οφελος
james;2;17;ουτως και η πιστις εαν μη εργα εχη νεκρα εστιν καθ εαυτην
james;2;18;αλλ ερει τις συ πιστιν εχεις καγω εργα εχω δειξον μοι την πιστιν σου των εργων σου καγω δειξω σοι εκ των εργων μου την πιστιν μου
james;2;19;συ πιστευεις οτι ο θεος εις εστιν καλως ποιεις και τα δαιμονια πιστευουσιν και φρισσουσιν
james;2;20;θελεις δε γνωναι ω ανθρωπε κενε οτι η πιστις χωρις των εργων νεκρα εστιν
james;2;21;αβρααμ ο πατηρ ημων ουκ εξ εργων εδικαιωθη ανενεγκας ισαακ τον υιον αυτου επι το θυσιαστηριον
james;2;22;βλεπεις οτι η πιστις συνηργει τοις εργοις αυτου και εκ των εργων η πιστις ετελειωθη
james;2;23;και επληρωθη η γραφη η λεγουσα επιστευσεν δε αβρααμ τω θεω και ελογισθη αυτω εις δικαιοσυνην και φιλος θεου εκληθη
james;2;24;ορατε τοινυν οτι εξ εργων δικαιουται ανθρωπος και ουκ εκ πιστεως μονον
james;2;25;ομοιως δε και ρααβ η πορνη ουκ εξ εργων εδικαιωθη υποδεξαμενη τους αγγελους και ετερα οδω εκβαλουσα
james;2;26;ωσπερ γαρ το σωμα χωρις πνευματος νεκρον εστιν ουτως και η πιστις χωρις των εργων νεκρα εστιν
james;3;1;μη πολλοι διδασκαλοι γινεσθε αδελφοι μου ειδοτες οτι μειζον κριμα ληψομεθα
james;3;2;πολλα γαρ πταιομεν απαντες ει τις εν λογω ου πταιει ουτος τελειος ανηρ δυνατος χαλιναγωγησαι και ολον το σωμα
james;3;3;ιδου των ιππων τους χαλινους εις τα στοματα βαλλομεν προς το πειθεσθαι αυτους ημιν και ολον το σωμα αυτων μεταγομεν
james;3;4;ιδου και τα πλοια τηλικαυτα οντα και υπο σκληρων ανεμων ελαυνομενα μεταγεται υπο ελαχιστου πηδαλιου οπου αν η ορμη του ευθυνοντος βουληται
james;3;5;ουτως και η γλωσσα μικρον μελος εστιν και μεγαλαυχει ιδου ολιγον πυρ ηλικην υλην αναπτει
james;3;6;και η γλωσσα πυρ ο κοσμος της αδικιας ουτως η γλωσσα καθισταται εν τοις μελεσιν ημων η σπιλουσα ολον το σωμα και φλογιζουσα τον τροχον της γενεσεως και φλογιζομενη υπο της γεεννης
james;3;7;πασα γαρ φυσις θηριων τε και πετεινων ερπετων τε και εναλιων δαμαζεται και δεδαμασται τη φυσει τη ανθρωπινη
james;3;8;την δε γλωσσαν ουδεις δυναται ανθρωπων δαμασαι ακατασχετον κακον μεστη ιου θανατηφορου
james;3;9;εν αυτη ευλογουμεν τον θεον και πατερα και εν αυτη καταρωμεθα τους ανθρωπους τους καθ ομοιωσιν θεου γεγονοτας
james;3;10;εκ του αυτου στοματος εξερχεται ευλογια και καταρα ου χρη αδελφοι μου ταυτα ουτως γινεσθαι
james;3;11;μητι η πηγη εκ της αυτης οπης βρυει το γλυκυ και το πικρον
james;3;12;μη δυναται αδελφοι μου συκη ελαιας ποιησαι η αμπελος συκα ουτως ουδεμια πηγη αλυκον και γλυκυ ποιησαι υδωρ
james;3;13;τις σοφος και επιστημων εν υμιν δειξατω εκ της καλης αναστροφης τα εργα αυτου εν πραυτητι σοφιας
james;3;14;ει δε ζηλον πικρον εχετε και εριθειαν εν τη καρδια υμων μη κατακαυχασθε και ψευδεσθε κατα της αληθειας
james;3;15;ουκ εστιν αυτη η σοφια ανωθεν κατερχομενη αλλ επιγειος ψυχικη δαιμονιωδης
james;3;16;οπου γαρ ζηλος και εριθεια εκει ακαταστασια και παν φαυλον πραγμα
james;3;17;η δε ανωθεν σοφια πρωτον μεν αγνη εστιν επειτα ειρηνικη επιεικης ευπειθης μεστη ελεους και καρπων αγαθων αδιακριτος και ανυποκριτος
james;3;18;καρπος δε της δικαιοσυνης εν ειρηνη σπειρεται τοις ποιουσιν ειρηνην
james;4;1;ποθεν πολεμοι και μαχαι εν υμιν ουκ εντευθεν εκ των ηδονων υμων των στρατευομενων εν τοις μελεσιν υμων
james;4;2;επιθυμειτε και ουκ εχετε φονευετε και ζηλουτε και ου δυνασθε επιτυχειν μαχεσθε και πολεμειτε ουκ εχετε δε δια το μη αιτεισθαι υμας
james;4;3;αιτειτε και ου λαμβανετε διοτι κακως αιτεισθε ινα εν ταις ηδοναις υμων δαπανησητε
james;4;4;μοιχοι και μοιχαλιδες ουκ οιδατε οτι η φιλια του κοσμου εχθρα του θεου εστιν ος αν ουν βουληθη φιλος ειναι του κοσμου εχθρος του θεου καθισταται
james;4;5;η δοκειτε οτι κενως η γραφη λεγει προς φθονον επιποθει το πνευμα ο κατωκησεν εν ημιν
james;4;6;μειζονα δε διδωσιν χαριν διο λεγει ο θεος υπερηφανοις αντιτασσεται ταπεινοις δε διδωσιν χαριν
james;4;7;υποταγητε ουν τω θεω αντιστητε τω διαβολω και φευξεται αφ υμων
james;4;8;εγγισατε τω θεω και εγγιει υμιν καθαρισατε χειρας αμαρτωλοι και αγνισατε καρδιας διψυχοι
james;4;9;ταλαιπωρησατε και πενθησατε και κλαυσατε ο γελως υμων εις πενθος μεταστραφητω και η χαρα εις κατηφειαν
james;4;10;ταπεινωθητε ενωπιον του κυριου και υψωσει υμας
james;4;11;μη καταλαλειτε αλληλων αδελφοι ο καταλαλων αδελφου και κρινων τον αδελφον αυτου καταλαλει νομου και κρινει νομον ει δε νομον κρινεις ουκ ει ποιητης νομου αλλα κριτης
james;4;12;εις εστιν ο νομοθετης ο δυναμενος σωσαι και απολεσαι συ τις ει ος κρινεις τον ετερον
james;4;13;αγε νυν οι λεγοντες σημερον αυριον πορευσωμεθα εις τηνδε την πολιν και εκει ενιαυτον ενα και
james;4;14;οιτινες ουκ επιστασθε το της αυριον ποια γαρ η ζωη υμων ατμις γαρ εστιν η προς ολιγον φαινομενη επειτα δε αφανιζομενη
james;4;15;αντι του λεγειν υμας εαν ο κυριος θεληση και τουτο η εκεινο
james;4;16;νυν δε καυχασθε εν ταις αλαζονειαις υμων πασα καυχησις τοιαυτη πονηρα εστιν
james;4;17;ειδοτι ουν καλον ποιειν και μη ποιουντι αμαρτια αυτω εστιν
james;5;1;αγε νυν οι πλουσιοι κλαυσατε ολολυζοντες επι ταις ταλαιπωριαις υμων ταις επερχομεναις
james;5;2;ο πλουτος υμων σεσηπεν και τα ιματια υμων σητοβρωτα γεγονεν
james;5;3;ο χρυσος υμων και ο αργυρος κατιωται και ο ιος αυτων εις μαρτυριον υμιν εσται και φαγεται τας σαρκας υμων ως πυρ εθησαυρισατε εν εσχαταις ημεραις
james;5;4;ιδου ο μισθος των εργατων των αμησαντων τας χωρας υμων ο απεστερημενος αφ υμων κραζει και αι βοαι των θερισαντων εις τα ωτα κυριου σαβαωθ εισεληλυθασιν
james;5;5;ετρυφησατε επι της γης και εσπαταλησατε εθρεψατε τας καρδιας υμων ως εν ημερα σφαγης
james;5;6;κατεδικασατε εφονευσατε τον δικαιον ουκ αντιτασσεται υμιν
james;5;7;μακροθυμησατε ουν αδελφοι εως της παρουσιας του κυριου ιδου ο γεωργος εκδεχεται τον τιμιον καρπον της γης μακροθυμων επ αυτω εως αν λαβη υετον πρωιμον και οψιμον
james;5;8;μακροθυμησατε και υμεις στηριξατε τας καρδιας υμων οτι η παρουσια του κυριου ηγγικεν
james;5;9;μη στεναζετε κατ αλληλων αδελφοι ινα μη κατακριθητε ιδου κριτης προ των θυρων εστηκεν
james;5;10;υποδειγμα λαβετε της κακοπαθειας αδελφοι μου και της μακροθυμιας τους προφητας οι ελαλησαν τω ονοματι κυριου
james;5;11;ιδου μακαριζομεν τους υπομενοντας την υπομονην ιωβ ηκουσατε και το τελος κυριου ειδετε οτι πολυσπλαγχνος εστιν ο κυριος και οικτιρμων
james;5;12;προ παντων δε αδελφοι μου μη ομνυετε μητε τον ουρανον μητε την γην μητε αλλον τινα ορκον ητω δε υμων το ναι ναι και το ου ου ινα μη πεσητε
james;5;13;κακοπαθει τις εν υμιν προσευχεσθω ευθυμει τις ψαλλετω
james;5;14;ασθενει τις εν υμιν προσκαλεσασθω τους πρεσβυτερους της εκκλησιας και προσευξασθωσαν επ αυτον αλειψαντες αυτον ελαιω εν τω ονοματι του κυριου
james;5;15;και η ευχη της πιστεως σωσει τον καμνοντα και εγερει αυτον ο κυριος καν αμαρτιας η πεποιηκως αφεθησεται αυτω
james;5;16;εξομολογεισθε αλληλοις τα παραπτωματα και ευχεσθε υπερ αλληλων οπως ιαθητε πολυ ισχυει δεησις δικαιου ενεργουμενη
james;5;17;ηλιας ανθρωπος ην ομοιοπαθης ημιν και προσευχη προσηυξατο του μη βρεξαι και ουκ εβρεξεν επι της γης ενιαυτους τρεις και μηνας εξ
james;5;18;και παλιν προσηυξατο και ο ουρανος υετον εδωκεν και η γη εβλαστησεν τον καρπον αυτης
james;5;19;αδελφοι εαν τις εν υμιν πλανηθη απο της αληθειας και επιστρεψη τις αυτον
james;5;20;γινωσκετω οτι ο επιστρεψας αμαρτωλον εκ πλανης οδου αυτου σωσει ψυχην εκ θανατου και καλυψει πληθος αμαρτιων
1-peter;1;1;πετρος αποστολος ιησου χριστου εκλεκτοις παρεπιδημοις διασπορας ποντου γαλατιας καππαδοκιας ασιας και βιθυνιας
1-peter;1;2;κατα προγνωσιν θεου πατρος εν αγιασμω πνευματος εις υπακοην και ραντισμον αιματος ιησου χριστου χαρις υμιν και ειρηνη πληθυνθειη
1-peter;1;3;ευλογητος ο θεος και πατηρ του κυριου ημων ιησου χριστου ο κατα το πολυ αυτου ελεος αναγεννησας ημας εις ελπιδα ζωσαν δι αναστασεως ιησου χριστου εκ νεκρων
1-peter;1;4;εις κληρονομιαν αφθαρτον και αμιαντον και αμαραντον τετηρημενην εν ουρανοις εις
1-peter;1;5;τους εν δυναμει θεου φρουρουμενους δια πιστεως εις σωτηριαν ετοιμην αποκαλυφθηναι εν καιρω εσχατω
1-peter;1;6;εν ω αγαλλιασθε ολιγον αρτι ει δεον εστιν λυπηθεντες εν ποικιλοις πειρασμοις
1-peter;1;7;ινα το δοκιμιον υμων της πιστεως πολυ τιμιωτερον χρυσιου του απολλυμενου δια πυρος δε δοκιμαζομενου ευρεθη εις επαινον και τιμην και δοξαν εν αποκαλυψει ιησου χριστου
1-peter;1;8;ον ουκ αγαπατε εις ον αρτι μη ορωντες πιστευοντες δε αγαλλιασθε χαρα ανεκλαλητω και δεδοξασμενη
1-peter;1;9;κομιζομενοι το τελος της πιστεως υμων σωτηριαν ψυχων
1-peter;1;10;περι ης σωτηριας εξεζητησαν και εξηρευνησαν προφηται οι περι της εις υμας χαριτος προφητευσαντες
1-peter;1;11;ερευνωντες εις τινα η ποιον καιρον εδηλου το εν αυτοις πνευμα χριστου προμαρτυρομενον τα εις χριστον παθηματα και τας μετα ταυτα δοξας
1-peter;1;12;οις απεκαλυφθη οτι ουχ εαυτοις ημιν δε διηκονουν αυτα α νυν ανηγγελη υμιν δια των ευαγγελισαμενων υμας εν πνευματι αγιω αποσταλεντι απ ουρανου εις α επιθυμουσιν αγγελοι παρακυψαι
1-peter;1;13;διο αναζωσαμενοι τας οσφυας της διανοιας υμων νηφοντες τελειως ελπισατε επι την φερομενην υμιν χαριν εν αποκαλυψει ιησου χριστου
1-peter;1;14;ως τεκνα υπακοης μη συσχηματιζομενοι ταις προτερον εν τη αγνοια υμων επιθυμιαις
1-peter;1;15;αλλα κατα τον καλεσαντα υμας αγιον και αυτοι αγιοι εν παση αναστροφη γενηθητε
1-peter;1;16;διοτι γεγραπται αγιοι γενεσθε οτι εγω αγιος ειμι
1-peter;1;17;και ει πατερα επικαλεισθε τον απροσωποληπτως κρινοντα κατα το εκαστου εργον εν φοβω τον της παροικιας υμων χρονον αναστραφητε
1-peter;1;18;ειδοτες οτι ου φθαρτοις αργυριω η χρυσιω ελυτρωθητε εκ της ματαιας υμων αναστροφης πατροπαραδοτου
1-peter;1;19;αλλα τιμιω αιματι ως αμνου αμωμου και ασπιλου χριστου
1-peter;1;20;προεγνωσμενου μεν προ καταβολης κοσμου φανερωθεντος δε επ εσχατων των χρονων δι υμας
1-peter;1;21;τους δι αυτου πιστευοντας εις θεον τον εγειραντα αυτον εκ νεκρων και δοξαν αυτω δοντα ωστε την πιστιν υμων και ελπιδα ειναι εις θεον
1-peter;1;22;τας ψυχας υμων ηγνικοτες εν τη υπακοη της αληθειας δια πνευματος εις φιλαδελφιαν ανυποκριτον εκ καθαρας καρδιας αλληλους αγαπησατε εκτενως
1-peter;1;23;αναγεγεννημενοι ουκ εκ σπορας φθαρτης αλλα αφθαρτου δια λογου ζωντος θεου και μενοντος εις τον αιωνα
1-peter;1;24;διοτι πασα σαρξ ως χορτος και πασα δοξα ανθρωπου ως ανθος χορτου εξηρανθη ο χορτος και το ανθος αυτου εξεπεσεν
1-peter;1;25;το δε ρημα κυριου μενει εις τον αιωνα τουτο δε εστιν το ρημα το ευαγγελισθεν εις υμας
1-peter;2;1;αποθεμενοι ουν πασαν κακιαν και παντα δολον και υποκρισεις και φθονους και πασας καταλαλιας
1-peter;2;2;ως αρτιγεννητα βρεφη το λογικον αδολον γαλα επιποθησατε ινα εν αυτω αυξηθητε
1-peter;2;3;ειπερ εγευσασθε οτι χρηστος ο κυριος
1-peter;2;4;προς ον προσερχομενοι λιθον ζωντα υπο ανθρωπων μεν αποδεδοκιμασμενον παρα δε θεω εκλεκτον εντιμον
1-peter;2;5;και αυτοι ως λιθοι ζωντες οικοδομεισθε οικος πνευματικος ιερατευμα αγιον ανενεγκαι πνευματικας θυσιας ευπροσδεκτους τω θεω δια ιησου χριστου
1-peter;2;6;διο και περιεχει εν τη γραφη ιδου τιθημι εν σιων λιθον ακρογωνιαιον εκλεκτον εντιμον και ο πιστευων επ αυτω ου μη καταισχυνθη
1-peter;2;7;υμιν ουν η τιμη τοις πιστευουσιν απειθουσιν δε λιθον ον απεδοκιμασαν οι οικοδομουντες ουτος εγενηθη εις κεφαλην γωνιας
1-peter;2;8;και λιθος προσκομματος και πετρα σκανδαλου οι προσκοπτουσιν τω λογω απειθουντες εις ο και ετεθησαν
1-peter;2;9;υμεις δε γενος εκλεκτον βασιλειον ιερατευμα εθνος αγιον λαος εις περιποιησιν οπως τας αρετας εξαγγειλητε του εκ σκοτους υμας καλεσαντος εις το θαυμαστον αυτου φως
1-peter;2;10;οι ποτε ου λαος νυν δε λαος θεου οι ουκ ηλεημενοι νυν δε ελεηθεντες
1-peter;2;11;αγαπητοι παρακαλω ως παροικους και παρεπιδημους απεχεσθαι των σαρκικων επιθυμιων αιτινες στρατευονται κατα της ψυχης
1-peter;2;12;την αναστροφην υμων εν τοις εθνεσιν εχοντες καλην ινα εν ω καταλαλουσιν υμων ως κακοποιων εκ των καλων εργων εποπτευσαντες δοξασωσιν τον θεον εν ημερα επισκοπης
1-peter;2;13;υποταγητε ουν παση ανθρωπινη κτισει δια τον κυριον ειτε βασιλει ως υπερεχοντι
1-peter;2;14;ειτε ηγεμοσιν ως δι αυτου πεμπομενοις εις εκδικησιν μεν κακοποιων επαινον δε αγαθοποιων
1-peter;2;15;οτι ουτως εστιν το θελημα του θεου αγαθοποιουντας φιμουν την των αφρονων ανθρωπων αγνωσιαν
1-peter;2;16;ως ελευθεροι και μη ως επικαλυμμα εχοντες της κακιας την ελευθεριαν αλλ ως δουλοι θεου
1-peter;2;17;παντας τιμησατε την αδελφοτητα αγαπατε τον θεον φοβεισθε τον βασιλεα τιματε
1-peter;2;18;οι οικεται υποτασσομενοι εν παντι φοβω τοις δεσποταις ου μονον τοις αγαθοις και επιεικεσιν αλλα και τοις σκολιοις
1-peter;2;19;τουτο γαρ χαρις ει δια συνειδησιν θεου υποφερει τις λυπας πασχων αδικως
1-peter;2;20;ποιον γαρ κλεος ει αμαρτανοντες και κολαφιζομενοι υπομενειτε αλλ ει αγαθοποιουντες και πασχοντες υπομενειτε τουτο χαρις παρα θεω
1-peter;2;21;εις τουτο γαρ εκληθητε οτι και χριστος επαθεν υπερ ημων ημιν υπολιμπανων υπογραμμον ινα επακολουθησητε τοις ιχνεσιν αυτου
1-peter;2;22;ος αμαρτιαν ουκ εποιησεν ουδε ευρεθη δολος εν τω στοματι αυτου
1-peter;2;23;ος λοιδορουμενος ουκ αντελοιδορει πασχων ουκ ηπειλει παρεδιδου δε τω κρινοντι δικαιως
1-peter;2;24;ος τας αμαρτιας ημων αυτος ανηνεγκεν εν τω σωματι αυτου επι το ξυλον ινα ταις αμαρτιαις απογενομενοι τη δικαιοσυνη ζησωμεν ου τω μωλωπι αυτου ιαθητε
1-peter;2;25;ητε γαρ ως προβατα πλανωμενα αλλ επεστραφητε νυν επι τον ποιμενα και επισκοπον των ψυχων υμων
1-peter;3;1;ομοιως αι γυναικες υποτασσομεναι τοις ιδιοις ανδρασιν ινα και ει τινες απειθουσιν τω λογω δια της των γυναικων αναστροφης ανευ λογου κερδηθησωνται
1-peter;3;2;εποπτευσαντες την εν φοβω αγνην αναστροφην υμων
1-peter;3;3;ων εστω ουχ ο εξωθεν εμπλοκης τριχων και περιθεσεως χρυσιων η ενδυσεως ιματιων κοσμος
1-peter;3;4;αλλ ο κρυπτος της καρδιας ανθρωπος εν τω αφθαρτω του πραεος και ησυχιου πνευματος ο εστιν ενωπιον του θεου πολυτελες
1-peter;3;5;ουτως γαρ ποτε και αι αγιαι γυναικες αι ελπιζουσαι επι τον θεον εκοσμουν εαυτας υποτασσομεναι τοις ιδιοις ανδρασιν
1-peter;3;6;ως σαρρα υπηκουσεν τω αβρααμ κυριον αυτον καλουσα ης εγενηθητε τεκνα αγαθοποιουσαι και μη φοβουμεναι μηδεμιαν πτοησιν
1-peter;3;7;οι ανδρες ομοιως συνοικουντες κατα γνωσιν ως ασθενεστερω σκευει τω γυναικειω απονεμοντες τιμην ως και συγκληρονομοι χαριτος ζωης εις το μη εκκοπτεσθαι τας προσευχας υμων
1-peter;3;8;το δε τελος παντες ομοφρονες συμπαθεις φιλαδελφοι ευσπλαγχνοι φιλοφρονες
1-peter;3;9;μη αποδιδοντες κακον αντι κακου η λοιδοριαν αντι λοιδοριας τουναντιον δε ευλογουντες ειδοτες οτι εις τουτο εκληθητε ινα ευλογιαν κληρονομησητε
1-peter;3;10;ο γαρ θελων ζωην αγαπαν και ιδειν ημερας αγαθας παυσατω την γλωσσαν αυτου απο κακου και χειλη αυτου του μη λαλησαι δολον
1-peter;3;11;εκκλινατω απο κακου και ποιησατω αγαθον ζητησατω ειρηνην και διωξατω αυτην
1-peter;3;12;οτι οι οφθαλμοι κυριου επι δικαιους και ωτα αυτου εις δεησιν αυτων προσωπον δε κυριου επι ποιουντας κακα
1-peter;3;13;και τις ο κακωσων υμας εαν του αγαθου μιμηται γενησθε
1-peter;3;14;αλλ ει και πασχοιτε δια δικαιοσυνην μακαριοι τον δε φοβον αυτων μη φοβηθητε μηδε ταραχθητε
1-peter;3;15;κυριον δε τον θεον αγιασατε εν ταις καρδιαις υμων ετοιμοι δε αει προς απολογιαν παντι τω αιτουντι υμας λογον περι της εν υμιν ελπιδος μετα πραυτητος και φοβου
1-peter;3;16;συνειδησιν εχοντες αγαθην ινα εν ω καταλαλωσιν υμων ως κακοποιων καταισχυνθωσιν οι επηρεαζοντες υμων την αγαθην εν χριστω αναστροφην
1-peter;3;17;κρειττον γαρ αγαθοποιουντας ει θελει το θελημα του θεου πασχειν η κακοποιουντας
1-peter;3;18;οτι και χριστος απαξ περι αμαρτιων επαθεν δικαιος υπερ αδικων ινα ημας προσαγαγη τω θεω θανατωθεις μεν σαρκι ζωοποιηθεις δε τω πνευματι
1-peter;3;19;εν ω και τοις εν φυλακη πνευμασιν πορευθεις εκηρυξεν
1-peter;3;20;απειθησασιν ποτε οτε απαξ εξεδεχετο η του θεου μακροθυμια εν ημεραις νωε κατασκευαζομενης κιβωτου εις ην ολιγαι τουτ εστιν οκτω ψυχαι διεσωθησαν δι υδατος
1-peter;3;21;{VA
1-peter;1: ο } και ημας αντιτυπον νυν σωζει βαπτισμα ου σαρκος αποθεσις ρυπου αλλα συνειδησεως αγαθης επερωτημα εις θεον δι αναστασεως ιησου χριστου
1-peter;3;22;ος εστιν εν δεξια του θεου πορευθεις εις ουρανον υποταγεντων αυτω αγγελων και εξουσιων και δυναμεων
1-peter;4;1;χριστου ουν παθοντος υπερ ημων σαρκι και υμεις την αυτην εννοιαν οπλισασθε οτι ο παθων εν σαρκι πεπαυται αμαρτιας
1-peter;4;2;εις το μηκετι ανθρωπων επιθυμιαις αλλα θεληματι θεου τον επιλοιπον εν σαρκι βιωσαι χρονον
1-peter;4;3;αρκετος γαρ ημιν ο παρεληλυθως χρονος του βιου το θελημα των εθνων κατεργασασθαι πεπορευμενους εν ασελγειαις επιθυμιαις οινοφλυγιαις κωμοις ποτοις και αθεμιτοις ειδωλολατρειαις
1-peter;4;4;εν ω ξενιζονται μη συντρεχοντων υμων εις την αυτην της ασωτιας αναχυσιν βλασφημουντες
1-peter;4;5;οι αποδωσουσιν λογον τω ετοιμως εχοντι κριναι ζωντας και νεκρους
1-peter;4;6;εις τουτο γαρ και νεκροις ευηγγελισθη ινα κριθωσιν μεν κατα ανθρωπους σαρκι ζωσιν δε κατα θεον πνευματι
1-peter;4;7;παντων δε το τελος ηγγικεν σωφρονησατε ουν και νηψατε εις τας προσευχας
1-peter;4;8;προ παντων δε την εις εαυτους αγαπην εκτενη εχοντες οτι αγαπη καλυψει πληθος αμαρτιων
1-peter;4;9;φιλοξενοι εις αλληλους ανευ γογγυσμων
1-peter;4;10;εκαστος καθως ελαβεν χαρισμα εις εαυτους αυτο διακονουντες ως καλοι οικονομοι ποικιλης χαριτος θεου
1-peter;4;11;ει τις λαλει ως λογια θεου ει τις διακονει ως εξ ισχυος ης χορηγει ο θεος ινα εν πασιν δοξαζηται ο θεος δια ιησου χριστου ω εστιν η δοξα και το κρατος εις τους αιωνας των αιωνων αμην
1-peter;4;12;αγαπητοι μη ξενιζεσθε τη εν υμιν πυρωσει προς πειρασμον υμιν γινομενη ως ξενου υμιν συμβαινοντος
1-peter;4;13;αλλα καθο κοινωνειτε τοις του χριστου παθημασιν χαιρετε ινα και εν τη αποκαλυψει της δοξης αυτου χαρητε αγαλλιωμενοι
1-peter;4;14;ει ονειδιζεσθε εν ονοματι χριστου μακαριοι οτι το της δοξης και το του θεου πνευμα εφ υμας αναπαυεται κατα μεν αυτους βλασφημειται κατα δε υμας δοξαζεται
1-peter;4;15;μη γαρ τις υμων πασχετω ως φονευς η κλεπτης η κακοποιος η ως αλλοτριοεπισκοπος
1-peter;4;16;ει δε ως χριστιανος μη αισχυνεσθω δοξαζετω δε τον θεον εν τω μερει τουτω
1-peter;4;17;οτι ο καιρος του αρξασθαι το κριμα απο του οικου του θεου ει δε πρωτον αφ ημων τι το τελος των απειθουντων τω του θεου ευαγγελιω
1-peter;4;18;και ει ο δικαιος μολις σωζεται ο ασεβης και αμαρτωλος που φανειται
1-peter;4;19;ωστε και οι πασχοντες κατα το θελημα του θεου ως πιστω κτιστη παρατιθεσθωσαν τας ψυχας εαυτων εν αγαθοποιια
1-peter;5;1;πρεσβυτερους τους εν υμιν παρακαλω ο συμπρεσβυτερος και μαρτυς των του χριστου παθηματων ο και της μελλουσης αποκαλυπτεσθαι δοξης κοινωνος
1-peter;5;2;ποιμανατε το εν υμιν ποιμνιον του θεου επισκοπουντες μη αναγκαστως αλλ εκουσιως μηδε αισχροκερδως αλλα προθυμως
1-peter;5;3;μηδ ως κατακυριευοντες των κληρων αλλα τυποι γινομενοι του ποιμνιου
1-peter;5;4;και φανερωθεντος του αρχιποιμενος κομιεισθε τον αμαραντινον της δοξης στεφανον
1-peter;5;5;ομοιως νεωτεροι υποταγητε πρεσβυτεροις παντες δε αλληλοις υποτασσομενοι την ταπεινοφροσυνην εγκομβωσασθε οτι ο θεος υπερηφανοις αντιτασσεται ταπεινοις δε διδωσιν χαριν
1-peter;5;6;ταπεινωθητε ουν υπο την κραταιαν χειρα του θεου ινα υμας υψωση εν καιρω
1-peter;5;7;πασαν την μεριμναν υμων επιρριψαντες επ αυτον οτι αυτω μελει περι υμων
1-peter;5;8;νηψατε γρηγορησατε οτι ο αντιδικος υμων διαβολος ως λεων ωρυομενος περιπατει ζητων τινα καταπιη
1-peter;5;9;ω αντιστητε στερεοι τη πιστει ειδοτες τα αυτα των παθηματων τη εν κοσμω υμων αδελφοτητι επιτελεισθαι
1-peter;5;10;ο δε θεος πασης χαριτος ο καλεσας ημας εις την αιωνιον αυτου δοξαν εν χριστω ιησου ολιγον παθοντας αυτος καταρτισαι υμας στηριξαι σθενωσαι θεμελιωσαι
1-peter;5;11;αυτω η δοξα και το κρατος εις τους αιωνας των αιωνων αμην
1-peter;5;12;δια σιλουανου υμιν του πιστου αδελφου ως λογιζομαι δι ολιγων εγραψα παρακαλων και επιμαρτυρων ταυτην ειναι αληθη χαριν του θεου εις ην εστηκατε
1-peter;5;13;ασπαζεται υμας η εν βαβυλωνι συνεκλεκτη και μαρκος ο υιος μου
1-peter;5;14;ασπασασθε αλληλους εν φιληματι αγαπης ειρηνη υμιν πασιν τοις εν χριστω ιησου αμην
2-peter;1;1;πετρος δουλος και αποστολος ιησου χριστου τοις ισοτιμον ημιν λαχουσιν πιστιν εν δικαιοσυνη του θεου ημων και σωτηρος ιησου χριστου
2-peter;1;2;χαρις υμιν και ειρηνη πληθυνθειη εν επιγνωσει του θεου και ιησου του κυριου ημων
2-peter;1;3;ως παντα ημιν της θειας δυναμεως αυτου τα προς ζωην και ευσεβειαν δεδωρημενης δια της επιγνωσεως του καλεσαντος ημας δια δοξης και αρετης
2-peter;1;4;δι ων τα μεγιστα ημιν και τιμια επαγγελματα δεδωρηται ινα δια τουτων γενησθε θειας κοινωνοι φυσεως αποφυγοντες της εν κοσμω εν επιθυμια φθορας
2-peter;1;5;και αυτο τουτο δε σπουδην πασαν παρεισενεγκαντες επιχορηγησατε εν τη πιστει υμων την αρετην εν δε τη αρετη την γνωσιν
2-peter;1;6;εν δε τη γνωσει την εγκρατειαν εν δε τη εγκρατεια την υπομονην εν δε τη υπομονη την ευσεβειαν
2-peter;1;7;εν δε τη ευσεβεια την φιλαδελφιαν εν δε τη φιλαδελφια την αγαπην
2-peter;1;8;ταυτα γαρ υμιν υπαρχοντα και πλεοναζοντα ουκ αργους ουδε ακαρπους καθιστησιν εις την του κυριου ημων ιησου χριστου επιγνωσιν
2-peter;1;9;ω γαρ μη παρεστιν ταυτα τυφλος εστιν μυωπαζων ληθην λαβων του καθαρισμου των παλαι αυτου αμαρτιων
2-peter;1;10;διο μαλλον αδελφοι σπουδασατε βεβαιαν υμων την κλησιν και εκλογην ποιεισθαι ταυτα γαρ ποιουντες ου μη πταισητε ποτε
2-peter;1;11;ουτως γαρ πλουσιως επιχορηγηθησεται υμιν η εισοδος εις την αιωνιον βασιλειαν του κυριου ημων και σωτηρος ιησου χριστου
2-peter;1;12;διο ουκ αμελησω υμας αει υπομιμνησκειν περι τουτων καιπερ ειδοτας και εστηριγμενους εν τη παρουση αληθεια
2-peter;1;13;δικαιον δε ηγουμαι εφ οσον ειμι εν τουτω τω σκηνωματι διεγειρειν υμας εν υπομνησει
2-peter;1;14;ειδως οτι ταχινη εστιν η αποθεσις του σκηνωματος μου καθως και ο κυριος ημων ιησους χριστος εδηλωσεν μοι
2-peter;1;15;σπουδασω δε και εκαστοτε εχειν υμας μετα την εμην εξοδον την τουτων μνημην ποιεισθαι
2-peter;1;16;ου γαρ σεσοφισμενοις μυθοις εξακολουθησαντες εγνωρισαμεν υμιν την του κυριου ημων ιησου χριστου δυναμιν και παρουσιαν αλλ εποπται γενηθεντες της εκεινου μεγαλειοτητος
2-peter;1;17;λαβων γαρ παρα θεου πατρος τιμην και δοξαν φωνης ενεχθεισης αυτω τοιασδε υπο της μεγαλοπρεπους δοξης ουτος εστιν ο υιος μου ο αγαπητος εις ον εγω ευδοκησα
2-peter;1;18;και ταυτην την φωνην ημεις ηκουσαμεν εξ ουρανου ενεχθεισαν συν αυτω οντες εν τω ορει τω αγιω
2-peter;1;19;και εχομεν βεβαιοτερον τον προφητικον λογον ω καλως ποιειτε προσεχοντες ως λυχνω φαινοντι εν αυχμηρω τοπω εως ου ημερα διαυγαση και φωσφορος ανατειλη εν ταις καρδιαις υμων
2-peter;1;20;τουτο πρωτον γινωσκοντες οτι πασα προφητεια γραφης ιδιας επιλυσεως ου γινεται
2-peter;1;21;ου γαρ θεληματι ανθρωπου ηνεχθη ποτε προφητεια αλλ υπο πνευματος αγιου φερομενοι ελαλησαν αγιοι θεου ανθρωποι
2-peter;2;1;εγενοντο δε και ψευδοπροφηται εν τω λαω ως και εν υμιν εσονται ψευδοδιδασκαλοι οιτινες παρεισαξουσιν αιρεσεις απωλειας και τον αγορασαντα αυτους δεσποτην αρνουμενοι επαγοντες εαυτοις ταχινην απωλειαν
2-peter;2;2;και πολλοι εξακολουθησουσιν αυτων ταις απωλειαις δι ους η οδος της αληθειας βλασφημηθησεται
2-peter;2;3;και εν πλεονεξια πλαστοις λογοις υμας εμπορευσονται οις το κριμα εκπαλαι ουκ αργει και η απωλεια αυτων ου νυσταζει
2-peter;2;4;ει γαρ ο θεος αγγελων αμαρτησαντων ουκ εφεισατο αλλα σειραις ζοφου ταρταρωσας παρεδωκεν εις κρισιν τετηρημενους
2-peter;2;5;και αρχαιου κοσμου ουκ εφεισατο αλλ ογδοον νωε δικαιοσυνης κηρυκα εφυλαξεν κατακλυσμον κοσμω ασεβων επαξας
2-peter;2;6;και πολεις σοδομων και γομορρας τεφρωσας καταστροφη κατεκρινεν υποδειγμα μελλοντων ασεβειν τεθεικως
2-peter;2;7;και δικαιον λωτ καταπονουμενον υπο της των αθεσμων εν ασελγεια αναστροφης ερρυσατο
2-peter;2;8;βλεμματι γαρ και ακοη ο δικαιος εγκατοικων εν αυτοις ημεραν εξ ημερας ψυχην δικαιαν ανομοις εργοις εβασανιζεν
2-peter;2;9;οιδεν κυριος ευσεβεις εκ ρυεσθαι αδικους δε εις ημεραν κρισεως κολαζομενους τηρειν
2-peter;2;10;μαλιστα δε τους οπισω σαρκος εν επιθυμια μιασμου πορευομενους και κυριοτητος καταφρονουντας τολμηται αυθαδεις δοξας ου τρεμουσιν βλασφημουντες
2-peter;2;11;οπου αγγελοι ισχυι και δυναμει μειζονες οντες ου φερουσιν κατ αυτων παρα κυριω βλασφημον κρισιν
2-peter;2;12;ουτοι δε ως αλογα ζωα φυσικα γεγενημενα εις αλωσιν και φθοραν εν οις αγνοουσιν βλασφημουντες εν τη φθορα αυτων καταφθαρησονται
2-peter;2;13;κομιουμενοι μισθον αδικιας ηδονην ηγουμενοι την εν ημερα τρυφην σπιλοι και μωμοι εντρυφωντες εν ταις απαταις αυτων συνευωχουμενοι υμιν
2-peter;2;14;οφθαλμους εχοντες μεστους μοιχαλιδος και ακαταπαυστους αμαρτιας δελεαζοντες ψυχας αστηρικτους καρδιαν γεγυμνασμενην πλεονεξιαις εχοντες καταρας τεκνα
2-peter;2;15;καταλιποντες την ευθειαν οδον επλανηθησαν εξακολουθησαντες τη οδω του βαλααμ του βοσορ ος μισθον αδικιας ηγαπησεν
2-peter;2;16;ελεγξιν δε εσχεν ιδιας παρανομιας υποζυγιον αφωνον εν ανθρωπου φωνη φθεγξαμενον εκωλυσεν την του προφητου παραφρονιαν
2-peter;2;17;ουτοι εισιν πηγαι ανυδροι νεφελαι υπο λαιλαπος ελαυνομεναι οις ο ζοφος του σκοτους εις αιωνα τετηρηται
2-peter;2;18;υπερογκα γαρ ματαιοτητος φθεγγομενοι δελεαζουσιν εν επιθυμιαις σαρκος ασελγειαις τους οντως αποφυγοντας τους εν πλανη αναστρεφομενους
2-peter;2;19;ελευθεριαν αυτοις επαγγελλομενοι αυτοι δουλοι υπαρχοντες της φθορας ω γαρ τις ηττηται τουτω και δεδουλωται
2-peter;2;20;ει γαρ αποφυγοντες τα μιασματα του κοσμου εν επιγνωσει του κυριου και σωτηρος ιησου χριστου τουτοις δε παλιν εμπλακεντες ηττωνται γεγονεν αυτοις τα εσχατα χειρονα των πρωτων
2-peter;2;21;κρειττον γαρ ην αυτοις μη επεγνωκεναι την οδον της δικαιοσυνης η επιγνουσιν επιστρεψαι εκ της παραδοθεισης αυτοις αγιας εντολης
2-peter;2;22;συμβεβηκεν δε αυτοις το της αληθους παροιμιας κυων επιστρεψας επι το ιδιον εξεραμα και υς λουσαμενη εις κυλισμα βορβορου
2-peter;3;1;ταυτην ηδη αγαπητοι δευτεραν υμιν γραφω επιστολην εν αις διεγειρω υμων εν υπομνησει την ειλικρινη διανοιαν
2-peter;3;2;μνησθηναι των προειρημενων ρηματων υπο των αγιων προφητων και της των αποστολων ημων εντολης του κυριου και σωτηρος
2-peter;3;3;τουτο πρωτον γινωσκοντες οτι ελευσονται επ εσχατου των ημερων εμπαικται κατα τας ιδιας αυτων επιθυμιας πορευομενοι
2-peter;3;4;και λεγοντες που εστιν η επαγγελια της παρουσιας αυτου αφ ης γαρ οι πατερες εκοιμηθησαν παντα ουτως διαμενει απ αρχης κτισεως
2-peter;3;5;λανθανει γαρ αυτους τουτο θελοντας οτι ουρανοι ησαν εκπαλαι και γη εξ υδατος και δι υδατος συνεστωσα τω του θεου λογω
2-peter;3;6;δι ων ο τοτε κοσμος υδατι κατακλυσθεις απωλετο
2-peter;3;7;οι δε νυν ουρανοι και η γη λογω τεθησαυρισμενοι εισιν πυρι τηρουμενοι εις ημεραν κρισεως και απωλειας των ασεβων ανθρωπων
2-peter;3;8;εν δε τουτο μη λανθανετω υμας αγαπητοι οτι μια ημερα παρα κυριω ως χιλια ετη και χιλια ετη ως ημερα μια
2-peter;3;9;ου βραδυνει ο κυριος της επαγγελιας ως τινες βραδυτητα ηγουνται αλλα μακροθυμει εις ημας μη βουλομενος τινας απολεσθαι αλλα παντας εις μετανοιαν χωρησαι
2-peter;3;10;ηξει δε η ημερα κυριου ως κλεπτης εν νυκτι εν η οι ουρανοι ροιζηδον παρελευσονται στοιχεια δε καυσουμενα λυθησονται και γη και τα εν αυτη εργα κατακαησεται
2-peter;3;11;τουτων ουν παντων λυομενων ποταπους δει υπαρχειν υμας εν αγιαις αναστροφαις και ευσεβειαις
2-peter;3;12;προσδοκωντας και σπευδοντας την παρουσιαν της του θεου ημερας δι ην ουρανοι πυρουμενοι λυθησονται και στοιχεια καυσουμενα τηκεται
2-peter;3;13;καινους δε ουρανους και γην καινην κατα το επαγγελμα αυτου προσδοκωμεν εν οις δικαιοσυνη κατοικει
2-peter;3;14;διο αγαπητοι ταυτα προσδοκωντες σπουδασατε ασπιλοι και αμωμητοι αυτω ευρεθηναι εν ειρηνη
2-peter;3;15;και την του κυριου ημων μακροθυμιαν σωτηριαν ηγεισθε καθως και ο αγαπητος ημων αδελφος παυλος κατα την αυτω δοθεισαν σοφιαν εγραψεν υμιν
2-peter;3;16;ως και εν πασαις ταις επιστολαις λαλων εν αυταις περι τουτων εν οις εστιν δυσνοητα τινα α οι αμαθεις και αστηρικτοι στρεβλουσιν ως και τας λοιπας γραφας προς την ιδιαν αυτων απωλειαν
2-peter;3;17;υμεις ουν αγαπητοι προγινωσκοντες φυλασσεσθε ινα μη τη των αθεσμων πλανη συναπαχθεντες εκπεσητε του ιδιου στηριγμου
2-peter;3;18;αυξανετε δε εν χαριτι και γνωσει του κυριου ημων και σωτηρος ιησου χριστου αυτω η δοξα και νυν και εις ημεραν αιωνος αμην
1-john;1;1;ο ην απ αρχης ο ακηκοαμεν ο εωρακαμεν τοις οφθαλμοις ημων ο εθεασαμεθα και αι χειρες ημων εψηλαφησαν περι του λογου της ζωης
1-john;1;2;και η ζωη εφανερωθη και εωρακαμεν και μαρτυρουμεν και απαγγελλομεν υμιν την ζωην την αιωνιον ητις ην προς τον πατερα και εφανερωθη ημιν
1-john;1;3;ο εωρακαμεν και ακηκοαμεν απαγγελλομεν υμιν ινα και υμεις κοινωνιαν εχητε μεθ ημων και η κοινωνια δε η ημετερα μετα του πατρος και μετα του υιου αυτου ιησου χριστου
1-john;1;4;και ταυτα γραφομεν υμιν ινα η χαρα η πεπληρωμενη
1-john;1;5;και αυτη εστιν η ην ακηκοαμεν απ αυτου και αναγγελλομεν υμιν οτι ο θεος φως εστιν και σκοτια εν αυτω ουκ εστιν ουδεμια
1-john;1;6;εαν ειπωμεν οτι κοινωνιαν εχομεν μετ αυτου και εν τω σκοτει περιπατωμεν ψευδομεθα και ου ποιουμεν την αληθειαν
1-john;1;7;εαν δε εν τω φωτι περιπατωμεν ως αυτος εστιν εν τω φωτι κοινωνιαν εχομεν μετ αλληλων και το αιμα ιησου χριστου του υιου αυτου καθαριζει ημας απο πασης αμαρτιας
1-john;1;8;εαν ειπωμεν οτι αμαρτιαν ουκ εχομεν εαυτους πλανωμεν και η αληθεια ουκ εστιν εν ημιν
1-john;1;9;εαν ομολογωμεν τας αμαρτιας ημων πιστος εστιν και δικαιος ινα αφη ημιν τας αμαρτιας και καθαριση ημας απο πασης αδικιας
1-john;1;10;εαν ειπωμεν οτι ουχ ημαρτηκαμεν ψευστην ποιουμεν αυτον και ο λογος αυτου ουκ εστιν εν ημιν
1-john;2;1;τεκνια μου ταυτα γραφω υμιν ινα μη αμαρτητε και εαν τις αμαρτη παρακλητον εχομεν προς τον πατερα ιησουν χριστον δικαιον
1-john;2;2;και αυτος ιλασμος εστιν περι των αμαρτιων ημων ου περι των ημετερων δε μονον αλλα και περι ολου του κοσμου
1-john;2;3;και εν τουτω γινωσκομεν οτι εγνωκαμεν αυτον εαν τας εντολας αυτου τηρωμεν
1-john;2;4;ο λεγων εγνωκα αυτον και τας εντολας αυτου μη τηρων ψευστης εστιν και εν τουτω η αληθεια ουκ εστιν
1-john;2;5;ος δ αν τηρη αυτου τον λογον αληθως εν τουτω η αγαπη του θεου τετελειωται εν τουτω γινωσκομεν οτι εν αυτω εσμεν
1-john;2;6;ο λεγων εν αυτω μενειν οφειλει καθως εκεινος περιεπατησεν και αυτος ουτως περιπατειν
1-john;2;7;αδελφοι ουκ εντολην καινην γραφω υμιν αλλ εντολην παλαιαν ην ειχετε απ αρχης η εντολη η παλαια εστιν ο λογος ον ηκουσατε απ αρχης
1-john;2;8;παλιν εντολην καινην γραφω υμιν ο εστιν αληθες εν αυτω και εν υμιν οτι η σκοτια παραγεται και το φως το αληθινον ηδη φαινει
1-john;2;9;ο λεγων εν τω φωτι ειναι και τον αδελφον αυτου μισων εν τη σκοτια εστιν εως αρτι
1-john;2;10;ο αγαπων τον αδελφον αυτου εν τω φωτι μενει και σκανδαλον εν αυτω ουκ εστιν
1-john;2;11;ο δε μισων τον αδελφον αυτου εν τη σκοτια εστιν και εν τη σκοτια περιπατει και ουκ οιδεν που υπαγει οτι η σκοτια ετυφλωσεν τους οφθαλμους αυτου
1-john;2;12;γραφω υμιν τεκνια οτι αφεωνται υμιν αι αμαρτιαι δια το ονομα αυτου
1-john;2;13;γραφω υμιν πατερες οτι εγνωκατε τον απ αρχης γραφω υμιν νεανισκοι οτι νενικηκατε τον πονηρον γραφω υμιν παιδια οτι εγνωκατε τον πατερα
1-john;2;14;εγραψα υμιν πατερες οτι εγνωκατε τον απ αρχης εγραψα υμιν νεανισκοι οτι ισχυροι εστε και ο λογος του θεου εν υμιν μενει και νενικηκατε τον πονηρον
1-john;2;15;μη αγαπατε τον κοσμον μηδε τα εν τω κοσμω εαν τις αγαπα τον κοσμον ουκ εστιν η αγαπη του πατρος εν αυτω
1-john;2;16;οτι παν το εν τω κοσμω η επιθυμια της σαρκος και η επιθυμια των οφθαλμων και η αλαζονεια του βιου ουκ εστιν εκ του πατρος αλλ εκ του κοσμου εστιν
1-john;2;17;και ο κοσμος παραγεται και η επιθυμια αυτου ο δε ποιων το θελημα του θεου μενει εις τον αιωνα
1-john;2;18;παιδια εσχατη ωρα εστιν και καθως ηκουσατε οτι ο αντιχριστος ερχεται και νυν αντιχριστοι πολλοι γεγονασιν οθεν γινωσκομεν οτι εσχατη ωρα εστιν
1-john;2;19;εξ ημων εξηλθον αλλ ουκ ησαν εξ ημων ει γαρ ησαν εξ ημων μεμενηκεισαν αν μεθ ημων αλλ ινα φανερωθωσιν οτι ουκ εισιν παντες εξ ημων
1-john;2;20;και υμεις χρισμα εχετε απο του αγιου και οιδατε παντα
1-john;2;21;ουκ εγραψα υμιν οτι ουκ οιδατε την αληθειαν αλλ οτι οιδατε αυτην και οτι παν ψευδος εκ της αληθειας ουκ εστιν
1-john;2;22;τις εστιν ο ψευστης ει μη ο αρνουμενος οτι ιησους ουκ εστιν ο χριστος ουτος εστιν ο αντιχριστος ο αρνουμενος τον πατερα και τον υιον
1-john;2;23;πας ο αρνουμενος τον υιον ουδε τον πατερα εχει
1-john;2;24;υμεις ουν ο ηκουσατε απ αρχης εν υμιν μενετω εαν εν υμιν μεινη ο απ αρχης ηκουσατε και υμεις εν τω υιω και εν τω πατρι μενειτε
1-john;2;25;και αυτη εστιν η επαγγελια ην αυτος επηγγειλατο ημιν την ζωην την αιωνιον
1-john;2;26;ταυτα εγραψα υμιν περι των πλανωντων υμας
1-john;2;27;και υμεις το χρισμα ο ελαβετε απ αυτου εν υμιν μενει και ου χρειαν εχετε ινα τις διδασκη υμας αλλ ως το αυτο χρισμα διδασκει υμας περι παντων και αληθες εστιν και ουκ εστιν ψευδος και καθως εδιδαξεν υμας μενειτε εν αυτω
1-john;2;28;και νυν τεκνια μενετε εν αυτω ινα οταν φανερωθη εχωμεν παρρησιαν και μη αισχυνθωμεν απ αυτου εν τη παρουσια αυτου
1-john;2;29;εαν ειδητε οτι δικαιος εστιν γινωσκετε οτι πας ο ποιων την δικαιοσυνην εξ αυτου γεγεννηται
1-john;3;1;ιδετε ποταπην αγαπην δεδωκεν ημιν ο πατηρ ινα τεκνα θεου κληθωμεν δια τουτο ο κοσμος ου γινωσκει ημας οτι ουκ εγνω αυτον
1-john;3;2;αγαπητοι νυν τεκνα θεου εσμεν και ουπω εφανερωθη τι εσομεθα οιδαμεν δε οτι εαν φανερωθη ομοιοι αυτω εσομεθα οτι οψομεθα αυτον καθως εστιν
1-john;3;3;και πας ο εχων την ελπιδα ταυτην επ αυτω αγνιζει εαυτον καθως εκεινος αγνος εστιν
1-john;3;4;πας ο ποιων την αμαρτιαν και την ανομιαν ποιει και η αμαρτια εστιν η ανομια
1-john;3;5;και οιδατε οτι εκεινος εφανερωθη ινα τας αμαρτιας ημων αρη και αμαρτια εν αυτω ουκ εστιν
1-john;3;6;πας ο εν αυτω μενων ουχ αμαρτανει πας ο αμαρτανων ουχ εωρακεν αυτον ουδε εγνωκεν αυτον
1-john;3;7;τεκνια μηδεις πλανατω υμας ο ποιων την δικαιοσυνην δικαιος εστιν καθως εκεινος δικαιος εστιν
1-john;3;8;ο ποιων την αμαρτιαν εκ του διαβολου εστιν οτι απ αρχης ο διαβολος αμαρτανει εις τουτο εφανερωθη ο υιος του θεου ινα λυση τα εργα του διαβολου
1-john;3;9;πας ο γεγεννημενος εκ του θεου αμαρτιαν ου ποιει οτι σπερμα αυτου εν αυτω μενει και ου δυναται αμαρτανειν οτι εκ του θεου γεγεννηται
1-john;3;10;εν τουτω φανερα εστιν τα τεκνα του θεου και τα τεκνα του διαβολου πας ο μη ποιων δικαιοσυνην ουκ εστιν εκ του θεου και ο μη αγαπων τον αδελφον αυτου
1-john;3;11;οτι αυτη εστιν η αγγελια ην ηκουσατε απ αρχης ινα αγαπωμεν αλληλους
1-john;3;12;ου καθως καιν εκ του πονηρου ην και εσφαξεν τον αδελφον αυτου και χαριν τινος εσφαξεν αυτον οτι τα εργα αυτου πονηρα ην τα δε του αδελφου αυτου δικαια
1-john;3;13;μη θαυμαζετε αδελφοι μου ει μισει υμας ο κοσμος
1-john;3;14;ημεις οιδαμεν οτι μεταβεβηκαμεν εκ του θανατου εις την ζωην οτι αγαπωμεν τους αδελφους ο μη αγαπων τον αδελφον μενει εν τω θανατω
1-john;3;15;πας ο μισων τον αδελφον αυτου ανθρωποκτονος εστιν και οιδατε οτι πας ανθρωποκτονος ουκ εχει ζωην αιωνιον εν αυτω μενουσαν
1-john;3;16;εν τουτω εγνωκαμεν την αγαπην οτι εκεινος υπερ ημων την ψυχην αυτου εθηκεν και ημεις οφειλομεν υπερ των αδελφων τας ψυχας τιθεναι
1-john;3;17;ος δ αν εχη τον βιον του κοσμου και θεωρη τον αδελφον αυτου χρειαν εχοντα και κλειση τα σπλαγχνα αυτου απ αυτου πως η αγαπη του θεου μενει εν αυτω
1-john;3;18;τεκνια μου μη αγαπωμεν λογω μηδε γλωσση αλλ εργω και αληθεια
1-john;3;19;και εν τουτω γινωσκομεν οτι εκ της αληθειας εσμεν και εμπροσθεν αυτου πεισομεν τας καρδιας ημων
1-john;3;20;οτι εαν καταγινωσκη ημων η καρδια οτι μειζων εστιν ο θεος της καρδιας ημων και γινωσκει παντα
1-john;3;21;αγαπητοι εαν η καρδια ημων μη καταγινωσκη ημων παρρησιαν εχομεν προς τον θεον
1-john;3;22;και ο εαν αιτωμεν λαμβανομεν παρ αυτου οτι τας εντολας αυτου τηρουμεν και τα αρεστα ενωπιον αυτου ποιουμεν
1-john;3;23;και αυτη εστιν η εντολη αυτου ινα πιστευσωμεν τω ονοματι του υιου αυτου ιησου χριστου και αγαπωμεν αλληλους καθως εδωκεν εντολην ημιν
1-john;3;24;και ο τηρων τας εντολας αυτου εν αυτω μενει και αυτος εν αυτω και εν τουτω γινωσκομεν οτι μενει εν ημιν εκ του πνευματος ου ημιν εδωκεν
1-john;4;1;αγαπητοι μη παντι πνευματι πιστευετε αλλα δοκιμαζετε τα πνευματα ει εκ του θεου εστιν οτι πολλοι ψευδοπροφηται εξεληλυθασιν εις τον κοσμον
1-john;4;2;εν τουτω γινωσκετε το πνευμα του θεου παν πνευμα ο ομολογει ιησουν χριστον εν σαρκι εληλυθοτα εκ του θεου εστιν
1-john;4;3;και παν πνευμα ο μη ομολογει τον ιησουν χριστον εν σαρκι εληλυθοτα εκ του θεου ουκ εστιν και τουτο εστιν το του αντιχριστου ο ακηκοατε οτι ερχεται και νυν εν τω κοσμω εστιν ηδη
1-john;4;4;υμεις εκ του θεου εστε τεκνια και νενικηκατε αυτους οτι μειζων εστιν ο εν υμιν η ο εν τω κοσμω
1-john;4;5;αυτοι εκ του κοσμου εισιν δια τουτο εκ του κοσμου λαλουσιν και ο κοσμος αυτων ακουει
1-john;4;6;ημεις εκ του θεου εσμεν ο γινωσκων τον θεον ακουει ημων ος ουκ εστιν εκ του θεου ουκ ακουει ημων εκ τουτου γινωσκομεν το πνευμα της αληθειας και το πνευμα της πλανης
1-john;4;7;αγαπητοι αγαπωμεν αλληλους οτι η αγαπη εκ του θεου εστιν και πας ο αγαπων εκ του θεου γεγεννηται και γινωσκει τον θεον
1-john;4;8;ο μη αγαπων ουκ εγνω τον θεον οτι ο θεος αγαπη εστιν
1-john;4;9;εν τουτω εφανερωθη η αγαπη του θεου εν ημιν οτι τον υιον αυτου τον μονογενη απεσταλκεν ο θεος εις τον κοσμον ινα ζησωμεν δι αυτου
1-john;4;10;εν τουτω εστιν η αγαπη ουχ οτι ημεις ηγαπησαμεν τον θεον αλλ οτι αυτος ηγαπησεν ημας και απεστειλεν τον υιον αυτου ιλασμον περι των αμαρτιων ημων
1-john;4;11;αγαπητοι ει ουτως ο θεος ηγαπησεν ημας και ημεις οφειλομεν αλληλους αγαπαν
1-john;4;12;θεον ουδεις πωποτε τεθεαται εαν αγαπωμεν αλληλους ο θεος εν ημιν μενει και η αγαπη αυτου τετελειωμενη εστιν εν ημιν
1-john;4;13;εν τουτω γινωσκομεν οτι εν αυτω μενομεν και αυτος εν ημιν οτι εκ του πνευματος αυτου δεδωκεν ημιν
1-john;4;14;και ημεις τεθεαμεθα και μαρτυρουμεν οτι ο πατηρ απεσταλκεν τον υιον σωτηρα του κοσμου
1-john;4;15;ος αν ομολογηση οτι ιησους εστιν ο υιος του θεου ο θεος εν αυτω μενει και αυτος εν τω θεω
1-john;4;16;και ημεις εγνωκαμεν και πεπιστευκαμεν την αγαπην ην εχει ο θεος εν ημιν ο θεος αγαπη εστιν και ο μενων εν τη αγαπη εν τω θεω μενει και ο θεος εν αυτω
1-john;4;17;εν τουτω τετελειωται η αγαπη μεθ ημων ινα παρρησιαν εχωμεν εν τη ημερα της κρισεως οτι καθως εκεινος εστιν και ημεις εσμεν εν τω κοσμω τουτω
1-john;4;18;φοβος ουκ εστιν εν τη αγαπη αλλ η τελεια αγαπη εξω βαλλει τον φοβον οτι ο φοβος κολασιν εχει ο δε φοβουμενος ου τετελειωται εν τη αγαπη
1-john;4;19;ημεις αγαπωμεν αυτον οτι αυτος πρωτος ηγαπησεν ημας
1-john;4;20;εαν τις ειπη οτι αγαπω τον θεον και τον αδελφον αυτου μιση ψευστης εστιν ο γαρ μη αγαπων τον αδελφον αυτου ον εωρακεν τον θεον ον ουχ εωρακεν πως δυναται αγαπαν
1-john;4;21;και ταυτην την εντολην εχομεν απ αυτου ινα ο αγαπων τον θεον αγαπα και τον αδελφον αυτου
1-john;5;1;πας ο πιστευων οτι ιησους εστιν ο χριστος εκ του θεου γεγεννηται και πας ο αγαπων τον γεννησαντα αγαπα και τον γεγεννημενον εξ αυτου
1-john;5;2;εν τουτω γινωσκομεν οτι αγαπωμεν τα τεκνα του θεου οταν τον θεον αγαπωμεν και τας εντολας αυτου τηρωμεν
1-john;5;3;αυτη γαρ εστιν η αγαπη του θεου ινα τας εντολας αυτου τηρωμεν και αι εντολαι αυτου βαρειαι ουκ εισιν
1-john;5;4;οτι παν το γεγεννημενον εκ του θεου νικα τον κοσμον και αυτη εστιν η νικη η νικησασα τον κοσμον η πιστις ημων
1-john;5;5;τις εστιν ο νικων τον κοσμον ει μη ο πιστευων οτι ιησους εστιν ο υιος του θεου
1-john;5;6;ουτος εστιν ο ελθων δι υδατος και αιματος ιησους ο χριστος ουκ εν τω υδατι μονον αλλ εν τω υδατι και τω αιματι και το πνευμα εστιν το μαρτυρουν οτι το πνευμα εστιν η αληθεια
1-john;5;7;οτι τρεις εισιν οι μαρτυρουντες εν τω ουρανω ο πατηρ ο λογος και το αγιον πνευμα και ουτοι οι τρεις εν εισιν
1-john;5;8;και τρεις εισιν οι μαρτυρουντες εν τη γη το πνευμα και το υδωρ και το αιμα και οι τρεις εις το εν εισιν
1-john;5;9;ει την μαρτυριαν των ανθρωπων λαμβανομεν η μαρτυρια του θεου μειζων εστιν οτι αυτη εστιν η μαρτυρια του θεου ην μεμαρτυρηκεν περι του υιου αυτου
1-john;5;10;ο πιστευων εις τον υιον του θεου εχει την μαρτυριαν εν εαυτω ο μη πιστευων τω θεω ψευστην πεποιηκεν αυτον οτι ου πεπιστευκεν εις την μαρτυριαν ην μεμαρτυρηκεν ο θεος περι του υιου αυτου
1-john;5;11;και αυτη εστιν η μαρτυρια οτι ζωην αιωνιον εδωκεν ημιν ο θεος και αυτη η ζωη εν τω υιω αυτου εστιν
1-john;5;12;ο εχων τον υιον εχει την ζωην ο μη εχων τον υιον του θεου την ζωην ουκ εχει
1-john;5;13;ταυτα εγραψα υμιν τοις πιστευουσιν εις το ονομα του υιου του θεου ινα ειδητε οτι ζωην εχετε αιωνιον και ινα πιστευητε εις το ονομα του υιου του θεου
1-john;5;14;και αυτη εστιν η παρρησια ην εχομεν προς αυτον οτι εαν τι αιτωμεθα κατα το θελημα αυτου ακουει ημων
1-john;5;15;και εαν οιδαμεν οτι ακουει ημων ο αν αιτωμεθα οιδαμεν οτι εχομεν τα αιτηματα α ητηκαμεν παρ αυτου
1-john;5;16;εαν τις ιδη τον αδελφον αυτου αμαρτανοντα αμαρτιαν μη προς θανατον αιτησει και δωσει αυτω ζωην τοις αμαρτανουσιν μη προς θανατον εστιν αμαρτια προς θανατον ου περι εκεινης λεγω ινα ερωτηση
1-john;5;17;πασα αδικια αμαρτια εστιν και εστιν αμαρτια ου προς θανατον
1-john;5;18;οιδαμεν οτι πας ο γεγεννημενος εκ του θεου ουχ αμαρτανει αλλ ο γεννηθεις εκ του θεου τηρει εαυτον και ο πονηρος ουχ απτεται αυτου
1-john;5;19;οιδαμεν οτι εκ του θεου εσμεν και ο κοσμος ολος εν τω πονηρω κειται
1-john;5;20;οιδαμεν δε οτι ο υιος του θεου ηκει και δεδωκεν ημιν διανοιαν ινα γινωσκωμεν τον αληθινον και εσμεν εν τω αληθινω εν τω υιω αυτου ιησου χριστω ουτος εστιν ο αληθινος θεος και η ζωη αιωνιος
1-john;5;21;τεκνια φυλαξατε εαυτους απο των ειδωλων αμην
2-john;1;1;ο πρεσβυτερος εκλεκτη κυρια και τοις τεκνοις αυτης ους εγω αγαπω εν αληθεια και ουκ εγω μονος αλλα και παντες οι εγνωκοτες την αληθειαν
2-john;1;2;δια την αληθειαν την μενουσαν εν ημιν και μεθ ημων εσται εις τον αιωνα
2-john;1;3;εσται μεθ χαρις ελεος ειρηνη παρα θεου πατρος και παρα κυριου ιησου χριστου του υιου του πατρος εν αληθεια και αγαπη
2-john;1;4;εχαρην λιαν οτι ευρηκα εκ των τεκνων σου περιπατουντας εν αληθεια καθως εντολην ελαβομεν παρα του πατρος
2-john;1;5;και νυν ερωτω σε κυρια ουχ ως εντολην σοι καινην αλλα ην ειχομεν απ αρχης ινα αγαπωμεν αλληλους
2-john;1;6;και αυτη εστιν η αγαπη ινα περιπατωμεν κατα τας εντολας αυτου αυτη εστιν η εντολη καθως ηκουσατε απ αρχης ινα εν αυτη περιπατητε
2-john;1;7;οτι πολλοι πλανοι εισηλθον εις τον κοσμον οι μη ομολογουντες ιησουν χριστον ερχομενον εν σαρκι ουτος εστιν ο πλανος και ο αντιχριστος
2-john;1;8;βλεπετε εαυτους ινα μη απολεσωμεν α ειργασαμεθα αλλα μισθον πληρη απολαβωμεν
2-john;1;9;πας ο παραβαινων και μη μενων εν τη διδαχη του χριστου θεον ουκ εχει ο μενων εν τη διδαχη του χριστου ουτος και τον πατερα και τον υιον εχει
2-john;1;10;ει τις ερχεται προς υμας και ταυτην την διδαχην ου φερει μη λαμβανετε αυτον εις οικιαν και χαιρειν αυτω μη λεγετε
2-john;1;11;ο γαρ λεγων αυτω χαιρειν κοινωνει τοις εργοις αυτου τοις πονηροις
2-john;1;12;πολλα εχων υμιν γραφειν ουκ ηβουληθην δια χαρτου και μελανος αλλα ελπιζω ελθειν προς υμας και στομα προς στομα λαλησαι ινα η χαρα ημων η πεπληρωμενη
2-john;1;13;ασπαζεται σε τα τεκνα της αδελφης σου της εκλεκτης αμην
3-john;1;1;ο πρεσβυτερος γαιω τω αγαπητω ον εγω αγαπω εν αληθεια
3-john;1;2;αγαπητε περι παντων ευχομαι σε ευοδουσθαι και υγιαινειν καθως ευοδουται σου η ψυχη
3-john;1;3;εχαρην γαρ λιαν ερχομενων αδελφων και μαρτυρουντων σου τη αληθεια καθως συ εν αληθεια περιπατεις
3-john;1;4;μειζοτεραν τουτων ουκ εχω χαραν ινα ακουω τα εμα τεκνα εν αληθεια περιπατουντα
3-john;1;5;αγαπητε πιστον ποιεις ο εαν εργαση εις τους αδελφους και εις τους ξενους
3-john;1;6;οι εμαρτυρησαν σου τη αγαπη ενωπιον εκκλησιας ους καλως ποιησεις προπεμψας αξιως του θεου
3-john;1;7;υπερ γαρ του ονοματος εξηλθον μηδεν λαμβανοντες απο των εθνων
3-john;1;8;ημεις ουν οφειλομεν απολαμβανειν τους τοιουτους ινα συνεργοι γινωμεθα τη αληθεια
3-john;1;9;εγραψα τη εκκλησια αλλ ο φιλοπρωτευων αυτων διοτρεφης ουκ επιδεχεται ημας
3-john;1;10;δια τουτο εαν ελθω υπομνησω αυτου τα εργα α ποιει λογοις πονηροις φλυαρων ημας και μη αρκουμενος επι τουτοις ουτε αυτος επιδεχεται τους αδελφους και τους βουλομενους κωλυει και εκ της εκκλησιας εκβαλλει
3-john;1;11;αγαπητε μη μιμου το κακον αλλα το αγαθον ο αγαθοποιων εκ του θεου εστιν ο δε κακοποιων ουχ εωρακεν τον θεον
3-john;1;12;δημητριω μεμαρτυρηται υπο παντων και υπ αυτης της αληθειας και ημεις δε μαρτυρουμεν και οιδατε οτι η μαρτυρια ημων αληθης εστιν
3-john;1;13;πολλα ειχον γραφειν αλλ ου θελω δια μελανος και καλαμου σοι γραψαι
3-john;1;14;ελπιζω δε ευθεως ιδειν σε και στομα προς στομα λαλησομεν
3-john;1;15;ειρηνη σοι ασπαζονται σε οι φιλοι ασπαζου τους φιλους κατ ονομα
jude;1;1;ιουδας ιησου χριστου δουλος αδελφος δε ιακωβου τοις εν θεω πατρι ηγιασμενοις και ιησου χριστω τετηρημενοις κλητοις
jude;1;2;ελεος υμιν και ειρηνη και αγαπη πληθυνθειη
jude;1;3;αγαπητοι πασαν σπουδην ποιουμενος γραφειν υμιν περι της κοινης σωτηριας αναγκην εσχον γραψαι υμιν παρακαλων επαγωνιζεσθαι τη απαξ παραδοθειση τοις αγιοις πιστει
jude;1;4;παρεισεδυσαν γαρ τινες ανθρωποι οι παλαι προγεγραμμενοι εις τουτο το κριμα ασεβεις την του θεου ημων χαριν μετατιθεντες εις ασελγειαν και τον μονον δεσποτην θεον και κυριον ημων ιησουν χριστον αρνουμενοι
jude;1;5;υπομνησαι δε υμας βουλομαι ειδοτας υμας απαξ τουτο οτι ο κυριος λαον εκ γης αιγυπτου σωσας το δευτερον τους μη πιστευσαντας απωλεσεν
jude;1;6;αγγελους τε τους μη τηρησαντας την εαυτων αρχην αλλα απολιποντας το ιδιον οικητηριον εις κρισιν μεγαλης ημερας δεσμοις αιδιοις υπο ζοφον τετηρηκεν
jude;1;7;ως σοδομα και γομορρα και αι περι αυτας πολεις τον ομοιον τουτοις τροπον εκπορνευσασαι και απελθουσαι οπισω σαρκος ετερας προκεινται δειγμα πυρος αιωνιου δικην υπεχουσαι
jude;1;8;ομοιως μεντοι και ουτοι ενυπνιαζομενοι σαρκα μεν μιαινουσιν κυριοτητα δε αθετουσιν δοξας δε βλασφημουσιν
jude;1;9;ο δε μιχαηλ ο αρχαγγελος οτε τω διαβολω διακρινομενος διελεγετο περι του μωσεως σωματος ουκ ετολμησεν κρισιν επενεγκειν βλασφημιας αλλ ειπεν επιτιμησαι σοι κυριος
jude;1;10;ουτοι δε οσα μεν ουκ οιδασιν βλασφημουσιν οσα δε φυσικως ως τα αλογα ζωα επιστανται εν τουτοις φθειρονται
jude;1;11;ουαι αυτοις οτι τη οδω του καιν επορευθησαν και τη πλανη του βαλααμ μισθου εξεχυθησαν και τη αντιλογια του κορε απωλοντο
jude;1;12;ουτοι εισιν εν ταις αγαπαις υμων σπιλαδες συνευωχουμενοι αφοβως εαυτους ποιμαινοντες νεφελαι ανυδροι υπο ανεμων περιφερομεναι δενδρα φθινοπωρινα ακαρπα δις αποθανοντα εκριζωθεντα
jude;1;13;κυματα αγρια θαλασσης επαφριζοντα τας εαυτων αισχυνας αστερες πλανηται οις ο ζοφος του σκοτους εις τον αιωνα τετηρηται
jude;1;14;προεφητευσεν δε και τουτοις εβδομος απο αδαμ ενωχ λεγων ιδου ηλθεν κυριος εν μυριασιν αγιαις αυτου
jude;1;15;ποιησαι κρισιν κατα παντων και εξελεγξαι παντας τους ασεβεις αυτων περι παντων των εργων ασεβειας αυτων ων ησεβησαν και περι παντων των σκληρων ων ελαλησαν κατ αυτου αμαρτωλοι ασεβεις
jude;1;16;ουτοι εισιν γογγυσται μεμψιμοιροι κατα τας επιθυμιας αυτων πορευομενοι και το στομα αυτων λαλει υπερογκα θαυμαζοντες προσωπα ωφελειας χαριν
jude;1;17;υμεις δε αγαπητοι μνησθητε των ρηματων των προειρημενων υπο των αποστολων του κυριου ημων ιησου χριστου
jude;1;18;οτι ελεγον υμιν οτι εν εσχατω χρονω εσονται εμπαικται κατα τας εαυτων επιθυμιας πορευομενοι των ασεβειων
jude;1;19;ουτοι εισιν οι αποδιοριζοντες ψυχικοι πνευμα μη εχοντες
jude;1;20;υμεις δε αγαπητοι τη αγιωτατη υμων πιστει εποικοδομουντες εαυτους εν πνευματι αγιω προσευχομενοι
jude;1;21;εαυτους εν αγαπη θεου τηρησατε προσδεχομενοι το ελεος του κυριου ημων ιησου χριστου εις ζωην αιωνιον
jude;1;22;και ους μεν ελεειτε διακρινομενοι
jude;1;23;ους δε εν φοβω σωζετε εκ του πυρος αρπαζοντες μισουντες και τον απο της σαρκος εσπιλωμενον χιτωνα
jude;1;24;τω δε δυναμενω φυλαξαι απταιστους και στησαι κατενωπιον της δοξης αυτου αμωμους εν αγαλλιασει
jude;1;25;μονω σοφω θεω σωτηρι ημων δοξα και μεγαλωσυνη κρατος και εξουσια και νυν και εις παντας τους αιωνας αμην
revelation;1;1;αποκαλυψις ιησου χριστου ην εδωκεν αυτω ο θεος δειξαι τοις δουλοις αυτου α δει γενεσθαι εν ταχει και εσημανεν αποστειλας δια του αγγελου αυτου τω δουλω αυτου ιωαννη
revelation;1;2;ος εμαρτυρησεν τον λογον του θεου και την μαρτυριαν ιησου χριστου οσα τε ειδεν
revelation;1;3;μακαριος ο αναγινωσκων και οι ακουοντες τους λογους της προφητειας και τηρουντες τα εν αυτη γεγραμμενα ο γαρ καιρος εγγυς
revelation;1;4;ιωαννης ταις επτα εκκλησιαις ταις εν τη ασια χαρις υμιν και ειρηνη απο του ο ων και ο ην και ο ερχομενος και απο των επτα πνευματων α εστιν ενωπιον του θρονου αυτου
revelation;1;5;και απο ιησου χριστου ο μαρτυς ο πιστος ο πρωτοτοκος εκ των νεκρων και ο αρχων των βασιλεων της γης τω αγαπησαντι ημας και λουσαντι ημας απο των αμαρτιων ημων εν τω αιματι αυτου
revelation;1;6;και εποιησεν ημας βασιλεις και ιερεις τω θεω και πατρι αυτου αυτω η δοξα και το κρατος εις τους αιωνας των αιωνων αμην
revelation;1;7;ιδου ερχεται μετα των νεφελων και οψεται αυτον πας οφθαλμος και οιτινες αυτον εξεκεντησαν και κοψονται επ αυτον πασαι αι φυλαι της γης ναι αμην
revelation;1;8;εγω ειμι το α και το ω αρχη και τελος λεγει ο κυριος ο ων και ο ην και ο ερχομενος ο παντοκρατωρ
revelation;1;9;εγω ιωαννης ο και αδελφος υμων και συγκοινωνος εν τη θλιψει και εν τη βασιλεια και υπομονη ιησου χριστου εγενομην εν τη νησω τη καλουμενη πατμω δια τον λογον του θεου και δια την μαρτυριαν ιησου χριστου
revelation;1;10;εγενομην εν πνευματι εν τη κυριακη ημερα και ηκουσα οπισω μου φωνην μεγαλην ως σαλπιγγος
revelation;1;11;λεγουσης εγω ειμι το α και το ω ο πρωτος και ο εσχατος και ο βλεπεις γραψον εις βιβλιον και πεμψον ταις εκκλησιαις ταις εν ασια εις εφεσον και εις σμυρναν και εις περγαμον και εις θυατειρα και εις σαρδεις και εις φιλαδελφειαν και εις λαοδικειαν
revelation;1;12;και επεστρεψα βλεπειν την φωνην ητις ελαλησεν μετ εμου και επιστρεψας ειδον επτα λυχνιας χρυσας
revelation;1;13;και εν μεσω των επτα λυχνιων ομοιον υιω ανθρωπου ενδεδυμενον ποδηρη και περιεζωσμενον προς τοις μαστοις ζωνην χρυσην
revelation;1;14;η δε κεφαλη αυτου και αι τριχες λευκαι ωσει εριον λευκον ως χιων και οι οφθαλμοι αυτου ως φλοξ πυρος
revelation;1;15;και οι ποδες αυτου ομοιοι χαλκολιβανω ως εν καμινω πεπυρωμενοι και η φωνη αυτου ως φωνη υδατων πολλων
revelation;1;16;και εχων εν τη δεξια αυτου χειρι αστερας επτα και εκ του στοματος αυτου ρομφαια διστομος οξεια εκπορευομενη και η οψις αυτου ως ο ηλιος φαινει εν τη δυναμει αυτου
revelation;1;17;και οτε ειδον αυτον επεσα προς τους ποδας αυτου ως νεκρος και επεθηκεν την δεξιαν αυτου χειρα επ εμε λεγων μοι μη φοβου εγω ειμι ο πρωτος και ο εσχατος
revelation;1;18;και ο ζων και εγενομην νεκρος και ιδου ζων ειμι εις τους αιωνας των αιωνων αμην και εχω τας κλεις του αδου και του θανατου
revelation;1;19;γραψον α ειδες και α εισιν και α μελλει γινεσθαι μετα ταυτα
revelation;1;20;το μυστηριον των επτα αστερων ων ειδες επι της δεξιας μου και τας επτα λυχνιας τας χρυσας οι επτα αστερες αγγελοι των επτα εκκλησιων εισιν και αι επτα λυχνιαι ας ειδες επτα εκκλησιαι εισιν
revelation;2;1;τω αγγελω της εφεσινης εκκλησιας γραψον ταδε λεγει ο κρατων τους επτα αστερας εν τη δεξια αυτου ο περιπατων εν μεσω των επτα λυχνιων των χρυσων
revelation;2;2;οιδα τα εργα σου και τον κοπον σου και την υπομονην σου και οτι ου δυνη βαστασαι κακους και επειρασω τους φασκοντας ειναι αποστολους και ουκ εισιν και ευρες αυτους ψευδεις
revelation;2;3;και εβαστασας και υπομονην εχεις και δια το ονομα μου κεκοπιακας και ου κεκμηκας
revelation;2;4;αλλ εχω κατα σου οτι την αγαπην σου την πρωτην αφηκας
revelation;2;5;μνημονευε ουν ποθεν εκπεπτωκας και μετανοησον και τα πρωτα εργα ποιησον ει δε μη ερχομαι σοι και κινησω την λυχνιαν σου εκ του τοπου αυτης εαν μη μετανοησης
revelation;2;6;αλλα τουτο εχεις οτι μισεις τα εργα των νικολαιτων α καγω μισω
revelation;2;7;ο εχων ους ακουσατω τι το πνευμα λεγει ταις εκκλησιαις τω νικωντι δωσω αυτω φαγειν εκ του ξυλου της ζωης ο εστιν εν μεσω του παραδεισου του θεου
revelation;2;8;και τω αγγελω της εκκλησιας σμυρναιων γραψον ταδε λεγει ο πρωτος και ο εσχατος ος εγενετο νεκρος και εζησεν
revelation;2;9;οιδα σου τα εργα και την θλιψιν και την πτωχειαν πλουσιος δε ει και την βλασφημιαν των λεγοντων ιουδαιους ειναι εαυτους και ουκ εισιν αλλα συναγωγη του σατανα
revelation;2;10;μηδεν φοβου α μελλεις πασχειν ιδου μελλει βαλειν εξ υμων ο διαβολος εις φυλακην ινα πειρασθητε και εξετε θλιψιν ημερων δεκα γινου πιστος αχρι θανατου και δωσω σοι τον στεφανον της ζωης
revelation;2;11;ο εχων ους ακουσατω τι το πνευμα λεγει ταις εκκλησιαις ο νικων ου μη αδικηθη εκ του θανατου του δευτερου
revelation;2;12;και τω αγγελω της εν περγαμω εκκλησιας γραψον ταδε λεγει ο εχων την ρομφαιαν την διστομον την οξειαν
revelation;2;13;οιδα τα εργα σου και που κατοικεις οπου ο θρονος του σατανα και κρατεις το ονομα μου και ουκ ηρνησω την πιστιν μου και εν ταις ημεραις εν αις αντιπας ο μαρτυς μου ο πιστος ος απεκτανθη παρ υμιν οπου κατοικει ο σατανας
revelation;2;14;αλλ εχω κατα σου ολιγα οτι εχεις εκει κρατουντας την διδαχην βαλααμ ος εδιδασκεν βαλακ βαλειν σκανδαλον ενωπιον των υιων ισραηλ φαγειν ειδωλοθυτα και πορνευσαι
revelation;2;15;ουτως εχεις και συ κρατουντας την διδαχην των νικολαιτων ο μισω
revelation;2;16;μετανοησον ει δε μη ερχομαι σοι ταχυ και πολεμησω μετ αυτων εν τη ρομφαια του στοματος μου
revelation;2;17;ο εχων ους ακουσατω τι το πνευμα λεγει ταις εκκλησιαις τω νικωντι δωσω αυτω φαγειν απο του μαννα του κεκρυμμενου και δωσω αυτω ψηφον λευκην και επι την ψηφον ονομα καινον γεγραμμενον ο ουδεις εγνω ει μη ο λαμβανων
revelation;2;18;και τω αγγελω της εν θυατειροις εκκλησιας γραψον ταδε λεγει ο υιος του θεου ο εχων τους οφθαλμους αυτου ως φλογα πυρος και οι ποδες αυτου ομοιοι χαλκολιβανω
revelation;2;19;οιδα σου τα εργα και την αγαπην και την διακονιαν και την πιστιν και την υπομονην σου και τα εργα σου και τα εσχατα πλειονα των πρωτων
revelation;2;20;αλλ εχω κατα σου ολιγα οτι εας την γυναικα ιεζαβηλ την λεγουσαν εαυτην προφητιν διδασκειν και πλανασθαι εμους δουλους πορνευσαι και ειδωλοθυτα φαγειν
revelation;2;21;και εδωκα αυτη χρονον ινα μετανοηση εκ της πορνειας αυτης και ου μετενοησεν
revelation;2;22;ιδου εγω βαλλω αυτην εις κλινην και τους μοιχευοντας μετ αυτης εις θλιψιν μεγαλην εαν μη μετανοησωσιν εκ των εργων αυτων
revelation;2;23;και τα τεκνα αυτης αποκτενω εν θανατω και γνωσονται πασαι αι εκκλησιαι οτι εγω ειμι ο ερευνων νεφρους και καρδιας και δωσω υμιν εκαστω κατα τα εργα υμων
revelation;2;24;υμιν δε λεγω και λοιποις τοις εν θυατειροις οσοι ουκ εχουσιν την διδαχην ταυτην και οιτινες ουκ εγνωσαν τα βαθη του σατανα ως λεγουσιν ου βαλω εφ υμας αλλο βαρος
revelation;2;25;πλην ο εχετε κρατησατε αχρις ου αν ηξω
revelation;2;26;και ο νικων και ο τηρων αχρι τελους τα εργα μου δωσω αυτω εξουσιαν επι των εθνων
revelation;2;27;και ποιμανει αυτους εν ραβδω σιδηρα ως τα σκευη τα κεραμικα συντριβεται ως καγω ειληφα παρα του πατρος μου
revelation;2;28;και δωσω αυτω τον αστερα τον πρωινον
revelation;2;29;ο εχων ους ακουσατω τι το πνευμα λεγει ταις εκκλησιαις
revelation;3;1;και τω αγγελω της εν σαρδεσιν εκκλησιας γραψον ταδε λεγει ο εχων τα πνευματα του θεου και τους επτα αστερας οιδα σου τα εργα οτι το ονομα εχεις οτι ζης και νεκρος ει
revelation;3;2;γινου γρηγορων και στηριξον τα λοιπα α μελλει αποθανειν ου γαρ ευρηκα σου τα εργα πεπληρωμενα ενωπιον του θεου
revelation;3;3;μνημονευε ουν πως ειληφας και ηκουσας και τηρει και μετανοησον εαν ουν μη γρηγορησης ηξω επι σε ως κλεπτης και ου μη γνως ποιαν ωραν ηξω επι σε
revelation;3;4;εχεις ολιγα ονοματα και εν σαρδεσιν α ουκ εμολυναν τα ιματια αυτων και περιπατησουσιν μετ εμου εν λευκοις οτι αξιοι εισιν
revelation;3;5;ο νικων ουτος περιβαλειται εν ιματιοις λευκοις και ου μη εξαλειψω το ονομα αυτου εκ της βιβλου της ζωης και εξομολογησομαι το ονομα αυτου ενωπιον του πατρος μου και ενωπιον των αγγελων αυτου
revelation;3;6;ο εχων ους ακουσατω τι το πνευμα λεγει ταις εκκλησιαις
revelation;3;7;και τω αγγελω της εν φιλαδελφεια εκκλησιας γραψον ταδε λεγει ο αγιος ο αληθινος ο εχων την κλειδα του δαβιδ ο ανοιγων και ουδεις κλειει και κλειει και ουδεις ανοιγει
revelation;3;8;οιδα σου τα εργα ιδου δεδωκα ενωπιον σου θυραν ανεωγμενην και ουδεις δυναται κλεισαι αυτην οτι μικραν εχεις δυναμιν και ετηρησας μου τον λογον και ουκ ηρνησω το ονομα μου
revelation;3;9;ιδου διδωμι εκ της συναγωγης του σατανα των λεγοντων εαυτους ιουδαιους ειναι και ουκ εισιν αλλα ψευδονται ιδου ποιησω αυτους ινα ηξωσιν και προσκυνησωσιν ενωπιον των ποδων σου και γνωσιν οτι εγω ηγαπησα σε
revelation;3;10;οτι ετηρησας τον λογον της υπομονης μου καγω σε τηρησω εκ της ωρας του πειρασμου της μελλουσης ερχεσθαι επι της οικουμενης ολης πειρασαι τους κατοικουντας επι της γης
revelation;3;11;ιδου ερχομαι ταχυ κρατει ο εχεις ινα μηδεις λαβη τον στεφανον σου
revelation;3;12;ο νικων ποιησω αυτον στυλον εν τω ναω του θεου μου και εξω ου μη εξελθη ετι και γραψω επ αυτον το ονομα του θεου μου και το ονομα της πολεως του θεου μου της καινης ιερουσαλημ η εκ του ουρανου απο του θεου μου και το ονομα μου το καινον
revelation;3;13;ο εχων ους ακουσατω τι το πνευμα λεγει ταις εκκλησιαις
revelation;3;14;και τω αγγελω της εκκλησιας λαοδικεων γραψον ταδε λεγει ο αμην ο μαρτυς ο πιστος και αληθινος η αρχη της κτισεως του θεου
revelation;3;15;οιδα σου τα εργα οτι ουτε ψυχρος ει ουτε ζεστος οφελον ψυχρος ειης η ζεστος
revelation;3;16;ουτως οτι χλιαρος ει και ουτε ψυχρος ουτε ζεστος μελλω σε εμεσαι εκ του στοματος μου
revelation;3;17;οτι λεγεις οτι πλουσιος ειμι και πεπλουτηκα και ουδενος χρειαν εχω και ουκ οιδας οτι συ ει ο ταλαιπωρος και ελεεινος και πτωχος και τυφλος και γυμνος
revelation;3;18;συμβουλευω σοι αγορασαι παρ εμου χρυσιον πεπυρωμενον εκ πυρος ινα πλουτησης και ιματια λευκα ινα περιβαλη και μη φανερωθη η αισχυνη της γυμνοτητος σου και κολλουριον εγχρισον τους οφθαλμους σου ινα βλεπης
revelation;3;19;εγω οσους εαν φιλω ελεγχω και παιδευω ζηλωσον ουν και μετανοησον
revelation;3;20;ιδου εστηκα επι την θυραν και κρουω εαν τις ακουση της φωνης μου και ανοιξη την θυραν εισελευσομαι προς αυτον και δειπνησω μετ αυτου και αυτος μετ εμου
revelation;3;21;ο νικων δωσω αυτω καθισαι μετ εμου εν τω θρονω μου ως καγω ενικησα και εκαθισα μετα του πατρος μου εν τω θρονω αυτου
revelation;3;22;ο εχων ους ακουσατω τι το πνευμα λεγει ταις εκκλησιαις
revelation;4;1;μετα ταυτα ειδον και ιδου θυρα ηνεωγμενη εν τω ουρανω και η φωνη η πρωτη ην ηκουσα ως σαλπιγγος λαλουσης μετ εμου λεγουσα αναβα ωδε και δειξω σοι α δει γενεσθαι μετα ταυτα
revelation;4;2;και ευθεως εγενομην εν πνευματι και ιδου θρονος εκειτο εν τω ουρανω και επι του θρονου καθημενος
revelation;4;3;και ο καθημενος ην ομοιος ορασει λιθω ιασπιδι και σαρδινω και ιρις κυκλοθεν του θρονου ορασει σμαραγδινω
revelation;4;4;και κυκλοθεν του θρονου θρονοι εικοσι και τεσσαρες και επι τους θρονους ειδον τους εικοσι και τεσσαρας πρεσβυτερους καθημενους περιβεβλημενους εν ιματιοις λευκοις και εσχον επι τας κεφαλας αυτων στεφανους χρυσους
revelation;4;5;και εκ του θρονου εκπορευονται αστραπαι και βρονται και φωναι και επτα λαμπαδες πυρος καιομεναι ενωπιον του θρονου αι εισιν τα επτα πνευματα του θεου
revelation;4;6;και ενωπιον του θρονου θαλασσα υαλινη ομοια κρυσταλλω και εν μεσω του θρονου και κυκλω του θρονου τεσσαρα ζωα γεμοντα οφθαλμων εμπροσθεν και οπισθεν
revelation;4;7;και το ζωον το πρωτον ομοιον λεοντι και το δευτερον ζωον ομοιον μοσχω και το τριτον ζωον εχον το προσωπον ως ανθρωπος και το τεταρτον ζωον ομοιον αετω πετωμενω
revelation;4;8;και τεσσαρα ζωα εν καθ εαυτο ειχον ανα πτερυγας εξ κυκλοθεν και εσωθεν γεμοντα οφθαλμων και αναπαυσιν ουκ εχουσιν ημερας και νυκτος λεγοντα αγιος αγιος αγιος κυριος ο θεος ο παντοκρατωρ ο ην και ο ων και ο ερχομενος
revelation;4;9;και οταν δωσουσιν τα ζωα δοξαν και τιμην και ευχαριστιαν τω καθημενω επι του θρονου τω ζωντι εις τους αιωνας των αιωνων
revelation;4;10;πεσουνται οι εικοσι και τεσσαρες πρεσβυτεροι ενωπιον του καθημενου επι του θρονου και προσκυνουσιν τω ζωντι εις τους αιωνας των αιωνων και βαλλουσιν τους στεφανους αυτων ενωπιον του θρονου λεγοντες
revelation;4;11;αξιος ει κυριε λαβειν την δοξαν και την τιμην και την δυναμιν οτι συ εκτισας τα παντα και δια το θελημα σου εισιν και εκτισθησαν
revelation;5;1;και ειδον επι την δεξιαν του καθημενου επι του θρονου βιβλιον γεγραμμενον εσωθεν και οπισθεν κατεσφραγισμενον σφραγισιν επτα
revelation;5;2;και ειδον αγγελον ισχυρον κηρυσσοντα φωνη μεγαλη τις εστιν αξιος ανοιξαι το βιβλιον και λυσαι τας σφραγιδας αυτου
revelation;5;3;και ουδεις ηδυνατο εν τω ουρανω ουδε επι της γης ουδε υποκατω της γης ανοιξαι το βιβλιον ουδε βλεπειν αυτο
revelation;5;4;και εγω εκλαιον πολλα οτι ουδεις αξιος ευρεθη ανοιξαι και αναγνωναι το βιβλιον ουτε βλεπειν αυτο
revelation;5;5;και εις εκ των πρεσβυτερων λεγει μοι μη κλαιε ιδου ενικησεν ο λεων ο ων εκ της φυλης ιουδα η ριζα δαβιδ ανοιξαι το βιβλιον και λυσαι τας επτα σφραγιδας αυτου
revelation;5;6;και ειδον και ιδου εν μεσω του θρονου και των τεσσαρων ζωων και εν μεσω των πρεσβυτερων αρνιον εστηκος ως εσφαγμενον εχον κερατα επτα και οφθαλμους επτα οι εισιν τα επτα του θεου πνευματα τα απεσταλμενα εις πασαν την γην
revelation;5;7;και ηλθεν και ειληφεν το βιβλιον εκ της δεξιας του καθημενου επι του θρονου
revelation;5;8;και οτε ελαβεν το βιβλιον τα τεσσαρα ζωα και οι εικοσιτεσσαρες πρεσβυτεροι επεσον ενωπιον του αρνιου εχοντες εκαστος κιθαρας και φιαλας χρυσας γεμουσας θυμιαματων αι εισιν αι προσευχαι των αγιων
revelation;5;9;και αδουσιν ωδην καινην λεγοντες αξιος ει λαβειν το βιβλιον και ανοιξαι τας σφραγιδας αυτου οτι εσφαγης και ηγορασας τω θεω ημας εν τω αιματι σου εκ πασης φυλης και γλωσσης και λαου και εθνους
revelation;5;10;και εποιησας ημας τω θεω ημων βασιλεις και ιερεις και βασιλευσομεν επι της γης
revelation;5;11;και ειδον και ηκουσα φωνην αγγελων πολλων κυκλοθεν του θρονου και των ζωων και των πρεσβυτερων και χιλιαδες χιλιαδων
revelation;5;12;λεγοντες φωνη μεγαλη αξιον εστιν το αρνιον το εσφαγμενον λαβειν την δυναμιν και πλουτον και σοφιαν και ισχυν και τιμην και δοξαν και ευλογιαν
revelation;5;13;και παν κτισμα ο εστιν εν τω ουρανω και εν τη γη και υποκατω της γης και επι της θαλασσης α εστιν και τα εν αυτοις παντα ηκουσα λεγοντας τω καθημενω επι του θρονου και τω αρνιω η ευλογια και η τιμη και η δοξα και το κρατος εις τους αιωνας των αιωνων
revelation;5;14;και τα τεσσαρα ζωα ελεγον αμην και οι εικοσιτεσσαρες πρεσβυτεροι επεσαν και προσεκυνησαν ζωντι εις τους αιωνας των αιωνων
revelation;6;1;και ειδον οτε ηνοιξεν το αρνιον μιαν εκ των σφραγιδων και ηκουσα ενος εκ των τεσσαρων ζωων λεγοντος ως φωνης βροντης ερχου και βλεπε
revelation;6;2;και ειδον και ιδου ιππος λευκος και ο καθημενος επ αυτω εχων τοξον και εδοθη αυτω στεφανος και εξηλθεν νικων και ινα νικηση
revelation;6;3;και οτε ηνοιξεν την δευτεραν σφραγιδα ηκουσα του δευτερου ζωου λεγοντος ερχου και βλεπε
revelation;6;4;και εξηλθεν αλλος ιππος πυρρος και τω καθημενω επ αυτω εδοθη αυτω λαβειν την ειρηνην απο της γης και ινα αλληλους σφαξωσιν και εδοθη αυτω μαχαιρα μεγαλη
revelation;6;5;και οτε ηνοιξεν την τριτην σφραγιδα ηκουσα του τριτου ζωου λεγοντος ερχου και βλεπε και ειδον και ιδου ιππος μελας και ο καθημενος επ αυτω εχων ζυγον εν τη χειρι αυτου
revelation;6;6;και ηκουσα φωνην εν μεσω των τεσσαρων ζωων λεγουσαν χοινιξ σιτου δηναριου και τρεις χοινικες κριθης δηναριου και το ελαιον και τον οινον μη αδικησης
revelation;6;7;και οτε ηνοιξεν την σφραγιδα την τεταρτην ηκουσα φωνην του τεταρτου ζωου λεγουσαν ερχου και βλεπε
revelation;6;8;και ειδον και ιδου ιππος χλωρος και ο καθημενος επανω αυτου ονομα αυτω ο θανατος και ο αδης ακολουθει μετ αυτου και εδοθη αυτοις εξουσια αποκτειναι επι το τεταρτον της γης εν ρομφαια και εν λιμω και εν θανατω και υπο των θηριων της γης
revelation;6;9;και οτε ηνοιξεν την πεμπτην σφραγιδα ειδον υποκατω του θυσιαστηριου τας ψυχας των εσφαγμενων δια τον λογον του θεου και δια την μαρτυριαν ην ειχον
revelation;6;10;και εκραζον φωνη μεγαλη λεγοντες εως ποτε ο δεσποτης ο αγιος και ο αληθινος ου κρινεις και εκδικεις το αιμα ημων απο των κατοικουντων επι της γης
revelation;6;11;και εδοθησαν εκαστοις στολαι λευκαι και ερρεθη αυτοις ινα αναπαυσωνται ετι χρονον μικρον εως ου πληρωσονται και οι συνδουλοι αυτων και οι αδελφοι αυτων οι μελλοντες αποκτεινεσθαι ως και αυτοι
revelation;6;12;και ειδον οτε ηνοιξεν την σφραγιδα την εκτην και ιδου σεισμος μεγας εγενετο και ο ηλιος εγενετο μελας ως σακκος τριχινος και η σεληνη εγενετο ως αιμα
revelation;6;13;και οι αστερες του ουρανου επεσαν εις την γην ως συκη βαλλει τους ολυνθους αυτης υπο μεγαλου ανεμου σειομενη
revelation;6;14;και ουρανος απεχωρισθη ως βιβλιον ειλισσομενον και παν ορος και νησος εκ των τοπων αυτων εκινηθησαν
revelation;6;15;και οι βασιλεις της γης και οι μεγιστανες και οι πλουσιοι και οι χιλιαρχοι και οι δυνατοι και πας δουλος και πας ελευθερος εκρυψαν εαυτους εις τα σπηλαια και εις τας πετρας των ορεων
revelation;6;16;και λεγουσιν τοις ορεσιν και ταις πετραις πεσετε εφ ημας και κρυψατε ημας απο προσωπου του καθημενου επι του θρονου και απο της οργης του αρνιου
revelation;6;17;οτι ηλθεν η ημερα η μεγαλη της οργης αυτου και τις δυναται σταθηναι
revelation;7;1;και μετα ταυτα ειδον τεσσαρας αγγελους εστωτας επι τας τεσσαρας γωνιας της γης κρατουντας τους τεσσαρας ανεμους της γης ινα μη πνεη ανεμος επι της γης μητε επι της θαλασσης μητε επι παν δενδρον
revelation;7;2;και ειδον αλλον αγγελον απο ανατολης ηλιου εχοντα σφραγιδα θεου ζωντος και εκραξεν φωνη μεγαλη τοις τεσσαρσιν αγγελοις οις εδοθη αυτοις αδικησαι την γην και την θαλασσαν
revelation;7;3;λεγων μη αδικησητε την γην μητε την θαλασσαν μητε τα δενδρα αχρις ου τους δουλους του θεου ημων επι των μετωπων αυτων
revelation;7;4;και ηκουσα τον αριθμον των εσφραγισμενων ρμδ χιλιαδες εσφραγισμενοι εκ πασης φυλης υιων ισραηλ
revelation;7;5;εκ φυλης ιουδα ιβ χιλιαδες εσφραγισμενοι εκ φυλης ρουβην ιβ χιλιαδες εσφραγισμενοι εκ φυλης γαδ ιβ χιλιαδες εσφραγισμενοι
revelation;7;6;εκ φυλης ασηρ ιβ χιλιαδες εσφραγισμενοι εκ φυλης νεφθαλειμ ιβ χιλιαδες εσφραγισμενοι εκ φυλης μανασση ιβ χιλιαδες εσφραγισμενοι
revelation;7;7;εκ φυλης συμεων ιβ χιλιαδες εσφραγισμενοι εκ φυλης λευι ιβ χιλιαδες εσφραγισμενοι εκ φυλης ισαχαρ ιβ χιλιαδες εσφραγισμενοι
revelation;7;8;εκ φυλης ζαβουλων ιβ χιλιαδες εσφραγισμενοι εκ φυλης ιωσηφ ιβ χιλιαδες εσφραγισμενοι εκ φυλης βενιαμιν ιβ χιλιαδες εσφραγισμενοι
revelation;7;9;μετα ταυτα ειδον και ιδου οχλος πολυς ον αριθμησαι αυτον ουδεις ηδυνατο εκ παντος εθνους και φυλων και λαων και γλωσσων εστωτες ενωπιον του θρονου και ενωπιον του αρνιου περιβεβλημενοι στολας λευκας και φοινικες εν ταις χερσιν αυτων
revelation;7;10;και κραζοντες φωνη μεγαλη λεγοντες η σωτηρια τω καθημενω επι του θρονου και τω αρνιω
revelation;7;11;και παντες οι αγγελοι εστηκεσαν κυκλω του θρονου και των πρεσβυτερων και των τεσσαρων ζωων και επεσον ενωπιον του θρονου επι προσωπον αυτων και προσεκυνησαν τω θεω
revelation;7;12;λεγοντες αμην η ευλογια και η δοξα και η σοφια και η ευχαριστια και η τιμη και η δυναμις και η ισχυς τω θεω ημων εις τους αιωνας των αιωνων αμην
revelation;7;13;και απεκριθη εις εκ των πρεσβυτερων λεγων μοι ουτοι οι περιβεβλημενοι τας στολας τας λευκας τινες εισιν και ποθεν ηλθον
revelation;7;14;και ειρηκα αυτω κυριε συ οιδας και ειπεν μοι ουτοι εισιν οι ερχομενοι εκ της θλιψεως της μεγαλης και επλυναν τας στολας αυτων και ελευκαναν εν τω αιματι του αρνιου
revelation;7;15;δια τουτο εισιν ενωπιον του θρονου του θεου και λατρευουσιν αυτω ημερας και νυκτος εν τω ναω αυτου και ο καθημενος επι του θρονου σκηνωσει επ αυτους
revelation;7;16;ου πεινασουσιν ετι ουδε διψησουσιν ετι ουδε μη πεση επ αυτους ο ηλιος ουδε παν καυμα
revelation;7;17;οτι το αρνιον το ανα μεσον του θρονου ποιμανει αυτους και οδηγησει αυτους επι ζωσας πηγας υδατων και εξαλειψει ο θεος παν δακρυον απο των οφθαλμων αυτων
revelation;8;1;και οτε ηνοιξεν την σφραγιδα την εβδομην εγενετο σιγη εν τω ουρανω ως ημιωριον
revelation;8;2;και ειδον τους επτα αγγελους οι ενωπιον του θεου εστηκασιν και εδοθησαν αυτοις επτα σαλπιγγες
revelation;8;3;και αλλος αγγελος ηλθεν και εσταθη επι το θυσιαστηριον εχων λιβανωτον χρυσουν και εδοθη αυτω θυμιαματα πολλα ινα δωση ταις προσευχαις των αγιων παντων επι το θυσιαστηριον το χρυσουν το ενωπιον του θρονου
revelation;8;4;και ανεβη ο καπνος των θυμιαματων ταις προσευχαις των αγιων εκ χειρος του αγγελου ενωπιον του θεου
revelation;8;5;και ειληφεν ο αγγελος το λιβανωτον και εγεμισεν αυτο εκ του πυρος του θυσιαστηριου και εβαλεν εις την γην και εγενοντο φωναι και βρονται και αστραπαι και σεισμος
revelation;8;6;και οι επτα αγγελοι εχοντες τας επτα σαλπιγγας ητοιμασαν εαυτους ινα σαλπισωσιν
revelation;8;7;και ο πρωτος αγγελος εσαλπισεν και εγενετο χαλαζα και πυρ μεμιγμενα αιματι και εβληθη εις την γην και το τριτον των δενδρων κατεκαη και πας χορτος χλωρος κατεκαη
revelation;8;8;και ο δευτερος αγγελος εσαλπισεν και ως ορος μεγα πυρι καιομενον εβληθη εις την θαλασσαν και εγενετο το τριτον της θαλασσης αιμα
revelation;8;9;και απεθανεν το τριτον των κτισματων των εν τη θαλασση τα εχοντα ψυχας και το τριτον των πλοιων διεφθαρη
revelation;8;10;και ο τριτος αγγελος εσαλπισεν και επεσεν εκ του ουρανου αστηρ μεγας καιομενος ως λαμπας και επεσεν επι το τριτον των ποταμων και επι τας πηγας υδατων
revelation;8;11;και το ονομα του αστερος λεγεται αψινθος και γινεται το τριτον εις αψινθον και πολλοι ανθρωπων απεθανον εκ των υδατων οτι επικρανθησαν
revelation;8;12;και ο τεταρτος αγγελος εσαλπισεν και επληγη το τριτον του ηλιου και το τριτον της σεληνης και το τριτον των αστερων ινα σκοτισθη το τριτον αυτων και η ημερα μη φαινη το τριτον αυτης και η νυξ ομοιως
revelation;8;13;και ειδον και ηκουσα ενος αγγελου πετωμενου εν μεσουρανηματι λεγοντος φωνη μεγαλη ουαι ουαι ουαι τοις κατοικουσιν επι της γης εκ των λοιπων φωνων της σαλπιγγος των τριων αγγελων των μελλοντων σαλπιζειν
revelation;9;1;και ο πεμπτος αγγελος εσαλπισεν και ειδον αστερα εκ του ουρανου πεπτωκοτα εις την γην και εδοθη αυτω η κλεις του φρεατος της αβυσσου
revelation;9;2;και ηνοιξεν το φρεαρ της αβυσσου και ανεβη καπνος εκ του φρεατος ως καπνος καμινου μεγαλης και εσκοτισθη ο ηλιος και ο αηρ εκ του καπνου του φρεατος
revelation;9;3;και εκ του καπνου εξηλθον ακριδες εις την γην και εδοθη αυταις εξουσια ως εχουσιν εξουσιαν οι σκορπιοι της γης
revelation;9;4;και ερρεθη αυταις ινα μη αδικησωσιν τον χορτον της γης ουδε παν χλωρον ουδε παν δενδρον ει μη τους ανθρωπους μονους οιτινες ουκ εχουσιν την σφραγιδα του θεου επι των μετωπων αυτων
revelation;9;5;και εδοθη αυταις ινα μη αποκτεινωσιν αυτους αλλ ινα βασανισθωσιν μηνας πεντε και ο βασανισμος αυτων ως βασανισμος σκορπιου οταν παιση ανθρωπον
revelation;9;6;και εν ταις ημεραις εκειναις ζητησουσιν οι ανθρωποι τον θανατον και ουχ ευρησουσιν αυτον και επιθυμησουσιν αποθανειν και φευξεται ο θανατος απ αυτων
revelation;9;7;και τα ομοιωματα των ακριδων ομοια ιπποις ητοιμασμενοις εις πολεμον και επι τας κεφαλας αυτων ως στεφανοι ομοιοι χρυσω και τα προσωπα αυτων ως προσωπα ανθρωπων
revelation;9;8;και ειχον τριχας ως τριχας γυναικων και οι οδοντες αυτων ως λεοντων ησαν
revelation;9;9;και ειχον θωρακας ως θωρακας σιδηρους και η φωνη των πτερυγων αυτων ως φωνη αρματων ιππων πολλων τρεχοντων εις πολεμον
revelation;9;10;και εχουσιν ουρας ομοιας σκορπιοις και κεντρα ην εν ταις ουραις αυτων και η εξουσια αυτων αδικησαι τους ανθρωπους μηνας πεντε
revelation;9;11;και εχουσιν βασιλεα τον αγγελον της αβυσσου ονομα αυτω εβραιστι αβαδδων και εν τη ελληνικη ονομα εχει απολλυων
revelation;9;12;η ουαι η μια απηλθεν ιδου ερχονται ετι δυο ουαι μετα ταυτα
revelation;9;13;και ο εκτος αγγελος εσαλπισεν και ηκουσα φωνην μιαν εκ των τεσσαρων κερατων του θυσιαστηριου του χρυσου του ενωπιον του θεου
revelation;9;14;λεγουσαν τω εκτω αγγελω ος ειχε την σαλπιγγα λυσον τους τεσσαρας αγγελους τους δεδεμενους επι τω ποταμω τω μεγαλω ευφρατη
revelation;9;15;και ελυθησαν οι τεσσαρες αγγελοι οι ητοιμασμενοι εις την ωραν και ημεραν και μηνα και ενιαυτον ινα αποκτεινωσιν το τριτον των ανθρωπων
revelation;9;16;και ο αριθμος στρατευματων του ιππικου δυο μυριαδες μυριαδων και ηκουσα τον αριθμον αυτων
revelation;9;17;και ουτως ειδον τους ιππους εν τη ορασει και τους καθημενους επ αυτων εχοντας θωρακας πυρινους και υακινθινους και θειωδεις και αι κεφαλαι των ιππων ως κεφαλαι λεοντων και εκ των στοματων αυτων εκπορευεται πυρ και καπνος και θειον
revelation;9;18;υπο των τριων τουτων απεκτανθησαν το τριτον των ανθρωπων εκ του πυρος και εκ του καπνου και εκ του θειου του εκπορευομενου εκ των στοματων αυτων
revelation;9;19;{VA
revelation;1: αι γαρ εξουσιαι } αυτων εν τω στοματι αυτων αι γαρ ουραι αυτων ομοιαι οφεσιν εχουσαι κεφαλας και εν αυταις αδικουσιν
revelation;9;20;και οι λοιποι των ανθρωπων οι ουκ απεκτανθησαν εν ταις πληγαις ταυταις μετενοησαν εκ των εργων των χειρων αυτων ινα μη προσκυνησωσιν τα δαιμονια και ειδωλα τα χρυσα και τα αργυρα και τα χαλκα και τα λιθινα και τα ξυλινα α ουτε βλεπειν δυναται ουτε ακουειν ουτε περιπατειν
revelation;9;21;και ου μετενοησαν εκ των φονων αυτων ουτε εκ των φαρμακειων αυτων ουτε εκ της πορνειας αυτων ουτε εκ των κλεμματων αυτων
revelation;10;1;και ειδον αλλον αγγελον ισχυρον καταβαινοντα εκ του ουρανου περιβεβλημενον νεφελην και ιρις επι της κεφαλης και το προσωπον αυτου ως ο ηλιος και οι ποδες αυτου ως στυλοι πυρος
revelation;10;2;και ειχεν εν τη χειρι αυτου βιβλαριδιον ανεωγμενον και εθηκεν τον ποδα αυτου τον δεξιον επι την θαλασσαν τον δε ευωνυμον επι την γην
revelation;10;3;και εκραξεν φωνη μεγαλη ωσπερ λεων μυκαται και οτε εκραξεν ελαλησαν αι επτα βρονται τας εαυτων φωνας
revelation;10;4;και οτε ελαλησαν αι επτα βρονται τας φωνας εαυτων εμελλον γραφειν και ηκουσα φωνην εκ του ουρανου λεγουσαν μοι σφραγισον α ελαλησαν αι επτα βρονται και μη ταυτα γραψης
revelation;10;5;και ο αγγελος ον ειδον εστωτα επι της θαλασσης και επι της γης ηρεν την χειρα αυτου εις τον ουρανον
revelation;10;6;και ωμοσεν εν τω ζωντι εις τους αιωνας των αιωνων ος εκτισεν τον ουρανον και τα εν αυτω και την γην και τα εν αυτη και την θαλασσαν και τα εν αυτη οτι χρονος ουκ εσται ετι
revelation;10;7;αλλα εν ταις ημεραις της φωνης του εβδομου αγγελου οταν μελλη σαλπιζειν και τελεσθη το μυστηριον του θεου ως ευηγγελισεν τοις εαυτου δουλοις τοις προφηταις
revelation;10;8;και η φωνη ην ηκουσα εκ του ουρανου παλιν λαλουσα μετ εμου και λεγουσα υπαγε λαβε το βιβλαριδιον το ηνεωγμενον εν τη χειρι αγγελου του εστωτος επι της θαλασσης και επι της γης
revelation;10;9;και απηλθον προς τον αγγελον λεγων αυτω δος μοι το βιβλαριδιον και λεγει μοι λαβε και καταφαγε αυτο και πικρανει σου την κοιλιαν αλλ εν τω στοματι σου εσται γλυκυ ως μελι
revelation;10;10;και ελαβον το βιβλαριδιον εκ της χειρος του αγγελου και κατεφαγον αυτο και ην εν τω στοματι μου ως μελι γλυκυ και οτε εφαγον αυτο επικρανθη η κοιλια μου
revelation;10;11;και λεγει μοι δει σε παλιν προφητευσαι επι λαοις και εθνεσιν και γλωσσαις και βασιλευσιν πολλοις
revelation;11;1;και εδοθη μοι καλαμος ομοιος ραβδω λεγων εγειραι και μετρησον τον ναον του θεου και το θυσιαστηριον και τους προσκυνουντας εν αυτω
revelation;11;2;και την αυλην την του ναου εκβαλε εξω και μη αυτην μετρησης οτι εδοθη τοις εθνεσιν και την πολιν την αγιαν πατησουσιν μηνας τεσσαρακοντα δυο
revelation;11;3;και δωσω τοις δυσιν μαρτυσιν μου και προφητευσουσιν ημερας χιλιας διακοσιας εξηκοντα περιβεβλημενοι σακκους
revelation;11;4;ουτοι εισιν αι δυο ελαιαι και δυο λυχνιαι αι ενωπιον του θεου της γης εστωσαι
revelation;11;5;και ει τις αυτους θελη αδικησαι πυρ εκπορευεται εκ του στοματος αυτων και κατεσθιει τους εχθρους αυτων και ει τις αυτους θελη αδικησαι ουτως δει αυτον αποκτανθηναι
revelation;11;6;ουτοι εχουσιν εξουσιαν κλεισαι τον ουρανον ινα μη βρεχη υετος εν ημεραις αυτων της προφητειας και εξουσιαν εχουσιν επι των υδατων στρεφειν αυτα εις αιμα και παταξαι την γην παση πληγη οσακις εαν θελησωσιν
revelation;11;7;και οταν τελεσωσιν την μαρτυριαν αυτων το θηριον το αναβαινον εκ της αβυσσου ποιησει πολεμον μετ αυτων και νικησει αυτους και αποκτενει αυτους
revelation;11;8;και τα πτωματα αυτων επι της πλατειας πολεως της μεγαλης ητις καλειται πνευματικως σοδομα και αιγυπτος οπου και ο κυριος ημων εσταυρωθη
revelation;11;9;και βλεψουσιν εκ των λαων και φυλων και γλωσσων και εθνων τα πτωματα αυτων ημερας τρεις και ημισυ και τα πτωματα αυτων ουκ αφησουσιν τεθηναι εις μνηματα
revelation;11;10;και οι κατοικουντες επι της γης χαρουσιν επ αυτοις και ευφρανθησονται και δωρα πεμψουσιν αλληλοις οτι ουτοι οι δυο προφηται εβασανισαν τους κατοικουντας επι της γης
revelation;11;11;και μετα τας τρεις ημερας και ημισυ πνευμα ζωης εκ του θεου εισηλθεν επ αυτους και εστησαν επι τους ποδας αυτων και φοβος μεγας επεσεν επι τους θεωρουντας αυτους
revelation;11;12;και ηκουσαν φωνην μεγαλην εκ του ουρανου λεγουσαν αυτοις αναβητε ωδε και ανεβησαν εις τον ουρανον εν τη νεφελη και εθεωρησαν αυτους οι εχθροι αυτων
revelation;11;13;και εν εκεινη τη ωρα εγενετο σεισμος μεγας και το δεκατον της πολεως επεσεν και απεκτανθησαν εν τω σεισμω ονοματα ανθρωπων χιλιαδες επτα και οι λοιποι εμφοβοι εγενοντο και εδωκαν δοξαν τω θεω του ουρανου
revelation;11;14;η ουαι η δευτερα απηλθεν ιδου η ουαι η τριτη ερχεται ταχυ
revelation;11;15;και ο εβδομος αγγελος εσαλπισεν και εγενοντο φωναι μεγαλαι εν τω ουρανω λεγουσαι εγενοντο αι βασιλειαι του κοσμου του κυριου ημων και του χριστου αυτου και βασιλευσει εις τους αιωνας των αιωνων
revelation;11;16;και οι εικοσι και τεσσαρες πρεσβυτεροι οι ενωπιον του θεου καθημενοι επι τους θρονους αυτων επεσαν επι τα προσωπα αυτων και προσεκυνησαν τω θεω
revelation;11;17;λεγοντες ευχαριστουμεν σοι κυριε ο θεος ο παντοκρατωρ ο ων και ο ην και ο ερχομενος οτι ειληφας την δυναμιν σου την μεγαλην και εβασιλευσας
revelation;11;18;και τα εθνη ωργισθησαν και ηλθεν η οργη σου και ο καιρος των νεκρων κριθηναι και δουναι τον μισθον τοις δουλοις σου τοις προφηταις και τοις αγιοις και τοις φοβουμενοις το ονομα σου τοις μικροις και τοις μεγαλοις και διαφθειραι τους διαφθειροντας την γην
revelation;11;19;και ηνοιγη ο ναος του θεου εν τω ουρανω και ωφθη η κιβωτος της διαθηκης αυτου εν τω ναω αυτου και εγενοντο αστραπαι και φωναι και βρονται και σεισμος και χαλαζα μεγαλη
revelation;12;1;και σημειον μεγα ωφθη εν τω ουρανω γυνη περιβεβλημενη τον ηλιον και η σεληνη υποκατω των ποδων αυτης και επι της κεφαλης αυτης στεφανος αστερων δωδεκα
revelation;12;2;και εν γαστρι εχουσα κραζει ωδινουσα και βασανιζομενη τεκειν
revelation;12;3;και ωφθη αλλο σημειον εν τω ουρανω και ιδου δρακων μεγας πυρρος εχων κεφαλας επτα και κερατα δεκα και επι τας κεφαλας αυτου διαδηματα επτα
revelation;12;4;και η ουρα αυτου συρει το τριτον των αστερων του ουρανου και εβαλεν αυτους εις την γην και ο δρακων εστηκεν ενωπιον της γυναικος της μελλουσης τεκειν ινα οταν τεκη το τεκνον αυτης καταφαγη
revelation;12;5;και ετεκεν υιον αρρενα ος μελλει ποιμαινειν παντα τα εθνη εν ραβδω σιδηρα και ηρπασθη το τεκνον αυτης προς τον θεον και τον θρονον αυτου
revelation;12;6;και η γυνη εφυγεν εις την ερημον οπου εχει τοπον ητοιμασμενον απο του θεου ινα εκει τρεφωσιν αυτην ημερας χιλιας διακοσιας εξηκοντα
revelation;12;7;και εγενετο πολεμος εν τω ουρανω ο μιχαηλ και οι αγγελοι αυτου επολεμησαν κατα του δρακοντος και ο δρακων επολεμησεν και οι αγγελοι αυτου
revelation;12;8;και ουκ ισχυσαν ουτε τοπος ευρεθη αυτων ετι εν τω ουρανω
revelation;12;9;και εβληθη ο δρακων ο μεγας ο οφις ο αρχαιος ο καλουμενος διαβολος και ο σατανας ο πλανων την οικουμενην ολην εβληθη εις την γην και οι αγγελοι αυτου μετ αυτου εβληθησαν
revelation;12;10;και ηκουσα φωνην μεγαλην λεγουσαν εν τω ουρανω αρτι εγενετο η σωτηρια και η δυναμις και η βασιλεια του θεου ημων και η εξουσια του χριστου αυτου οτι κατεβληθη ο κατηγορος των αδελφων ημων ο κατηγορων αυτων ενωπιον του θεου ημων ημερας και νυκτος
revelation;12;11;και αυτοι ενικησαν αυτον δια το αιμα του αρνιου και δια τον λογον της μαρτυριας αυτων και ουκ ηγαπησαν την ψυχην αυτων αχρι θανατου
revelation;12;12;δια τουτο ευφραινεσθε οι ουρανοι και οι εν αυτοις σκηνουντες ουαι τοις κατοικουσιν την γην και την θαλασσαν οτι κατεβη ο διαβολος προς υμας εχων θυμον μεγαν ειδως οτι ολιγον καιρον εχει
revelation;12;13;και οτε ειδεν ο δρακων οτι εβληθη εις την γην εδιωξεν την γυναικα ητις ετεκεν τον αρρενα
revelation;12;14;και εδοθησαν τη γυναικι δυο πτερυγες του αετου του μεγαλου ινα πετηται εις την ερημον εις τον τοπον αυτης οπου τρεφεται εκει καιρον και καιρους και ημισυ καιρου απο προσωπου του οφεως
revelation;12;15;και εβαλεν ο οφις οπισω της γυναικος εκ του στοματος αυτου υδωρ ως ποταμον ινα ταυτην ποταμοφορητον ποιηση
revelation;12;16;και εβοηθησεν η γη τη γυναικι και ηνοιξεν η γη το στομα αυτης και κατεπιεν τον ποταμον ον εβαλεν ο δρακων εκ του στοματος αυτου
revelation;12;17;και ωργισθη ο δρακων επι τη γυναικι και απηλθεν ποιησαι πολεμον μετα των λοιπων του σπερματος αυτης των τηρουντων τας εντολας του θεου και εχοντων την μαρτυριαν του ιησου χριστου
revelation;12;18;και εσταθην επι την αμμον της θαλασσης
revelation;13;1;και ειδον εκ της θαλασσης θηριον αναβαινον εχον κεφαλας επτα και κερατα δεκα και επι των κερατων αυτου δεκα διαδηματα και επι τας κεφαλας αυτου ονομα βλασφημιας
revelation;13;2;και το θηριον ο ειδον ην ομοιον παρδαλει και οι ποδες αυτου ως αρκτου και το στομα αυτου ως στομα λεοντος και εδωκεν αυτω ο δρακων την δυναμιν αυτου και τον θρονον αυτου και εξουσιαν μεγαλην
revelation;13;3;και ειδον μιαν των κεφαλων αυτου ως εσφαγμενην εις θανατον και η πληγη του θανατου αυτου εθεραπευθη και οπισω του θηριου
revelation;13;4;και προσεκυνησαν τον δρακοντα ος εδωκεν εξουσιαν τω θηριω και προσεκυνησαν το θηριον λεγοντες τις ομοιος τω θηριω τις δυναται πολεμησαι μετ αυτου
revelation;13;5;και εδοθη αυτω στομα λαλουν μεγαλα και βλασφημιας και εδοθη αυτω εξουσια ποιησαι μηνας τεσσαρακοντα δυο
revelation;13;6;και ηνοιξεν το στομα αυτου εις βλασφημιαν προς τον θεον βλασφημησαι το ονομα αυτου και την σκηνην αυτου και τους εν τω ουρανω σκηνουντας
revelation;13;7;και εδοθη αυτω πολεμον ποιησαι μετα των αγιων και νικησαι αυτους και εδοθη αυτω εξουσια επι πασαν φυλην και γλωσσαν και εθνος
revelation;13;8;και προσκυνησουσιν αυτω παντες οι κατοικουντες επι της γης ων ου γεγραπται τα ονοματα εν τη βιβλω της ζωης του αρνιου εσφαγμενου απο καταβολης κοσμου
revelation;13;9;ει τις εχει ους ακουσατω
revelation;13;10;ει τις αιχμαλωσιαν συναγει εις αιχμαλωσιαν υπαγει ει τις εν μαχαιρα αποκτενει δει αυτον εν μαχαιρα αποκτανθηναι ωδε εστιν η υπομονη και η πιστις των αγιων
revelation;13;11;και ειδον αλλο θηριον αναβαινον εκ της γης και ειχεν κερατα δυο ομοια αρνιω και ελαλει ως δρακων
revelation;13;12;και την εξουσιαν του πρωτου θηριου πασαν ποιει ενωπιον αυτου και ποιει την γην και τους κατοικουντας εν αυτη ινα προσκυνησωσιν το θηριον το πρωτον ου εθεραπευθη η πληγη του θανατου αυτου
revelation;13;13;και ποιει σημεια μεγαλα ινα και πυρ ποιη καταβαινειν εκ του ουρανου εις την γην ενωπιον των ανθρωπων
revelation;13;14;και πλανα τους κατοικουντας επι της γης δια τα σημεια α εδοθη αυτω ποιησαι ενωπιον του θηριου λεγων τοις κατοικουσιν επι της γης ποιησαι εικονα τω θηριω ο εχει την πληγην της μαχαιρας και εζησεν
revelation;13;15;και εδοθη αυτω δουναι πνευμα τη εικονι του θηριου ινα και λαληση η εικων του θηριου και ποιηση οσοι αν μη προσκυνησωσιν την εικονα του θηριου ινα αποκτανθωσιν
revelation;13;16;και ποιει παντας τους μικρους και τους μεγαλους και τους πλουσιους και τους πτωχους και τους ελευθερους και τους δουλους ινα δωση αυτοις χαραγμα επι της χειρος αυτων της δεξιας η επι των μετωπων αυτων
revelation;13;17;και ινα μη τις δυνηται αγορασαι η πωλησαι ει μη ο εχων το χαραγμα η το ονομα του θηριου η τον αριθμον του ονοματος αυτου
revelation;13;18;ωδε η σοφια εστιν ο εχων τον νουν ψηφισατω τον αριθμον του θηριου αριθμος γαρ ανθρωπου εστιν και ο αριθμος αυτου χξς
revelation;14;1;και ειδον και ιδου αρνιον εστηκος επι το ορος σιων και μετ αυτου εκατον τεσσαρακοντα τεσσαρες χιλιαδες εχουσαι το ονομα του πατρος αυτου γεγραμμενον επι των μετωπων αυτων
revelation;14;2;και ηκουσα φωνην εκ του ουρανου ως φωνην υδατων πολλων και ως φωνην βροντης μεγαλης και φωνην ηκουσα κιθαρωδων κιθαριζοντων εν ταις κιθαραις αυτων
revelation;14;3;και αδουσιν ως ωδην καινην ενωπιον του θρονου και ενωπιον των τεσσαρων ζωων και των πρεσβυτερων και ουδεις ηδυνατο μαθειν την ωδην ει μη αι εκατον τεσσαρακοντα τεσσαρες χιλιαδες οι ηγορασμενοι απο της γης
revelation;14;4;ουτοι εισιν οι μετα γυναικων ουκ εμολυνθησαν παρθενοι γαρ εισιν ουτοι εισιν οι ακολουθουντες τω αρνιω οπου αν υπαγη ουτοι ηγορασθησαν απο των ανθρωπων απαρχη τω θεω και τω αρνιω
revelation;14;5;και εν τω στοματι αυτων ουχ ευρεθη δολος αμωμοι γαρ εισιν ενωπιον του θρονου του θεου
revelation;14;6;και ειδον αλλον αγγελον πετωμενον εν μεσουρανηματι εχοντα ευαγγελιον αιωνιον ευαγγελισαι τους κατοικουντας επι της γης και παν εθνος και φυλην και γλωσσαν και λαον
revelation;14;7;λεγοντα εν φωνη μεγαλη φοβηθητε τον θεον και δοτε αυτω δοξαν οτι ηλθεν η ωρα της κρισεως αυτου και προσκυνησατε τω ποιησαντι τον ουρανον και την γην και θαλασσαν και πηγας υδατων
revelation;14;8;και αλλος αγγελος ηκολουθησεν λεγων επεσεν επεσεν βαβυλων η πολις η μεγαλη οτι εκ του οινου του θυμου της πορνειας αυτης πεποτικεν παντα εθνη
revelation;14;9;και τριτος αγγελος ηκολουθησεν αυτοις λεγων εν φωνη μεγαλη ει τις το θηριον προσκυνει και την εικονα αυτου και λαμβανει χαραγμα επι του μετωπου αυτου η επι την χειρα αυτου
revelation;14;10;και αυτος πιεται εκ του οινου του θυμου του θεου του κεκερασμενου ακρατου εν τω ποτηριω της οργης αυτου και βασανισθησεται εν πυρι και θειω ενωπιον των αγιων αγγελων και ενωπιον του αρνιου
revelation;14;11;και ο καπνος του βασανισμου αυτων αναβαινει εις αιωνας αιωνων και ουκ εχουσιν αναπαυσιν ημερας και νυκτος οι προσκυνουντες το θηριον και την εικονα αυτου και ει τις λαμβανει το χαραγμα του ονοματος αυτου
revelation;14;12;ωδε υπομονη των αγιων εστιν ωδε οι τηρουντες τας εντολας του θεου και την πιστιν ιησου
revelation;14;13;και ηκουσα φωνης εκ του ουρανου λεγουσης μοι γραψον μακαριοι οι νεκροι οι εν κυριω αποθνησκοντες απαρτι ναι λεγει το πνευμα ινα αναπαυσωνται εκ των κοπων αυτων τα δε εργα αυτων ακολουθει μετ αυτων
revelation;14;14;και ειδον και ιδου νεφελη λευκη και επι την νεφελην καθημενος ομοιος υιω ανθρωπου εχων επι της κεφαλης αυτου στεφανον χρυσουν και εν τη χειρι αυτου δρεπανον οξυ
revelation;14;15;και αλλος αγγελος εξηλθεν εκ του ναου κραζων εν μεγαλη φωνη τω καθημενω επι της νεφελης πεμψον το δρεπανον σου και θερισον οτι ηλθεν σοι η ωρα του θερισαι οτι εξηρανθη ο θερισμος της γης
revelation;14;16;και εβαλεν ο καθημενος επι την νεφελην το δρεπανον αυτου επι την γην και εθερισθη η γη
revelation;14;17;και αλλος αγγελος εξηλθεν εκ του ναου του εν τω ουρανω εχων και αυτος δρεπανον οξυ
revelation;14;18;και αλλος αγγελος εξηλθεν εκ του θυσιαστηριου εχων εξουσιαν επι του πυρος και εφωνησεν κραυγη μεγαλη τω εχοντι το δρεπανον το οξυ λεγων πεμψον σου το δρεπανον το οξυ και τρυγησον τους βοτρυας της γης οτι ηκμασαν αι σταφυλαι αυτης
revelation;14;19;και εβαλεν ο αγγελος το δρεπανον αυτου εις την γην και ετρυγησεν την αμπελον της γης και εβαλεν εις την ληνον του θυμου του θεου την μεγαλην
revelation;14;20;και επατηθη η ληνος εξω της πολεως και εξηλθεν αιμα εκ της ληνου αχρι των χαλινων των ιππων απο σταδιων χιλιων εξακοσιων
revelation;15;1;και ειδον αλλο σημειον εν τω ουρανω μεγα και θαυμαστον αγγελους επτα εχοντας πληγας επτα τας εσχατας οτι εν αυταις ετελεσθη ο θυμος του θεου
revelation;15;2;και ειδον ως θαλασσαν υαλινην μεμιγμενην πυρι και τους νικωντας εκ του θηριου και εκ της εικονος αυτου και εκ του χαραγματος αυτου εκ του αριθμου του ονοματος αυτου εστωτας επι την θαλασσαν την υαλινην εχοντας κιθαρας του θεου
revelation;15;3;και αδουσιν την ωδην μωσεως δουλου του θεου και την ωδην του αρνιου λεγοντες μεγαλα και θαυμαστα τα εργα σου κυριε ο θεος ο παντοκρατωρ δικαιαι και αληθιναι αι οδοι σου ο βασιλευς των αγιων
revelation;15;4;τις ου μη φοβηθη σε κυριε και δοξαση το ονομα σου οτι μονος οσιος οτι παντα τα εθνη ηξουσιν και προσκυνησουσιν ενωπιον σου οτι τα δικαιωματα σου εφανερωθησαν
revelation;15;5;και μετα ταυτα ειδον και ιδου ηνοιγη ο ναος της σκηνης του μαρτυριου εν τω ουρανω
revelation;15;6;και εξηλθον οι επτα αγγελοι εχοντες τας επτα πληγας εκ του ναου ενδεδυμενοι λινον καθαρον και λαμπρον και περιεζωσμενοι περι τα στηθη ζωνας χρυσας
revelation;15;7;και εν εκ των τεσσαρων ζωων εδωκεν τοις επτα αγγελοις επτα φιαλας χρυσας γεμουσας του θυμου του θεου του ζωντος εις τους αιωνας των αιωνων
revelation;15;8;και εγεμισθη ο ναος καπνου εκ της δοξης του θεου και εκ της δυναμεως αυτου και ουδεις ηδυνατο εισελθειν εις τον ναον αχρι τελεσθωσιν αι επτα πληγαι των επτα αγγελων
revelation;16;1;και ηκουσα φωνης μεγαλης εκ του ναου λεγουσης τοις επτα αγγελοις υπαγετε και εκχεατε τας φιαλας του θυμου του θεου εις την γην
revelation;16;2;και απηλθεν ο πρωτος και εξεχεεν την φιαλην αυτου επι την γην και εγενετο ελκος κακον και πονηρον εις τους ανθρωπους τους εχοντας το χαραγμα του θηριου και τους τη εικονι αυτου προσκυνουντας
revelation;16;3;και ο δευτερος αγγελος εξεχεεν την φιαλην αυτου εις την θαλασσαν και εγενετο αιμα ως νεκρου και πασα ψυχη ζωσα απεθανεν εν τη θαλασση
revelation;16;4;και ο τριτος αγγελος εξεχεεν την φιαλην αυτου εις τους ποταμους και εις τας πηγας των υδατων και εγενετο αιμα
revelation;16;5;και ηκουσα του αγγελου των υδατων λεγοντος δικαιος κυριε ει ο ων και ο ην και ο οτι ταυτα εκρινας
revelation;16;6;οτι αιμα αγιων και προφητων εξεχεαν και αιμα αυτοις εδωκας πιειν αξιοι γαρ εισιν
revelation;16;7;και ηκουσα αλλου εκ του θυσιαστηριου λεγοντος ναι κυριε ο θεος ο παντοκρατωρ αληθιναι και δικαιαι αι κρισεις σου
revelation;16;8;και ο τεταρτος αγγελος εξεχεεν την φιαλην αυτου επι τον ηλιον και εδοθη αυτω καυματισαι τους ανθρωπους εν πυρι
revelation;16;9;και εκαυματισθησαν οι ανθρωποι καυμα μεγα και εβλασφημησαν το ονομα του θεου του εχοντος εξουσιαν επι τας πληγας ταυτας και ου μετενοησαν δουναι αυτω δοξαν
revelation;16;10;και ο πεμπτος αγγελος εξεχεεν την φιαλην αυτου επι τον θρονον του θηριου και εγενετο η βασιλεια αυτου εσκοτωμενη και εμασσωντο τας γλωσσας αυτων εκ του πονου
revelation;16;11;και εβλασφημησαν τον θεον του ουρανου εκ των πονων αυτων και εκ των ελκων αυτων και ου μετενοησαν εκ των εργων αυτων
revelation;16;12;και ο εκτος αγγελος εξεχεεν την φιαλην αυτου επι τον ποταμον τον μεγαν τον ευφρατην και εξηρανθη το υδωρ αυτου ινα ετοιμασθη η οδος των βασιλεων των απο ανατολων ηλιου
revelation;16;13;και ειδον εκ του στοματος του δρακοντος και εκ του στοματος του θηριου και εκ του στοματος του ψευδοπροφητου πνευματα τρια ακαθαρτα ομοια βατραχοις
revelation;16;14;εισιν γαρ πνευματα δαιμονων ποιουντα σημεια επι τους βασιλεις της γης και της οικουμενης ολης συναγαγειν αυτους εις πολεμον της ημερας εκεινης της μεγαλης του θεου του παντοκρατορος
revelation;16;15;ιδου ερχομαι ως κλεπτης μακαριος ο γρηγορων και τηρων τα ιματια αυτου ινα μη γυμνος περιπατη και βλεπωσιν την ασχημοσυνην αυτου
revelation;16;16;και συνηγαγεν αυτους εις τον τοπον τον καλουμενον εβραιστι αρμαγεδδων
revelation;16;17;και ο εβδομος αγγελος εξεχεεν την φιαλην αυτου εις τον αερα και εξηλθεν φωνη μεγαλη απο του ναου του ουρανου απο του θρονου λεγουσα γεγονεν
revelation;16;18;και εγενοντο φωναι και βρονται και αστραπαι και σεισμος εγενετο μεγας οιος ουκ εγενετο αφ ου οι ανθρωποι εγενοντο επι της γης τηλικουτος σεισμος ουτως μεγας
revelation;16;19;και εγενετο η πολις η μεγαλη εις τρια μερη και αι πολεις των εθνων επεσον και βαβυλων η μεγαλη εμνησθη ενωπιον του θεου δουναι αυτη το ποτηριον του οινου του θυμου της οργης αυτου
revelation;16;20;και πασα νησος εφυγεν και ορη ουχ ευρεθησαν
revelation;16;21;και χαλαζα μεγαλη ως ταλαντιαια καταβαινει εκ του ουρανου επι τους ανθρωπους και εβλασφημησαν οι ανθρωποι τον θεον εκ της πληγης της χαλαζης οτι μεγαλη εστιν η πληγη αυτης σφοδρα
revelation;17;1;και ηλθεν εις εκ των επτα αγγελων των εχοντων τας επτα φιαλας και ελαλησεν μετ εμου λεγων μοι δευρο δειξω σοι το κριμα της πορνης της μεγαλης της καθημενης επι των υδατων των πολλων
revelation;17;2;μεθ ης επορνευσαν οι βασιλεις της γης και εμεθυσθησαν εκ του οινου της πορνειας αυτης οι κατοικουντες την γην
revelation;17;3;και απηνεγκεν με εις ερημον εν πνευματι και ειδον γυναικα καθημενην επι θηριον κοκκινον γεμον ονοματων βλασφημιας εχον κεφαλας επτα και κερατα δεκα
revelation;17;4;και η γυνη περιβεβλημενη πορφυρα και κοκκινω και κεχρυσωμενη χρυσω και λιθω τιμιω και μαργαριταις εχουσα χρυσουν ποτηριον εν τη χειρι αυτης γεμον βδελυγματων και ακαθαρτητος πορνειας αυτης
revelation;17;5;και επι το μετωπον αυτης ονομα γεγραμμενον μυστηριον βαβυλων η μεγαλη η μητηρ των πορνων και των βδελυγματων της γης
revelation;17;6;και ειδον την γυναικα μεθυουσαν εκ του αιματος των αγιων και εκ του αιματος των μαρτυρων ιησου και εθαυμασα ιδων αυτην θαυμα μεγα
revelation;17;7;και ειπεν μοι ο αγγελος δια τι εθαυμασας εγω σοι ερω το μυστηριον της γυναικος και του θηριου του βασταζοντος αυτην του εχοντος τας επτα κεφαλας και τα δεκα κερατα
revelation;17;8;{VA
revelation;2: το } θηριον ο ειδες ην και ουκ εστιν και μελλει αναβαινειν εκ της αβυσσου και εις απωλειαν υπαγειν και θαυμασονται οι κατοικουντες επι της γης ων ου γεγραπται τα ονοματα επι το βιβλιον της ζωης απο καταβολης κοσμου βλεποντες το θηριον ο τι ην και ουκ εστιν καιπερ εστιν
revelation;17;9;ωδε ο νους ο εχων σοφιαν αι επτα κεφαλαι ορη εισιν επτα οπου η γυνη καθηται επ αυτων
revelation;17;10;και βασιλεις επτα εισιν οι πεντε επεσαν και ο εις εστιν ο αλλος ουπω ηλθεν και οταν ελθη ολιγον αυτον δει μειναι
revelation;17;11;και το θηριον ο ην και ουκ εστιν και αυτος ογδοος εστιν και εκ των επτα εστιν και εις απωλειαν υπαγει
revelation;17;12;και τα δεκα κερατα α ειδες δεκα βασιλεις εισιν οιτινες βασιλειαν ουπω ελαβον αλλ εξουσιαν ως βασιλεις μιαν ωραν λαμβανουσιν μετα του θηριου
revelation;17;13;ουτοι μιαν γνωμην εχουσιν και την δυναμιν και την εξουσιαν εαυτων τω θηριω διαδιδωσουσιν
revelation;17;14;ουτοι μετα του αρνιου πολεμησουσιν και το αρνιον νικησει αυτους οτι κυριος κυριων εστιν και βασιλευς βασιλεων και οι μετ αυτου κλητοι και εκλεκτοι και πιστοι
revelation;17;15;και λεγει μοι τα υδατα α ειδες ου η πορνη καθηται λαοι και οχλοι εισιν και εθνη και γλωσσαι
revelation;17;16;και τα δεκα κερατα α ειδες επι το θηριον ουτοι μισησουσιν την πορνην και ηρημωμενην ποιησουσιν αυτην και γυμνην και τας σαρκας αυτης φαγονται και αυτην κατακαυσουσιν εν πυρι
revelation;17;17;ο γαρ θεος εδωκεν εις τας καρδιας αυτων ποιησαι την γνωμην αυτου και ποιησαι μιαν γνωμην και δουναι την βασιλειαν αυτων τω θηριω αχρι τελεσθη τα ρηματα του θεου
revelation;17;18;και η γυνη ην ειδες εστιν η πολις η μεγαλη η εχουσα βασιλειαν επι των βασιλεων της γης
revelation;18;1;και μετα ταυτα ειδον αγγελον καταβαινοντα εκ του ουρανου εχοντα εξουσιαν μεγαλην και η γη εφωτισθη εκ της δοξης αυτου
revelation;18;2;και εκραξεν εν ισχυι φωνη μεγαλη λεγων επεσεν επεσεν βαβυλων η μεγαλη και εγενετο κατοικητηριον δαιμονων και φυλακη παντος πνευματος ακαθαρτου και φυλακη παντος ορνεου ακαθαρτου και μεμισημενου
revelation;18;3;οτι εκ του οινου του θυμου της πορνειας αυτης πεπωκεν παντα τα εθνη και οι βασιλεις της γης μετ αυτης επορνευσαν και οι εμποροι της γης εκ της δυναμεως του στρηνους αυτης επλουτησαν
revelation;18;4;και ηκουσα αλλην φωνην εκ του ουρανου λεγουσαν εξελθετε εξ αυτης ο λαος μου ινα μη συγκοινωνησητε ταις αμαρτιαις αυτης και ινα μη λαβητε εκ των πληγων αυτης
revelation;18;5;οτι αυτης αι αμαρτιαι αχρι του ουρανου και εμνημονευσεν ο θεος τα αδικηματα αυτης
revelation;18;6;αποδοτε αυτη ως και αυτη απεδωκεν υμιν και διπλωσατε αυτη διπλα κατα τα εργα αυτης εν τω ποτηριω ω εκερασεν κερασατε αυτη διπλουν
revelation;18;7;οσα εδοξασεν εαυτην και εστρηνιασεν τοσουτον δοτε αυτη βασανισμον και πενθος οτι εν τη καρδια αυτης λεγει καθημαι βασιλισσα και χηρα ουκ ειμι και πενθος ου μη ιδω
revelation;18;8;δια τουτο εν μια ημερα ηξουσιν αι πληγαι αυτης θανατος και πενθος και λιμος και εν πυρι κατακαυθησεται οτι ισχυρος κυριος ο θεος ο κρινων αυτην
revelation;18;9;και κλαυσονται αυτην και κοψονται επ αυτη οι βασιλεις της γης οι μετ αυτης πορνευσαντες και στρηνιασαντες οταν βλεπωσιν τον καπνον της πυρωσεως αυτης
revelation;18;10;απο μακροθεν εστηκοτες δια τον φοβον του βασανισμου αυτης λεγοντες ουαι ουαι η πολις η μεγαλη βαβυλων η πολις η ισχυρα οτι εν μια ωρα ηλθεν η κρισις σου
revelation;18;11;και οι εμποροι της γης κλαιουσιν και πενθουσιν επ αυτη οτι τον γομον αυτων ουδεις αγοραζει ουκετι
revelation;18;12;γομον χρυσου και αργυρου και λιθου τιμιου και μαργαριτου και βυσσου και πορφυρας και σηρικου και κοκκινου και παν ξυλον θυινον και παν σκευος ελεφαντινον και παν σκευος εκ ξυλου τιμιωτατου και χαλκου και σιδηρου και μαρμαρου
revelation;18;13;και κιναμωμον και θυμιαματα και μυρον και λιβανον και οινον και ελαιον και σεμιδαλιν και σιτον και κτηνη και προβατα και ιππων και ρεδων και σωματων και ψυχας ανθρωπων
revelation;18;14;και η οπωρα της επιθυμιας της ψυχης σου απηλθεν απο σου και παντα τα λιπαρα και τα λαμπρα απηλθεν απο σου και ουκετι ου μη ευρησης αυτα
revelation;18;15;οι εμποροι τουτων οι πλουτησαντες απ αυτης απο μακροθεν στησονται δια τον φοβον του βασανισμου αυτης κλαιοντες και πενθουντες
revelation;18;16;και λεγοντες ουαι ουαι η πολις η μεγαλη η περιβεβλημενη βυσσινον και πορφυρουν και κοκκινον και κεχρυσωμενη εν χρυσω και λιθω τιμιω και μαργαριταις
revelation;18;17;οτι μια ωρα ηρημωθη ο τοσουτος πλουτος και πας κυβερνητης και πας επι των πλοιων ο ομιλος και ναυται και οσοι την θαλασσαν εργαζονται απο μακροθεν εστησαν
revelation;18;18;και εκραζον ορωντες τον καπνον της πυρωσεως αυτης λεγοντες τις ομοια τη πολει τη μεγαλη
revelation;18;19;και εβαλον χουν επι τας κεφαλας αυτων και εκραζον κλαιοντες και πενθουντες λεγοντες ουαι ουαι η πολις η μεγαλη εν η επλουτησαν παντες οι εχοντες πλοια εν τη θαλασση εκ της τιμιοτητος αυτης οτι μια ωρα ηρημωθη
revelation;18;20;ευφραινου επ αυτην ουρανε και οι αγιοι αποστολοι και οι προφηται οτι εκρινεν ο θεος το κριμα υμων εξ αυτης
revelation;18;21;και ηρεν εις αγγελος ισχυρος λιθον ως μυλον μεγαν και εβαλεν εις την θαλασσαν λεγων ουτως ορμηματι βληθησεται βαβυλων η μεγαλη πολις και ου μη ευρεθη ετι
revelation;18;22;και φωνη κιθαρωδων και μουσικων και αυλητων και σαλπιστων ου μη ακουσθη εν σοι ετι και πας τεχνιτης πασης τεχνης ου μη ευρεθη εν σοι ετι και φωνη μυλου ου μη ακουσθη εν σοι ετι
revelation;18;23;και φως λυχνου ου μη φανη εν σοι ετι και φωνη νυμφιου και νυμφης ου μη ακουσθη εν σοι ετι οτι οι εμποροι σου ησαν οι μεγιστανες της γης οτι εν τη φαρμακεια σου επλανηθησαν παντα τα εθνη
revelation;18;24;και εν αυτη αιμα προφητων και αγιων ευρεθη και παντων των εσφαγμενων επι της γης
revelation;19;1;και μετα ταυτα ηκουσα φωνην οχλου πολλου μεγαλην εν τω ουρανω λεγοντος αλληλουια η σωτηρια και η δοξα και η τιμη και η δυναμις κυριω τω θεω ημων
revelation;19;2;οτι αληθιναι και δικαιαι αι κρισεις αυτου οτι εκρινεν την πορνην την μεγαλην ητις εφθειρεν την γην εν τη πορνεια αυτης και εξεδικησεν το αιμα των δουλων αυτου εκ της χειρος αυτης
revelation;19;3;και δευτερον ειρηκαν αλληλουια και ο καπνος αυτης αναβαινει εις τους αιωνας των αιωνων
revelation;19;4;και επεσαν οι πρεσβυτεροι οι εικοσι και τεσσαρες και τα τεσσαρα ζωα και προσεκυνησαν τω θεω τω καθημενω επι του θρονου λεγοντες αμην αλληλουια
revelation;19;5;και φωνη εκ του θρονου εξηλθεν λεγουσα αινειτε τον θεον ημων παντες οι δουλοι αυτου και οι φοβουμενοι αυτον και οι μικροι και οι μεγαλοι
revelation;19;6;και ηκουσα ως φωνην οχλου πολλου και ως φωνην υδατων πολλων και ως φωνην βροντων ισχυρων λεγοντας αλληλουια οτι εβασιλευσεν κυριος ο θεος ο παντοκρατωρ
revelation;19;7;χαιρωμεν και αγαλλιωμεθα και δωμεν την δοξαν αυτω οτι ηλθεν ο γαμος του αρνιου και η γυνη αυτου ητοιμασεν εαυτην
revelation;19;8;και εδοθη αυτη ινα περιβαληται βυσσινον καθαρον και λαμπρον το γαρ βυσσινον τα δικαιωματα εστιν των αγιων
revelation;19;9;και λεγει μοι γραψον μακαριοι οι εις το δειπνον του γαμου του αρνιου κεκλημενοι και λεγει μοι ουτοι οι λογοι αληθινοι εισιν του θεου
revelation;19;10;και επεσον εμπροσθεν των ποδων αυτου προσκυνησαι αυτω και λεγει μοι ορα μη συνδουλος σου ειμι και των αδελφων σου των εχοντων την μαρτυριαν του ιησου τω θεω προσκυνησον η γαρ μαρτυρια του ιησου εστιν το πνευμα της προφητειας
revelation;19;11;και ειδον τον ουρανον ανεωγμενον και ιδου ιππος λευκος και ο καθημενος επ αυτον καλουμενος πιστος και αληθινος και εν δικαιοσυνη κρινει και πολεμει
revelation;19;12;οι δε οφθαλμοι αυτου ως φλοξ πυρος και επι την κεφαλην αυτου διαδηματα πολλα εχων ονομα γεγραμμενον ο ουδεις οιδεν ει μη αυτος
revelation;19;13;και περιβεβλημενος ιματιον βεβαμμενον αιματι και καλειται το ονομα αυτου ο λογος του θεου
revelation;19;14;και τα στρατευματα εν τω ουρανω ηκολουθει αυτω εφ ιπποις λευκοις ενδεδυμενοι βυσσινον λευκον και καθαρον
revelation;19;15;και εκ του στοματος αυτου εκπορευεται ρομφαια οξεια ινα εν αυτη πατασση τα εθνη και αυτος ποιμανει αυτους εν ραβδω σιδηρα και αυτος πατει την ληνον του οινου του θυμου και της οργης του θεου του παντοκρατορος
revelation;19;16;και εχει επι το ιματιον και επι τον μηρον γεγραμμενον βασιλευς βασιλεων και κυριος κυριων
revelation;19;17;και ειδον ενα αγγελον εστωτα εν τω ηλιω και εκραξεν φωνη μεγαλη λεγων πασιν τοις ορνεοις τοις πετωμενοις εν μεσουρανηματι δευτε και συναγεσθε εις το δειπνον του μεγαλου θεου
revelation;19;18;ινα φαγητε σαρκας βασιλεων και σαρκας χιλιαρχων και σαρκας ισχυρων και σαρκας ιππων και των καθημενων επ αυτων και σαρκας παντων ελευθερων και δουλων και μικρων και μεγαλων
revelation;19;19;και ειδον το θηριον και τους βασιλεις της γης και τα στρατευματα αυτων συνηγμενα ποιησαι πολεμον μετα του καθημενου επι του ιππου και μετα του στρατευματος αυτου
revelation;19;20;και επιασθη το θηριον και μετα τουτου ο ψευδοπροφητης ο ποιησας τα σημεια ενωπιον αυτου εν οις επλανησεν τους λαβοντας το χαραγμα του θηριου και τους προσκυνουντας τη εικονι αυτου ζωντες εβληθησαν οι δυο εις την λιμνην του πυρος την καιομενην εν τω θειω
revelation;19;21;και οι λοιποι απεκτανθησαν εν τη ρομφαια του καθημενου επι του ιππου τη εκπορευομενη εκ του στοματος αυτου και παντα τα ορνεα εχορτασθησαν εκ των σαρκων αυτων
revelation;20;1;και ειδον αγγελον καταβαινοντα εκ του ουρανου εχοντα την κλειδα της αβυσσου και αλυσιν μεγαλην επι την χειρα αυτου
revelation;20;2;και εκρατησεν τον δρακοντα τον οφιν τον αρχαιον ος εστιν διαβολος και σατανας και εδησεν αυτον χιλια ετη
revelation;20;3;και εβαλεν αυτον εις την αβυσσον και εκλεισεν αυτον και εσφραγισεν επανω αυτου ινα μη πλανηση τα εθνη ετι αχρι τελεσθη τα χιλια ετη και μετα ταυτα δει αυτον λυθηναι μικρον χρονον
revelation;20;4;και ειδον θρονους και εκαθισαν επ αυτους και κριμα εδοθη αυτοις και τας ψυχας των πεπελεκισμενων δια την μαρτυριαν ιησου και δια τον λογον του θεου και οιτινες ου προσεκυνησαν τω θηριω ουτε την εικονα αυτου και ουκ ελαβον το χαραγμα επι το μετωπον αυτων και επι την χειρα αυτων και εζησαν και εβασιλευσαν μετα χριστου χιλια ετη
revelation;20;5;οι δε λοιποι των νεκρων ουκ ανεζησαν εως τελεσθη τα χιλια ετη αυτη η αναστασις η πρωτη
revelation;20;6;μακαριος και αγιος ο εχων μερος εν τη αναστασει τη πρωτη επι τουτων ο θανατος ο δευτερος ουκ εχει εξουσιαν αλλ εσονται ιερεις του θεου και του χριστου και βασιλευσουσιν μετ αυτου χιλια ετη
revelation;20;7;και οταν τελεσθη τα χιλια ετη λυθησεται ο σατανας εκ της φυλακης αυτου
revelation;20;8;και εξελευσεται πλανησαι τα εθνη τα εν ταις τεσσαρσιν γωνιαις της γης τον γωγ και τον μαγωγ συναγαγειν αυτους εις πολεμον ων ο αριθμος ως η αμμος της θαλασσης
revelation;20;9;και ανεβησαν επι το πλατος της γης και εκυκλωσαν την παρεμβολην των αγιων και την πολιν την ηγαπημενην και κατεβη πυρ απο του θεου εκ του ουρανου και κατεφαγεν αυτους
revelation;20;10;και ο διαβολος ο πλανων αυτους εβληθη εις την λιμνην του πυρος και θειου οπου το θηριον και ο ψευδοπροφητης και βασανισθησονται ημερας και νυκτος εις τους αιωνας των αιωνων
revelation;20;11;και ειδον θρονον λευκον μεγαν και τον καθημενον επ αυτου ου απο προσωπου εφυγεν η γη και ο ουρανος και τοπος ουχ ευρεθη αυτοις
revelation;20;12;και ειδον τους νεκρους μικρους και μεγαλους εστωτας ενωπιον του θεου και βιβλια ηνεωχθησαν και βιβλιον αλλο ηνεωχθη ο εστιν της ζωης και εκριθησαν οι νεκροι εκ των γεγραμμενων εν τοις βιβλιοις κατα τα εργα αυτων
revelation;20;13;και εδωκεν η θαλασσα τους εν αυτη νεκρους και ο θανατος και ο αδης εδωκαν τους εν αυτοις νεκρους και εκριθησαν εκαστος κατα τα εργα αυτων
revelation;20;14;και ο θανατος και ο αδης εβληθησαν εις την λιμνην του πυρος ουτος εστιν ο δευτερος θανατος
revelation;20;15;και ει τις ουχ ευρεθη εν τη βιβλω της ζωης γεγραμμενος εβληθη εις την λιμνην του πυρος
revelation;21;1;και ειδον ουρανον καινον και γην καινην ο γαρ πρωτος ουρανος και η πρωτη γη παρηλθεν και η θαλασσα ουκ εστιν ετι
revelation;21;2;και εγω ιωαννης ειδον την πολιν την αγιαν ιερουσαλημ καινην καταβαινουσαν απο του θεου εκ του ουρανου ητοιμασμενην ως νυμφην κεκοσμημενην τω ανδρι αυτης
revelation;21;3;και ηκουσα φωνης μεγαλης εκ του ουρανου λεγουσης ιδου η σκηνη του θεου μετα των ανθρωπων και σκηνωσει μετ αυτων και αυτοι λαοι αυτου εσονται και αυτος ο θεος εσται μετ αυτων θεος αυτων
revelation;21;4;και εξαλειψει ο θεος παν δακρυον απο των οφθαλμων αυτων και ο θανατος ουκ εσται ετι ουτε πενθος ουτε κραυγη ουτε πονος ουκ εσται ετι οτι τα πρωτα απηλθον
revelation;21;5;και ειπεν ο καθημενος επι του θρονου ιδου καινα παντα ποιω και λεγει μοι γραψον οτι ουτοι οι λογοι αληθινοι και πιστοι εισιν
revelation;21;6;και ειπεν μοι γεγονεν εγω ειμι το α και το ω η αρχη και το τελος εγω τω διψωντι δωσω εκ της πηγης του υδατος της ζωης δωρεαν
revelation;21;7;ο νικων κληρονομησει παντα και εσομαι αυτω θεος και αυτος εσται μοι ο υιος
revelation;21;8;δειλοις δε και απιστοις και εβδελυγμενοις και φονευσιν και πορνοις και φαρμακευσιν και ειδωλολατραις και πασιν τοις ψευδεσιν το μερος αυτων εν τη λιμνη τη καιομενη πυρι και θειω ο εστιν δευτερος θανατος
revelation;21;9;και ηλθεν προς με εις των επτα αγγελων των εχοντων τας επτα φιαλας τας γεμουσας των επτα πληγων των εσχατων και ελαλησεν μετ εμου λεγων δευρο δειξω σοι την νυμφην του αρνιου την γυναικα
revelation;21;10;και απηνεγκεν με εν πνευματι επ ορος μεγα και υψηλον και εδειξεν μοι την πολιν την μεγαλην την αγιαν ιερουσαλημ καταβαινουσαν εκ του ουρανου απο του θεου
revelation;21;11;εχουσαν την δοξαν του θεου και ο φωστηρ αυτης ομοιος λιθω τιμιωτατω ως λιθω ιασπιδι κρυσταλλιζοντι
revelation;21;12;εχουσαν τε τειχος μεγα και υψηλον εχουσαν πυλωνας δωδεκα και επι τοις πυλωσιν αγγελους δωδεκα και ονοματα επιγεγραμμενα α εστιν των δωδεκα φυλων των υιων ισραηλ
revelation;21;13;απ ανατολης πυλωνες τρεις απο βορρα πυλωνες τρεις απο νοτου πυλωνες τρεις απο δυσμων πυλωνες τρεις
revelation;21;14;και το τειχος της πολεως εχον θεμελιους δωδεκα και εν αυτοις ονοματα των δωδεκα αποστολων του αρνιου
revelation;21;15;και ο λαλων μετ εμου ειχεν καλαμον χρυσουν ινα μετρηση την πολιν και τους πυλωνας αυτης και το τειχος αυτης
revelation;21;16;και η πολις τετραγωνος κειται και το μηκος αυτης τοσουτον εστιν οσον και το πλατος και εμετρησεν την πολιν τω καλαμω επι σταδιων δωδεκα χιλιαδων το μηκος και το πλατος και το υψος αυτης ισα εστιν
revelation;21;17;και εμετρησεν το τειχος αυτης εκατον τεσσαρακοντα τεσσαρων πηχων μετρον ανθρωπου ο εστιν αγγελου
revelation;21;18;και ην η ενδομησις του τειχους αυτης ιασπις και η πολις χρυσιον καθαρον ομοια υαλω καθαρω
revelation;21;19;και οι θεμελιοι του τειχους της πολεως παντι λιθω τιμιω κεκοσμημενοι ο θεμελιος ο πρωτος ιασπις ο δευτερος σαπφειρος ο τριτος χαλκηδων ο τεταρτος σμαραγδος
revelation;21;20;ο πεμπτος σαρδονυξ ο εκτος σαρδιος ο εβδομος χρυσολιθος ο ογδοος βηρυλλος ο τοπαζιον ο δεκατος χρυσοπρασος ο ενδεκατος υακινθος ο δωδεκατος αμεθυστος
revelation;21;21;και οι δωδεκα πυλωνες δωδεκα μαργαριται ανα εις εκαστος των πυλωνων ην εξ ενος μαργαριτου και η πλατεια της πολεως χρυσιον καθαρον ως υαλος διαφανης
revelation;21;22;και ναον ουκ ειδον εν αυτη ο γαρ κυριος ο θεος ο παντοκρατωρ ναος αυτης εστιν και το αρνιον
revelation;21;23;και η πολις ου χρειαν εχει του ηλιου ουδε της σεληνης ινα φαινωσιν εν αυτη η γαρ δοξα του θεου εφωτισεν αυτην και ο λυχνος αυτης το αρνιον
revelation;21;24;και τα εθνη των σωζομενων εν τω φωτι αυτης περιπατησουσιν και οι βασιλεις της γης φερουσιν την δοξαν και την τιμην αυτων εις αυτην
revelation;21;25;και οι πυλωνες αυτης ου μη κλεισθωσιν ημερας νυξ γαρ ουκ εσται εκει
revelation;21;26;και οισουσιν την δοξαν και την τιμην των εθνων εις αυτην
revelation;21;27;και ου μη εισελθη εις αυτην παν κοινουν και ποιουν βδελυγμα και ψευδος ει μη οι γεγραμμενοι εν τω βιβλιω της ζωης του αρνιου
revelation;22;1;και εδειξεν μοι καθαρον ποταμον υδατος ζωης λαμπρον ως κρυσταλλον εκπορευομενον εκ του θρονου του θεου και του αρνιου
revelation;22;2;εν μεσω της πλατειας αυτης και του ποταμου εντευθεν και εντευθεν ξυλον ζωης ποιουν καρπους δωδεκα κατα μηνα ενα εκαστον αποδιδουν τον καρπον αυτου και τα φυλλα του ξυλου εις θεραπειαν των εθνων
revelation;22;3;και παν καταναθεμα ουκ εσται ετι και ο θρονος του θεου και του αρνιου εν αυτη εσται και οι δουλοι αυτου λατρευσουσιν αυτω
revelation;22;4;και οψονται το προσωπον αυτου και το ονομα αυτου επι των μετωπων αυτων
revelation;22;5;και νυξ ουκ εσται εκει και χρειαν ουκ εχουσιν λυχνου και φωτος ηλιου οτι κυριος ο θεος φωτιζει αυτους και βασιλευσουσιν εις τους αιωνας των αιωνων
revelation;22;6;και ειπεν μοι ουτοι οι λογοι πιστοι και αληθινοι και κυριος ο θεος των αγιων προφητων απεστειλεν τον αγγελον αυτου δειξαι τοις δουλοις αυτου α δει γενεσθαι εν ταχει
revelation;22;7;ιδου ερχομαι ταχυ μακαριος ο τηρων τους λογους της προφητειας του βιβλιου τουτου
revelation;22;8;και εγω ιωαννης ο βλεπων ταυτα και ακουων και οτε ηκουσα και εβλεψα επεσα προσκυνησαι εμπροσθεν των ποδων του αγγελου του δεικνυοντος μοι ταυτα
revelation;22;9;και λεγει μοι ορα μη συνδουλος σου γαρ ειμι και των αδελφων σου των προφητων και των τηρουντων τους λογους του βιβλιου τουτου τω θεω προσκυνησον
revelation;22;10;και λεγει μοι μη σφραγισης τους λογους της προφητειας του βιβλιου τουτου οτι ο καιρος εγγυς εστιν
revelation;22;11;ο αδικων αδικησατω ετι και ο ρυπων ρυπωσατω ετι και ο δικαιος δικαιωθητω ετι και ο αγιος αγιασθητω ετι
revelation;22;12;και ιδου ερχομαι ταχυ και ο μισθος μου μετ εμου αποδουναι εκαστω ως το εργον αυτου εσται
revelation;22;13;εγω ειμι το α και το ω αρχη και τελος ο πρωτος και ο εσχατος
revelation;22;14;μακαριοι οι ποιουντες τας εντολας αυτου ινα εσται η εξουσια αυτων επι το ξυλον της ζωης και τοις πυλωσιν εισελθωσιν εις την πολιν
revelation;22;15;εξω δε οι κυνες και οι φαρμακοι και οι πορνοι και οι φονεις και οι ειδωλολατραι και πας ο φιλων και ποιων ψευδος
revelation;22;16;εγω ιησους επεμψα τον αγγελον μου μαρτυρησαι υμιν ταυτα επι ταις εκκλησιαις εγω ειμι η ριζα και το γενος του δαβιδ ο αστηρ ο λαμπρος και ορθρινος
revelation;22;17;και το πνευμα και η νυμφη λεγουσιν ελθε και ο ακουων ειπατω ελθε και ο διψων ελθετω και ο θελων λαμβανετω το υδωρ ζωης δωρεαν
revelation;22;18;συμμαρτυρουμαι γαρ παντι ακουοντι τους λογους της προφητειας του βιβλιου τουτου εαν τις επιτιθη προς ταυτα επιθησει ο θεος επ αυτον τας πληγας τας γεγραμμενας εν βιβλιω τουτω
revelation;22;19;και εαν τις αφαιρη απο των λογων βιβλου της προφητειας ταυτης αφαιρησει ο θεος το μερος αυτου απο βιβλου της ζωης και εκ της πολεως της αγιας και των γεγραμμενων εν βιβλιω τουτω
revelation;22;20;λεγει ο μαρτυρων ταυτα ναι ερχομαι ταχυ αμην ναι ερχου κυριε ιησου
revelation;22;21;η χαρις του κυριου ημων ιησου χριστου μετα παντων υμων αμην